1.5234467876869533,1.5898691845321102,0.17619919794000344,0.19121224451031782,0.5156734279978474,1.0
2.1599351414193344,1.1224783257905213,0.22235315780926873,-0.34259636661064263,0.5468145619411523,1.0
1.7321656032288173,1.4039878234223289,0.2023721675969887,0.0033019303948789713,0.5275631045753709,1.0
1.3962845069825174,1.5740014397819688,0.3747743362041668,0.01996458526182568,0.512733672850459,1.0
0.9503436822093692,1.9883260690575042,0.26052862038354707,0.4832752369207344,0.4939430212169061,1.0
0.8279315930394453,2.0558425734961148,0.2857317195775745,0.6298954371031805,0.4920401523858721,1.0
1.4490254868387162,0.8311685688164783,0.057714497724275865,0.5459929831313506,0.6107623333969356,1.0
1.8979501235835166,1.6241612875176226,0.3154131997063039,-0.35105393580168054,0.5021446259543787,1.0
3.2043907183346723,0.46625305140280404,0.33225240865898525,-0.7270839526031662,0.43533106973324864,1.0
1.522750055426426,1.579190764398382,0.3328481048304097,-0.03099031051223991,0.5108360922100056,1.0
1.8359202945664783,2.022017166178178,0.23220353432170285,-0.13501104142166542,0.480791254661732,1.0
0.8033249941353466,2.2500768638520325,0.3065502263560522,0.6019209654340916,0.48232086579671046,1.0
2.797275898951407,1.6073087515139295,0.09474204583444283,-0.790247711133691,0.49321378060660187,1.0
2.7316951929999624,1.0644929116065969,0.04466613182934389,-0.39567108322176264,0.5528053688779303,1.0
1.2202572088172015,2.219174241513868,0.11656570461863591,0.5992697250865384,0.48419233279999485,1.0
2.246198699558498,1.9712362063684974,0.4160018935933103,-0.9914267216102253,0.46769738343685624,1.0
3.166056143183553,0.5164942665756403,0.4576228323535531,-0.7590828831650448,0.4502943352312069,1.0
2.4657752601938223,1.0931614306092126,0.08894491425168562,-0.2633069982863887,0.5514938044219553,1.0
3.5368759743692886,0.35775480218682193,0.034546704886592484,-0.45125335623550544,0.7192408004712737,1.0
3.129110654404623,0.16553400835716078,0.308759190701885,-0.3856161368873971,0.3311485212282425,1.0
0.8271460556514854,1.0249926528735696,0.2854264044259357,0.6139263344979423,0.5803710423463035,1.0
2.177161842580329,1.9464485174770814,0.18325948291385535,-0.38768029332969733,0.4809784204353081,1.0
2.9813881776546713,0.8135404329742215,0.2245026244274635,-0.7738722395505053,0.5550467746970106,1.0
1.8889092244215269,2.6749704756779176,0.41672025214354846,-0.5532482242038659,0.4468287212662068,1.0
1.6219945644279257,1.68618966791523,0.3097240199834199,-0.054195902287676345,0.5018272072321667,1.0
1.80835507323332,1.3047962327779836,0.019824018453294248,0.3618353285272688,0.5426004055842502,1.0
1.7884920217799432,1.1735845765286623,0.1206449915875682,0.13419638251267965,0.5532326310853841,1.0
2.2368537758340237,2.1417134016211663,0.37477499964544714,-0.9466358834271354,0.46073395260036704,1.0
1.043399531273654,1.0661247156423035,0.19290466181378477,0.5620840623930548,0.5745808240364472,1.0
1.548478945483316,1.4819640067600037,0.4169401035597891,-0.11448473516577662,0.518003266922767,1.0
3.2893001669279704,0.41699271752367534,0.26773010547796516,-0.6886875236532608,0.6911570589989418,1.0
2.0880727959911725,1.725211682490706,0.44622214793968024,-0.7479101823614173,0.4855706931632647,1.0
3.46515816548356,0.6430750584307972,0.17987127029851419,-0.8416317822659494,0.4829679038211344,1.0
2.460824709979988,1.4897542484610817,0.15915143846893767,-0.5767072486074183,0.5084301556600258,1.0
1.4090374017300307,1.300006568633298,0.05935716160263518,0.6122329115889324,0.5474341355508514,1.0
1.7688108327842256,1.396332153404455,0.16046063624573245,0.052237694875150065,0.5290763193555268,1.0
3.0183519348218226,0.6775025638430388,0.3650618233962566,-0.7508143584659942,0.6158908472743931,1.0
1.396259540560483,0.8002140530507229,0.05973057098071722,0.6070242588045048,0.6177730782898023,1.0
1.9229779189452572,1.9239584482948362,0.44887774699191874,-0.574898724216069,0.4779681876769277,1.0
2.878504938967605,0.6749165703008794,0.040191150531504405,-0.3183196954602101,0.6136736973574077,1.0
1.042454738758977,0.9189931851109401,0.2365791963548698,0.4962208297880109,0.5958996455189578,1.0
2.2550161405816547,2.273620745557611,0.35636415466730226,-0.9535617660853926,0.4555348607365976,1.0
0.8935813838940319,1.0059823817025633,0.3273429240131556,0.464115498129929,0.5800063109890121,1.0
2.182644065547984,1.7927310077761565,0.20237108945904647,-0.4192557323237097,0.48879856086312173,1.0
1.9019037705624744,1.1314366038046293,0.2608500984179156,-0.1960327678185207,0.5498395607412957,1.0
2.510468654840478,1.9057196461177237,0.17032712389311666,-0.741514920821518,0.47803123713051554,1.0
3.309392091122539,0.42499665351269766,0.4938803287215944,-0.8256617467993564,0.6831948570902284,1.0
1.158071483617005,2.7035957854788095,0.13863178144599447,0.5870562622790849,0.4646317200873921,1.0
1.5435947238491756,0.10719572301517663,0.013640924556205256,0.671110066833033,0.8754728300530671,1.0
2.427859411007605,1.6458515948152725,0.21450837770094186,-0.7392829331808008,0.49225781500078064,1.0
3.1910554964404256,0.18574033245879307,0.2453884008746003,-0.36349288534418633,0.40326322268789583,1.0
0.9704492578589486,1.18564572883616,0.23444039383742668,0.5361247079255489,0.5592047289794683,1.0
1.4950945538206328,1.138159609863868,0.1629053426694577,0.279757590249772,0.5593216954799317,1.0
0.8015038053136413,2.788108942116456,0.43376431049598513,0.4010316726690108,0.4588162548558055,1.0
1.4241927956267793,1.1673858473087766,0.048595331692911026,0.6316978006197068,0.5629043962155391,1.0
1.6582616236381904,2.1849682290275143,0.3455473367522613,0.8699236251958263,0.488153285041229,1.0
4.880935276092661,0.27100881339656796,0.010738716016972858,-0.9689284639360141,0.743145588296374,1.0
0.7328871045205847,0.7627813708461199,0.3626227601088997,0.5833059977568755,0.6237154616782286,1.0
3.4830461520691207,0.32399683642592386,0.16524446258554862,-0.5441699217929377,0.4378366526966563,1.0
0.8731641926072171,1.4970868316986758,0.26037230782100734,0.6080140203868512,0.5288514970353116,1.0
1.9156041786092797,2.287146930041596,0.11187377945446063,0.007800100913391672,0.47190427033738197,1.0
1.9751368601909876,1.4378658230874528,0.21178691403508854,-0.21676240486588103,0.520036264235557,1.0
2.6478611258398277,1.9765684008522908,0.1539278148914359,-0.8802218526971668,0.46928843123356156,1.0
1.6552336905875067,1.8545842322301471,0.0188414270968612,0.44413530463572615,0.5012924519539406,1.0
1.5080644063834006,1.1429422008988683,0.0688358148419825,0.4482393223144313,0.5626769010031512,1.0
1.8520352374110074,1.4015818855486901,0.314815411868905,-0.2674334780926415,0.5201651907299764,1.0
2.2358752735149925,1.6292021719151286,0.445236059610133,-0.9047153052372885,0.48681995374352494,1.0
0.6323864302258564,0.3434988302125769,0.4508172971846717,0.6592468484437135,0.7443609481208028,1.0
1.09396072238031,1.3962717524527064,0.18842515124025133,0.5059577465737721,0.5368372115987674,1.0
2.216120613964189,2.45449060208964,0.386865341035243,-0.9764771571511238,0.4475678348991025,1.0
1.999660378165058,1.6836720687076001,0.42400425418774657,-0.6114472421608265,0.4917454654543895,1.0
2.474017489872454,1.684906630769998,0.14599230185524853,-0.5922959261177791,0.4927601020748486,1.0
3.1588188797729826,0.10717816769014245,0.28072203277799546,-0.11982267260709806,0.6764011301718359,1.0
3.274338087485792,0.4854928720909464,0.4646123683773698,-0.8518811328296718,0.6636567796911707,1.0
2.4314022924677015,1.9733389218574622,0.22507408727283992,-0.837346970113467,0.4717886837016212,1.0
0.6316068427230644,1.2780282681902786,0.46674272917197174,0.619883006393159,0.547923567634592,1.0
1.0555096030525888,2.3462202291646603,0.17977678991227666,0.5792244961601548,0.4780193086161819,1.0
2.1453824443336584,1.9955537483145527,0.3906201547905578,-0.8124578587625043,0.470097432737379,1.0
2.053806835228087,1.6765753697850303,0.11781326888996822,-0.084036257643473,0.503272354429173,1.0
3.397755843339997,0.6065773988101406,0.07268647044300833,-0.5825702165141255,0.6386668695709865,1.0
1.8444169029539612,0.5653198729741873,0.4256229375072517,-0.15000188796559533,0.6464584011991104,1.0
1.6401716970208169,1.0053142606565217,0.43843837956022186,-0.13423152213797873,0.5652548515623272,1.0
1.0908532052206017,0.8867801069253121,0.16175083693241152,0.64630192061224,0.6026297320421337,1.0
1.0766917364899269,2.5331563198092444,0.2287779895493758,0.45666340150732554,0.4698478067245685,1.0
1.6440500379327845,0.11168739929415564,0.07709522699930274,0.4967224895549105,0.8714045572516403,1.0
1.1776842003662895,1.3048109364928282,0.21329388361849794,0.448796238414092,0.5463559625223235,1.0
0.862521776967876,2.2190528852626548,0.2797367900786988,0.5457695580115913,0.4829810100812467,1.0
3.2423005473406246,0.35456430481143725,0.2849037816970642,-0.6291616984312163,0.7152251570286018,1.0
1.5901314263002,1.4179806577970666,0.0035191457909758746,0.5996519720461191,0.5361365822414285,1.0
0.6702933782510191,1.5628285669311364,0.40436673332137435,0.6577540833266549,0.5232150567775565,1.0
1.8757964684185888,1.337707856911922,0.2766522446937115,-0.23332478755490793,0.5276055748565265,1.0
2.938484126755176,1.6154763888315884,0.01786697598395542,-0.6539725417578873,0.49625221342939624,1.0
2.298829514684095,1.596774056054975,0.284310514902834,-0.7375791482513193,0.49483718789518644,1.0
1.7635927899483286,1.7555865258911543,0.26692583140362514,-0.1447934697974715,0.4963877754719956,1.0
1.7299406808208084,1.9746660486905903,0.12225720147591779,0.13125399882652422,0.4895851604915115,1.0
1.8062898894589163,0.16023785947869848,0.01468850839758901,0.5955438819557517,0.8418831818245154,1.0
1.9247520544335175,1.5566080968999392,0.21697070530033133,-0.19589296960366093,0.5103910289420215,1.0
1.2068629684133707,1.5726545100089417,0.30926373867018186,0.23039355310151688,0.5175734633161477,1.0
3.1145326180284116,0.5080652864485512,0.4101253851803272,-0.6793642120537866,0.49791386180606706,1.0
3.3159511418618766,0.4946372826854505,0.24201832402066636,-0.7310695312524464,0.6654567384077791,1.0
0.6603073770950868,2.3827964246614552,0.4184647170263072,0.6290514550525369,0.47612909805048537,1.0
1.4822525213984412,1.6734575475851723,0.34528993249723766,-0.022005181665142315,0.5051157525530081,1.0
1.39365503737903,1.4387737251709782,0.37416832316100773,0.05093589427121323,0.5230086988560382,1.0
0.663151138100048,1.011277283163615,0.40613548847121606,0.6388602260932794,0.581799455370106,1.0
1.0169846360349428,0.7560436448856833,0.3863069935582263,0.33516515818007764,0.6208243327613059,1.0
0.6454847287852178,1.30108000746973,0.43976240167122266,0.6629650345593752,0.546527401535728,1.0
0.8572578423023388,0.9743114507399657,0.3665256266172762,0.46929357224929813,0.5839994220835211,1.0
0.8230808610843321,1.0157076507374174,0.28616859567086594,0.625241544046777,0.5819085504161666,1.0
1.31512663656147,1.4457248582099544,0.18465341285207615,0.34650809810120753,0.5290261000729847,1.0
0.6694696964501895,0.6720304122444771,0.40409804985519604,0.6697776376216182,0.6438293251004117,1.0
1.8571147284930927,0.35015351540349815,0.2993248760414154,0.009133511826734775,0.7230787405646592,1.0
0.8757187275291867,1.8589060641409454,0.2724521192275882,0.562408756616982,0.5019062192946315,1.0
2.119637242537461,1.1927128499128947,0.30000426305683886,-0.4692669704259289,0.5365582393035822,1.0
0.6949904260430965,0.9619698577479658,0.37986841744078104,0.6080925261441986,0.5889573277872597,1.0
2.2101308273258278,1.3275380900368154,0.17540951134798236,-0.33582512483843474,0.5276463174021769,1.0
1.3417754626253104,0.5165107310108091,0.19879984670217643,0.34918432618962725,0.6798024985974189,1.0
0.646229017784669,1.120929288992724,0.42568883374841693,0.6426699310722376,0.5672187330313602,1.0
0.6412832573949467,2.124426112927415,0.47737284108158723,0.6288656984173904,0.4877007043627216,1.0
1.9914805931253712,1.7297380340075812,0.3528483439676098,-0.521795123335576,0.4909630148972791,1.0
0.9714301686852279,1.218058423669974,0.3269509606553471,0.38861853964040616,0.5523005976431528,1.0
0.7325827036803076,2.02460063802315,0.4300435271739254,0.47549069718338977,0.4911187761336119,1.0
0.9496818095536756,0.4249168907402041,0.23656015964225918,0.5827508989398181,0.7136045350652165,1.0
1.7555650840862496,1.4454567702962646,0.145856247999122,0.10873758702577366,0.5245865881697395,1.0
0.9355274305041497,0.7069118736694592,0.2314084094825805,0.6077973815760299,0.6363445042332028,1.0
1.0355874092424746,0.7641214997088175,0.26911966938597204,0.45331708407600474,0.6204649815857153,1.0
1.9364446876817918,1.149836757596101,0.3945679849092036,-0.39990182855478484,0.5416570116765484,1.0
1.953057611343354,1.2487897120562104,0.4022407598533897,-0.4508931039534634,0.5307963235090173,1.0
0.7973590663843392,1.8856326909683372,0.3789870967190044,0.4587323026630026,0.4986216341920613,1.0
2.2294219064000047,1.086885283827223,0.17731268063881553,-0.31290955660654024,0.5533992138259102,1.0
2.0054015747958798,1.1397563134197777,0.4152555781644,-0.4807707370584513,0.5413529607501522,1.0
0.7371711686211492,1.2756024940260506,0.36245195215273224,0.5592919648964451,0.5486067031712794,1.0
0.9853672206524984,1.1557224653755267,0.23571051694615078,0.5195892591541491,0.5619306541413744,1.0
1.7727521683336844,0.4214839567289198,0.34886821737129753,-0.010565414061902229,0.6947441124325682,1.0
0.7778262583249467,1.8601556245639908,0.3144004494502427,0.6279055217406136,0.5026981265642421,1.0
0.9527571660189854,0.6914286962101857,0.2767732447279151,0.4904207766525168,0.6374350363619681,1.0
1.0613106098910778,1.1346510742151488,0.2805316074186186,0.3803493269749221,0.562375641435559,1.0
0.7868406704569816,1.2900938901609404,0.3096679277362024,0.6317181327085859,0.5481865929467437,1.0
1.2957423995362423,1.0655003943347063,0.21395170478811812,0.321709674668334,0.5713640269797461,1.0
0.8251550659262091,1.969028603018142,0.3005358983311928,0.5516502408299336,0.49542564164922637,1.0
0.6856304652243591,0.6235319904293284,0.38320885822798584,0.648291947680514,0.6553456803354036,1.0
0.9574653030670817,0.8259992875678549,0.26550736088013865,0.49883279559716476,0.6109183240501072,1.0
0.7924651307074511,1.8713913836031264,0.3051391774517023,0.6169775945447443,0.5019649877202724,1.0
0.9634313171156493,1.2965418007613851,0.2523354181938249,0.5178953747120192,0.5458128493633384,1.0
0.7617156464440972,1.3996873592124346,0.3531660032657644,0.5468516750835594,0.5365828016123767,1.0
0.8583540091843122,0.4249396464965096,0.26877950638669595,0.6272012827951826,0.7144439874566253,1.0
1.0128455562919787,0.8506640229928683,0.19712968547319284,0.6010503541738162,0.6082412481452455,1.0
0.7513901474283025,1.829094028659405,0.3336821529499934,0.6464375402650888,0.5047615266860636,1.0
1.995751110872378,1.0509079836006778,0.36681526168363776,-0.4010713208138785,0.5540837595462846,1.0
0.6771264057038864,1.66642412379216,0.3931172689907552,0.6123665020052363,0.5149145146874955,1.0
1.7405502374049502,1.1772031835988588,0.3157250796155985,-0.15223753954402897,0.5465887168029544,1.0
1.0103200970856365,1.6614322081336181,0.1971637409005406,0.5948290826847759,0.5161820704638297,1.0
0.8280382418023822,0.429549763378078,0.28388510489279173,0.6414994005655219,0.7128028580985434,1.0
1.0752759702564691,1.4797639093476354,0.27802650929070793,0.4030846194260816,0.5288411494813229,1.0
0.7080341984061643,2.084772448284948,0.36654654779157386,0.6429367579497565,0.4900347775466027,1.0
2.332554622252505,1.210434245114124,0.175422930308895,-0.43082645913835504,0.5361510921987096,1.0
0.6956781067843907,0.9235190049655663,0.38021576898680265,0.6296219739279221,0.5956479997235745,1.0
1.4285727406231759,1.051403953612407,0.2788444552635111,0.14752229988712082,0.5674653582730554,1.0
0.7568651763681205,1.3514546610789022,0.3274691031179526,0.6377759323569399,0.5421673630218189,1.0
2.027030985746488,0.8873299010511512,0.38825888962660837,-0.3874547587660953,0.5766206148570419,1.0
0.8556265230711562,0.5165714024282038,0.2861388388081195,0.577748013268457,0.6837366522398733,1.0
0.9284715913441887,2.1567687571871277,0.3214374112619678,0.4090188978986554,0.4842743952553488,1.0
0.8938410436825183,1.0939852763005988,0.26718242652007157,0.5810062773077528,0.5700624359175793,1.0
0.6907132853645799,0.6719889069120261,0.37954895903382735,0.6389526918744817,0.6435789335776342,1.0
0.970293506227553,1.9580047642568839,0.21808521200894782,0.5735680815737388,0.4968114618418787,1.0
1.3999322489228234,1.0548639799035813,0.09368320075781127,0.4702893917322377,0.5749643697868763,1.0
1.5188109778774244,1.3094259530010288,0.48299979987905944,-0.11512875391774136,0.5310731790604624,1.0
1.004189264515128,0.7434616355596689,0.2981289196819252,0.42311308122825475,0.6245819077023926,1.0
0.9084146767832985,1.3587879615566814,0.26626719667270937,0.5327406445079808,0.5401162073715275,1.0
0.8140879190804554,1.3210197310118774,0.3303179142920153,0.5361319370892197,0.5444523702168585,1.0
0.8199284328601224,1.3017884937787942,0.3513799587128007,0.5059033611255743,0.5444109390329226,1.0
0.6951526083774978,1.0071741907901182,0.37881725105266717,0.6666403902581172,0.5831522706949631,1.0
1.9784439699498806,1.4378393638668459,0.34921986123033655,-0.45624530560829485,0.5138990094338082,1.0
0.7425939794791677,1.3150671201467776,0.44871543895719,0.7469177900072507,0.5465719804356869,1.0
0.817764723692552,1.0995803299254359,0.30048985233660547,0.5835688018212517,0.5701582078159345,1.0
1.0910912298268418,1.0032803633832073,0.46342869702918327,0.2319037928765289,0.5746557742315089,1.0
0.6868555984740784,1.747415088614795,0.3977930706856187,0.5978391863727542,0.508727841134585,1.0
0.9902421485655922,0.7767019786948458,0.2794929403903894,0.4626255352882871,0.6200315364527035,1.0
1.7953023198482212,1.038960324903395,0.42310476660997215,-0.27120268277529835,0.5581243464640574,1.0
0.6554455710908048,0.544328105808128,0.416068773437783,0.6409331842042625,0.6758906444596766,1.0
1.7482755024976464,0.46918357496551055,0.3645556891656701,-0.030072322820090702,0.679731624919186,1.0
1.0248941500013042,1.3062020625077122,0.2795365910549241,0.4066350364361288,0.5432564339448392,1.0
1.6451011804628397,0.5380466106637009,0.25608293997330983,0.10649950660298849,0.6648117498963684,1.0
0.8478382659478533,0.7937420172770323,0.30416188825449003,0.5396278498670892,0.617003102520859,1.0
0.8903680721818775,1.2876356900057067,0.2525685076783376,0.621285730620901,0.5485449904027103,1.0
0.8262675481963709,1.3697991886060255,0.29101996009535064,0.6639318263816456,0.5407089130768866,1.0
0.9897341652121381,2.2344771992419274,0.23150974503629151,0.5000005254469864,0.4817786914966701,1.0
1.6444424924289867,1.1773216487801585,0.3925994603032876,-0.15504561724370008,0.5458246062573536,1.0
0.9083699178522423,1.9496861992099908,0.24828415071163767,0.6119279151682915,0.49720980312536195,1.0
0.6382615737212657,1.0517654471409275,0.4721058621546809,0.5931861451180385,0.5745385430309531,1.0
0.6553815715676566,1.1299245911575229,0.4300786361213369,0.5887397342038717,0.5650280941765382,1.0
0.9581124055297898,1.1033014471235507,0.2611507544328634,0.5142610430472062,0.5678015570263046,1.0
1.081636513154884,1.1126156686711934,0.19291697315536985,0.5305593905927619,0.5685575601093974,1.0
0.7045774055577726,0.8211223126836651,0.36732227818744706,0.6487686102382684,0.6131431103384347,1.0
0.6222774425359792,1.399456851682099,0.45861636950262713,0.6301420254365289,0.5365702413969334,1.0
0.7449714666555485,1.8331259245786506,0.3401993417505407,0.5996157637681981,0.5038011109646909,1.0
1.900845457595331,1.3603766129474382,0.21382472771063282,-0.14946790466961743,0.5278191842504103,1.0
1.4464878304188993,1.083886506053811,0.2734955859304482,0.13176930354375782,0.5633542630210691,1.0
0.8793871703253451,1.723679581684599,0.2570433603189235,0.6057042852095471,0.5116341912769737,1.0
0.7119694015933173,1.6192258102876984,0.3772658378913106,0.5765609887340163,0.5178103911067167,1.0
0.9236075387686751,0.5778135136505327,0.25377850598046087,0.5642793146254484,0.6666689814909156,1.0
1.399774705266022,0.6156150386154045,0.20809288080427737,0.29452929325791843,0.6506673380361663,1.0
1.2316715674877565,0.8672793482389323,0.3348326868794909,0.2239337639796261,0.5978382350542276,1.0
0.9320805690847042,0.624279553259817,0.3799512082264948,0.4026838387100259,0.650382996733549,1.0
1.406692505325025,1.4858820764928753,0.28451113578405385,0.1271795825900326,0.5212763149882891,1.0
0.9690154182265849,1.6097962393360308,0.32004225589595686,0.3846865095073417,0.5166128208447742,1.0
1.0633764290916445,1.4452820239493918,0.38653460570993314,0.25831439801529144,0.5273309120279899,1.0
1.7591544198307494,1.0723017401217356,0.43112655130386285,-0.25852247876623063,0.5555016229464538,1.0
0.7067735261098751,1.5717384718054894,0.3676266380196581,0.6153118048881578,0.5225050871963701,1.0
0.8543823975918561,1.251150563565403,0.26966623212095914,0.6328515099873813,0.5525934390768499,1.0
0.6838370663744794,0.45082068942290743,0.38782329790442877,0.6659501523693973,0.7055703478968551,1.0
1.5743757679507007,0.5906498203400758,0.3232976525786255,0.06104330398355953,0.6506740244413497,1.0
1.2980664315191779,1.660505883695714,0.13078107427018976,0.44744758494027603,0.5144154769896064,1.0
1.553367237271733,1.1598501760744575,0.26087164826366277,0.062751065299536,0.5531876642906198,1.0
1.1086528304020462,0.48672472532854655,0.240381738860206,0.44473787915927476,0.6899171684786451,1.0
0.8057609170727128,1.4639781147820938,0.3029546009064974,0.5847646399795313,0.531232442190555,1.0
0.6973089808113143,0.7140309783710101,0.3748648111283781,0.6274146419440361,0.634297497129391,1.0
0.8763057981056026,1.3914040265835728,0.2852900087115726,0.5250630812978961,0.5370948125067135,1.0
1.5681592120855135,1.369288840421344,0.2840613772819263,0.025660736464495168,0.5291581994509033,1.0
0.8607574240347758,0.8074751991360223,0.3424416971166644,0.47510305307554057,0.613278228323257,1.0
1.301154046674073,1.599835071497311,0.31671920920115426,0.14723223051130863,0.513277568886965,1.0
1.477124388788007,1.4138043057518737,0.42943209531819304,-0.022030194951167453,0.5225684774396679,1.0
1.93103013926699,0.9733851286395625,0.22520453684697753,-0.13114839658932653,0.5741958185644084,1.0
0.8349611130966452,1.0929321279268733,0.29027588886250505,0.5765266301288509,0.5706059197706101,1.0
1.0555723781490611,1.2842827386743614,0.2524004766777709,0.4189902716306608,0.5463070222339284,1.0
1.1833561915020323,1.2465216121288947,0.37555855994375686,0.20975464917505882,0.5447443979066292,1.0
1.536942586554312,1.0974856614805784,0.3469553555939563,-0.020291115639288076,0.5583424138716336,1.0
0.8453158119454716,1.7351298654796063,0.27626663351570513,0.5997789899336379,0.5107774732266644,1.0
1.3609790521909533,0.9441283669134406,0.15974910624780647,0.3658756166159929,0.58858457741092,1.0
1.8362406284689832,1.089686551617757,0.22866218407561792,-0.08925029103760722,0.5580518755729645,1.0
1.3366581576683996,0.984809759367951,0.31108065376980903,0.18805989511304183,0.5770257665655235,1.0
1.0153224515846775,0.8556544261338626,0.19290594332353247,0.6224619864123608,0.6077818744964391,1.0
0.9214232906347974,1.1195941187944474,0.28649828976076364,0.7434803056778928,0.5698066106293326,1.0
1.6382253383871352,1.3003268701853548,0.23099042874414963,0.035615250524595396,0.5371519367012431,1.0
0.7487407492108251,1.1425518862327384,0.35134971815357613,0.5681504949827293,0.5640982505013358,1.0
0.8377399734928246,1.6201224770106057,0.2781698874061795,0.6366636146246696,0.519376347900816,1.0
0.6387241001582461,1.149937040052579,0.43411694731518696,0.6356280062104416,0.5633744769954081,1.0
0.7323909215077997,1.9844210081205986,0.36020724922661496,0.561608279782331,0.49439057996076036,1.0
0.9533156110167397,1.7433850751859636,0.2602352709670632,0.4880562538408536,0.5090896443613907,1.0
0.7302668721287903,1.3114313394504156,0.3533115066573676,0.5925231228417698,0.5453444145829937,1.0
0.9205045193727749,0.8655800651840077,0.28658549222502877,0.49539512377822226,0.6032675004751958,1.0
1.8084719443714887,0.9650891266868309,0.43016620231146324,-0.2725391137060489,0.5689682300173152,1.0
1.5291743876317554,0.7449977321763368,0.23653008428571848,0.15751626306085237,0.6196868294360479,1.0
0.7191504584657398,1.137516700795091,0.3578601880462801,0.6099076260181981,0.5651179606114245,1.0
0.8611465590186981,1.9569842774459965,0.36682555164621583,0.41265277478021367,0.4940331885625172,1.0
0.8664368078037238,1.620043870435916,0.31748213563051536,0.47873932697057714,0.5168537962399175,1.0
1.4865054784754939,1.233551129156873,0.3269955558517049,0.02841904439747961,0.5432405993623232,1.0
0.872417305149234,0.6290100452086353,0.2586394198326326,0.6443935488343979,0.6547004202011188,1.0
1.3640113972206258,0.7191450542575882,0.29861957496487784,0.191299590994982,0.6247215480867419,1.0
1.404238056310935,1.2525038415052303,0.3490313902324889,0.05968487067848656,0.5424689778356047,1.0
1.1067572536743508,1.2614786781752727,0.17710354075258633,0.52602199893386,0.5504375848173333,1.0
0.8171255235336051,0.843354866591659,0.3033568453025435,0.5774918633161356,0.608476650084446,1.0
1.091643324059121,1.2671933091669971,0.2980429877710716,0.3394033546869474,0.5458311303201331,1.0
1.195717161319231,0.8894003676173132,0.38000610941975693,0.2538770189425769,0.5965635426620928,1.0
0.8681219619730484,0.9374823839132514,0.394459922133028,0.4270002682590171,0.5889062450206474,1.0
1.2697211219617064,0.7576226122501838,0.41065614465743133,0.16530228245231215,0.6144589176638078,1.0
0.8634148482106022,0.8814061749558627,0.30723301310891055,0.5149070405112365,0.6009504731157936,1.0
1.6116631394919727,1.4874495174015294,0.26355707396998734,-0.00894088484934244,0.5198496242338978,1.0
1.2215706585640609,0.6235950467521327,0.45885725977532416,0.18471168721879905,0.644486385851689,1.0
1.6542580667827231,1.2915120997109115,0.31884922662135323,-0.07729097567770611,0.5341615859138312,1.0
2.2498710396215698,0.7467379134407938,0.3152184330191933,-0.4099444170266421,0.5979618164082712,1.0
0.7060644321257652,0.8135714892049867,0.4412398541971087,0.5220530424040141,0.6120409222924073,1.0
1.0213642560048035,0.9805381895453102,0.2797096044779693,0.7755897781753808,0.5895471360041393,1.0
1.818410344648585,1.0824886903035038,0.4604088565069238,-0.327110678960459,0.5519273895381545,1.0
1.3617411978577783,1.2313979396530494,0.27624692925690486,0.18081174842602968,0.5466995614710531,1.0
0.7810785876127634,1.3821185461205967,0.311730314381337,0.6408007941897415,0.5394096595304047,1.0
1.847994495280454,1.1481972931802293,0.2899131515252396,-0.20237811416783896,0.5481458053654755,1.0
0.7311033828751023,1.4850058191222935,0.3602198355461781,0.5725186767831394,0.5287632987835662,1.0
1.127033009102127,0.6354606213042032,0.31679301893215606,0.3350378930360097,0.6460884342928142,1.0
0.6512331703043095,1.7228851459884607,0.4196315466088387,0.6322723800610051,0.5109917201214039,1.0
0.7231209594551318,0.982709577146671,0.41414561088204455,0.5542423958638318,0.5838655338924461,1.0
0.890489133717903,1.610389055369359,0.25747888932562724,0.576984616792654,0.5193286598262371,1.0
1.6030661458836832,1.0385654116384406,0.35700589301345015,-0.07152067561301755,0.5648893925176748,1.0
1.9229372374351985,1.15836814941285,0.260942431409439,-0.22080211352659124,0.546365792801427,1.0
0.8164941765522111,0.7799937574569786,0.28920337222780407,0.647029498132314,0.6215237055670352,1.0
0.6628522922003686,1.162272771853722,0.4074018778744488,0.6463033927793129,0.5623627697155791,1.0
0.6805908988105362,1.0084708172009387,0.4473878982164308,0.5365623247163489,0.5804746814270457,1.0
0.7665378791664267,0.7601283723857009,0.3921038463561878,0.5075213487123466,0.6225597432171259,1.0
0.849211624633593,1.4986737047551397,0.2882343978478757,0.5514342195726274,0.5279406456074404,1.0
0.6439468062595943,1.627303455578437,0.4340467639514828,0.5975129897820379,0.5174260148351859,1.0
1.0055719911348742,1.1505622991587925,0.19874176534688187,0.6040092485596833,0.5643059813921995,1.0
1.5448196401161098,1.4846459737722144,0.3819221732991757,-0.08456055581547735,0.5165751024983319,1.0
1.4170742557621048,0.8013916202719028,0.25923954787239245,0.19301110326120083,0.6086937558485455,1.0
1.0442056062030916,1.470552848591903,0.38730558735482656,0.2708197886073162,0.5257201334718421,1.0
1.8027893148667142,1.3604586108764682,0.25944868104699803,-0.1467951585738174,0.5276693203871519,1.0
0.7066304480370187,1.5032971946314975,0.3699935033223423,0.6576489821616094,0.5285369747871923,1.0
1.1933316273132435,0.6930510226778713,0.3543249619300335,0.25165161972476546,0.6322944262224262,1.0
0.8660803750597518,1.7809242985674463,0.3251257731396637,0.4618244501209776,0.5055336493029609,1.0
0.7753037842725706,1.4940819273652948,0.35298926412055504,0.520978761577243,0.5276040021033928,1.0
0.6662920515920693,1.805319358630642,0.405247022618228,0.6174768659120231,0.5057077420220321,1.0
0.7427342155006826,1.1595952413888138,0.33920918068403955,0.6166681965741491,0.562500642607078,1.0
1.3044421429606738,0.9220323092060999,0.12022005454467793,0.4912473908476468,0.5944926856312323,1.0
0.9188248940319015,1.0947482666595103,0.267976965781334,0.5201728680279688,0.5697952254659702,1.0
0.9964726178270998,1.3352421003892534,0.20177262779819705,0.608381037642089,0.544044232831425,1.0
0.8501665554711231,1.713319747704619,0.27590622511957,0.5868390185742947,0.5120909361460182,1.0
0.8058078641941058,1.508796478640308,0.2964828434848369,0.6223656679565107,0.5279551251445782,1.0
1.0774761245104572,1.4987821691762326,0.2945500249673279,0.33776747782834704,0.5245715488151627,1.0
1.179568884658491,0.943295028982074,0.256798064009524,0.3390882407878403,0.5884484850256895,1.0
0.9419410938663978,1.7450025892458685,0.23594270610774798,0.5610398927555318,0.5095553375237135,1.0
0.8341065656834267,1.334874772943517,0.28632451687765487,0.6017317970933751,0.5432476060109342,1.0
0.6249308145053364,1.3132945945767447,0.45424866632931865,0.6316843593049769,0.5449959768211172,1.0
1.2028902752987591,1.5163170412422904,0.4618056407115617,0.12248440699804267,0.5175912794708845,1.0
1.6074151023866425,1.205683320030398,0.36894287402431664,-0.10598770449468885,0.5442775410609556,1.0
0.7597241080274826,1.4246732725934628,0.3310601367281869,0.5968205082190683,0.5349098410897455,1.0
1.0533584045787117,1.3924897055214271,0.2532518214593953,0.43151569143368773,0.5350419870680658,1.0
1.2982373524978048,0.866518451351973,0.3291909511320217,0.21404221495603007,0.5956910756534982,1.0
0.6229686446518977,1.9555260479417647,0.45762079337040845,0.6211426595227411,0.49613597506017143,1.0
0.977669934989843,0.8055153658579762,0.2559367641970848,0.4972775109987554,0.614662930928227,1.0
0.8313842777581969,2.0987561424084373,0.31001505265093393,0.5486345945960299,0.48916428614682667,1.0
0.6256379793368664,1.0239490146959636,0.4553418813779166,0.6446006341353352,0.5796636989406335,1.0
0.7179487663484574,0.7814803107599962,0.47580111708168404,0.49472659212587156,0.6172085863995039,1.0
0.6928689113269046,1.3625514629771738,0.380026695506906,0.6094197146744924,0.5402807686314546,1.0
1.1797245055697227,0.8562082853431482,0.3447920998937879,0.26786507968532774,0.6019017638345506,1.0
1.0757970536308257,1.0610707109076183,0.42521697689125637,0.24959730238099137,0.5677731816169401,1.0
0.6280255350791732,0.9699952865280861,0.4541079193845266,0.6389324374481551,0.5873692867403613,1.0
0.9576320407431281,1.4796190163056626,0.2961371796677853,0.4280640923633228,0.5278489142037255,1.0
1.216892638657941,1.1112348457704881,0.17353815756903074,0.4381773976325093,0.5664984390605106,1.0
0.6353763897704413,1.1816152486054223,0.4394857443575432,0.6257761013723888,0.5593714280822094,1.0
1.2671943801912557,0.7855333828857254,0.3575205313462772,0.19112603849297793,0.6109746631608948,1.0
0.6371353806695593,1.6142805408572662,0.43656016345049786,0.6246887826727635,0.5187167591164523,1.0
0.8328082591776275,1.0245130797161237,0.2803788500161736,0.6475252709632842,0.5811005212044877,1.0
1.2513873136107627,0.7933360550834611,0.3011151995237338,0.2542907788425991,0.6110681143318681,1.0
0.9619333280942377,1.3258504716538269,0.2769035602187256,0.45703145835145614,0.5425449490964811,1.0
0.6807646918081496,1.007335064958805,0.38751612668729984,0.6429923497259558,0.5827168920542293,1.0
0.7212958290697117,1.2262669832673359,0.35372344062992245,0.6245467984991983,0.554854861632274,1.0
1.2476805688715003,0.9642893491468068,0.2233460160202861,0.3374120539882844,0.5852387595319075,1.0
1.5868317678864823,1.1465983041588867,0.40149366083892574,-0.11198201085700168,0.5498928690041422,1.0
0.6849159566507717,0.8765849476989029,0.39370611629985064,0.6050542239193146,0.6023394998713799,1.0
1.6637479747596162,1.2294375050673163,0.2918206350679148,-0.0679680642224083,0.5423252986440334,1.0
1.2367777537330147,1.559533090018993,0.3500359834938681,0.1646890922253163,0.5170644949293285,1.0
0.6752771394817016,1.5349298038597037,0.4246448738420705,0.5658754845428212,0.523837964731128,1.0
0.6565518905169714,1.6248689302869572,0.4420254246377361,0.576706590238466,0.5168285192875455,1.0
1.3064713094415634,1.1804983002651712,0.35480855804111305,0.12994892418873882,0.5515493144874853,1.0
0.7173391947599317,0.380717744533126,0.43456644192265637,0.5588064890079368,0.7268555487602144,1.0
1.2062396162486435,0.9103878952700742,0.1357766664920804,0.544876869071043,0.5974899267981332,1.0
1.2216336819456772,1.80555667860871,0.1222578189369374,0.5579930081832698,0.5062262323887755,1.0
0.8102337703863687,1.0751007466658373,0.3056302813635707,0.5759291320368967,0.5728319429524082,1.0
0.9738476858024606,1.2517090118407503,0.22144374374246872,0.5644509528114992,0.551943622148782,1.0
1.0056714238743854,0.8812162087630655,0.4696558706454192,0.28751574620785564,0.595088275332209,1.0
0.7322611858416325,0.897106786142159,0.348533834023909,0.6149665815246976,0.5994620245166747,1.0
0.7414230775451407,1.760339002030278,0.3396469539066608,0.6106231046265429,0.5088221841176103,1.0
0.8492915666288554,0.8546954116395803,0.42077380708597917,0.4222276633610771,0.6024404062485031,1.0
0.7323638845861355,1.3162843047872936,0.3450004395961165,0.639454106715182,0.5456451170492685,1.0
0.6941133272580116,1.1842265241351906,0.37832747250692744,0.612621941868565,0.5593114195096506,1.0
1.0507132235628112,0.9404889145100118,0.286046657899386,0.39101352581641624,0.5896004733089005,1.0
1.0135213625098476,1.4988563077918018,0.3015146809245336,0.3803731507054532,0.5249741912805203,1.0
1.1222636087949214,1.4026962869414528,0.28768269181185135,0.31718496534309315,0.5326641825771018,1.0
0.7804295074301423,1.0335905744412395,0.31962737862010815,0.5932894963900552,0.5788846684824362,1.0
1.2046544036997915,0.7396906320033215,0.2925592502932067,0.3051958886176851,0.6222832565207541,1.0
1.1386535269455464,0.8639546240645961,0.3778674695564758,0.25413260475297195,0.597761280736375,1.0
0.6668718281945462,0.8643374976428448,0.44997693853845144,0.5564386290635855,0.603353836423207,1.0
1.706126656954222,1.1077295478167326,0.4361810903746638,-0.2250503875436673,0.5513879794162929,1.0
0.6235429744696839,1.6168230716395113,0.46693573918812337,0.6047092644089946,0.5177876220710356,1.0
1.0035269518231746,1.3785571573990278,0.35489463283713013,0.34640306645260355,0.534277510811286,1.0
1.0925947364503599,1.5130519927997628,0.18568846843259965,0.5120985627729875,0.5266861678089411,1.0
0.6528494426438859,1.4695890071088538,0.4183612451715541,0.6274364386729795,0.5304300161107022,1.0
1.8409455961467591,1.2213807692031018,0.25600646528766374,-0.15663593006124518,0.5416142384691663,1.0
1.2012682183585293,0.9628733751473053,0.3410429483210414,0.2297300816060869,0.5825559296729853,1.0
1.0031136449407656,1.2945926330913757,0.21823128154434238,0.5340159137508826,0.5469418769308803,1.0
0.6319559164608606,0.9156236978872332,0.4450126015767546,0.6313509734498406,0.5961130758940636,1.0
0.8706887936545586,0.8616179991703468,0.4435466818660491,0.41513577520309813,0.6002023612386678,1.0
0.732609454188901,1.3626109730861549,0.3513458875429978,0.6043103699204704,0.5407916653645016,1.0
0.9411915224279637,0.7934902501676566,0.25333177912445004,0.5368741414404108,0.6172817605860579,1.0
0.91303405549907,1.8007610400605505,0.3863656584973224,0.3564296588897444,0.5025401810226766,1.0
0.7667121098012918,1.610940697726669,0.38596433801929775,0.4980679741570809,0.5171498190412585,1.0
0.9397054400264684,0.8851598079351487,0.30891729946404967,0.4478933357565683,0.5993599430576417,1.0
1.135931863894042,1.3490200738222617,0.31855456678021415,0.2741030662456708,0.5367882455520618,1.0
0.8482851590387906,1.5731698371171654,0.36140293370877025,0.4383438402591104,0.5197509598136258,1.0
0.8944980899074926,1.896421866272816,0.41629060558329534,0.3532271329308303,0.4958840769152656,1.0
1.137411103035126,0.8062192193804644,0.23702784326309892,0.43316259084976694,0.6118608510894895,1.0
0.8316279979789327,0.8995277555938241,0.2823691570240158,0.6635653744440051,0.6004637076414361,1.0
0.8264063805092742,0.833767531277385,0.31851470649142766,0.5398257067722357,0.6092880009187011,1.0
0.7231703454597159,1.0553564537375417,0.3515182628841659,0.638763473201635,0.5762325712133117,1.0
0.7992110338805973,1.3440130610470793,0.384946781499686,0.4652500071776283,0.5404678322198628,1.0
0.9561347925268259,1.434470696514399,0.22816641692713613,0.5660853751255973,0.5339897036263503,1.0
0.9657808323276451,0.8405001250762183,0.2814251376250541,0.47115560899280157,0.6069235016921465,1.0
0.746573461732256,1.7696384548211794,0.3406168109308635,0.5880291502151841,0.5078344545643081,1.0
1.1085087942076903,0.8353023256318668,0.2761345193371444,0.36864300259113647,0.6064970986222836,1.0
1.2938585842806813,1.02896414879118,0.30687006767696684,0.1983048338344826,0.5721367161536303,1.0
0.8040132539715616,1.1080092907170536,0.3726044050826837,0.747193654131797,0.5706627747602449,1.0
0.7483032163536107,1.4310738335064999,0.42953739505532085,0.46857144946641305,0.5317213162616289,1.0
0.6693692009847482,1.253152123077777,0.39990352310165556,0.6473003374142974,0.5519171935899142,1.0
0.8518791257216985,1.0118343587867336,0.28642900921874326,0.566374818236873,0.5818521672507656,1.0
0.7352445819888354,1.4667563610793573,0.3529487768007049,0.5794421665488073,0.530653867993971,1.0
1.19065002873199,0.8305854595777974,0.40904911197961763,0.21484846355502402,0.6017598614302447,1.0
1.4889100735611207,1.0776114952310827,0.28630537328925065,0.08340494209626632,0.5634775583347521,1.0
0.791212630896082,0.8700964087910189,0.3363669833563542,0.5455266589940534,0.6030995753340004,1.0
0.8903338340699826,1.0110113843266166,0.2792191958275586,0.5311976228661223,0.5812208230925255,1.0
0.9460760275026203,1.4668737845515933,0.3196230093725402,0.40772224506157384,0.5285879350821227,1.0
1.117146163042926,0.9615649696588474,0.3814135523888249,0.25337938849229763,0.5825687732459632,1.0
0.7608429763055565,0.9232956865916649,0.32529758938175624,0.6467742068427313,0.5958176064512992,1.0
1.137588894106288,0.9554763288949537,0.30557443167841003,0.3085381719507074,0.585088733305366,1.0
0.9804901891032993,0.8108698489095179,0.38587805297971556,0.35313169097807157,0.6094623965629434,1.0
0.9570142237494285,0.8021432462408431,0.26765180266978233,0.4968679503580259,0.614750718030317,1.0
0.9760407396063991,1.5140464726976886,0.3915427547090014,0.31431701996111694,0.5224009415732371,1.0
0.946720600563913,0.9300389454169933,0.32350747045849654,0.42274835038707614,0.5913873122574975,1.0
1.2056028311527038,1.5083475388548295,0.2639882011497047,0.30517541805177006,0.5225253042971987,1.0
0.9165361767254028,1.215525638365531,0.41096772748211674,0.3627567767750639,0.5524851921374647,1.0
0.761586217353596,0.9891761925482714,0.3254421116413444,0.6541150453421267,0.5858073386091727,1.0
1.1395798912512463,1.1229379670387998,0.27880660537359886,0.32768005619578405,0.5627998497816193,1.0
1.0509346830301836,1.1078818686140617,0.32187379230488594,0.3433882090788725,0.5653088017977865,1.0
0.7532647377106361,0.9478644886772221,0.3416494430938483,0.5879219725879934,0.591311890680782,1.0
1.0929141022615134,1.095381915816711,0.2717286611305419,0.3712597755618868,0.5670459402410721,1.0
0.6382737312720862,1.002995000044903,0.435765208957648,0.6296557958220604,0.5826865943975561,1.0
0.929138977355969,1.706806111539818,0.26613968147118394,0.5242829000416422,0.5110842084786864,1.0
1.1327370654481541,1.4316794584974697,0.2675991925600737,0.3338190680084583,0.5306022927099611,1.0
1.3424185721651938,1.2261511164097554,0.26734321073390566,0.20418106496198052,0.5494289542739557,1.0
0.722174790578488,1.1503293283930978,0.40006738787222756,0.5289679120013271,0.5621352149022817,1.0
0.8556547796026519,1.3748596437604428,0.27368771565019767,0.5873496436213659,0.5395900144126219,1.0
0.8830064742745796,1.3638209289721344,0.2837471272394356,0.5290701993486167,0.5401753636725067,1.0
0.9677858862248614,1.3101709669048107,0.3826195050336903,0.34119172342828935,0.5409816433369958,1.0
0.6144429135947792,1.3565103073734834,0.47305879863358197,0.6314638812626598,0.5405527744433468,1.0
1.489660502922333,1.1223271976775495,0.3429114587990193,0.015453783735003168,0.5562036350735132,1.0
0.623925671615634,1.7607358548239609,0.4559414618100718,0.6268109152565196,0.5082011030771125,1.0
0.9484875129563081,0.9974909577522909,0.3479694719364142,0.39277879109513214,0.580496316517012,1.0
0.9467431632395417,0.8315495726418445,0.34342800516386984,0.41243561519297806,0.6070372572472028,1.0
0.9493829970405091,0.8936910219825253,0.4149200162348156,0.34706883944828176,0.5952860129134855,1.0
1.1042243616152134,0.9722022810126929,0.1790762986827834,0.5329873786467556,0.5876520922335093,1.0
0.648764460967195,1.0392439071003257,0.4363226918657272,0.5926215978683487,0.5770700320008134,1.0
0.7509364210022336,0.9653904586227386,0.33215764830981964,0.6539693854029391,0.5895674623877903,1.0
0.6396464617888585,1.6381708550628773,0.43447815426189057,0.6358374948699496,0.517147209078806,1.0
0.7773484022304556,1.2480981837040244,0.3161938936917787,0.608667985551039,0.5525935429762442,1.0
0.8148168993638648,1.8111891799756414,0.3161005288053699,0.5309980958199662,0.5046326660834942,1.0
0.6586395320771644,0.8827736801240815,0.4360193794865489,0.58023154676816,0.6008082726088364,1.0
0.808447905237594,1.142297886206357,0.3005377757349078,0.6074691509893455,0.5645077311936628,1.0
0.8654435930221087,0.848171317545502,0.27578649501968405,0.5749157121069746,0.6078350014851523,1.0
0.8412779654442001,2.174962942606406,0.2770692137182318,0.6080945425580573,0.48566898647101825,1.0
1.1174956313663307,0.9911471295790161,0.3102009392500458,0.3142604199364539,0.5804396543062147,1.0
1.447893395483876,1.0682748340107293,0.32003820132891525,0.0760789560156857,0.5640897077082294,1.0
0.618588131753791,1.12569144585334,0.46700702459595983,0.6295476033409639,0.5658732234359154,1.0
0.6998198660216234,1.0735241049421906,0.37360496457570846,0.6381236411893696,0.5733219495516066,1.0
1.0648467249368936,1.360072219618966,0.3994597550975232,0.2514724983251859,0.5350733477551387,1.0
0.7529680142535894,0.8981907246413536,0.351923401837604,0.5661281256674214,0.5985878245764636,1.0
0.6646238231257204,0.9035006005393336,0.42877538935682297,0.6953816492680772,0.5991555927752877,1.0
1.0891247682107685,0.9576041248118746,0.31263016336900995,0.3374666523245136,0.5862716510842962,1.0
1.1591086461071745,1.198324354777219,0.43456871774095684,0.17480097896553726,0.5498594790844555,1.0
0.6573522861333108,1.0553898719744979,0.4354448305350635,0.5787853879214777,0.5747947159973731,1.0
0.8056582810838091,1.8881966721003156,0.37055779964051955,0.7394488447615287,0.5020944067418704,1.0
0.6941551322553001,0.9324456075400462,0.37697806418244956,0.6266457604911935,0.5937342629809653,1.0
0.7740892302787731,1.600576484024841,0.381620133990184,0.4957312383993119,0.5179268935603993,1.0
0.8680734252506708,1.1219669144304127,0.26402365401147376,0.6049197693792939,0.5675387886288042,1.0
0.7616013958999878,1.170491833382663,0.33144997905329787,0.5919179236111174,0.5611219022515532,1.0
0.8386722855771104,0.8157200401958717,0.3378472886984721,0.5380105154646746,0.6115852939369895,1.0
0.6734802067039989,1.0261382911965293,0.39731348229083197,0.630422669654833,0.5799697369974621,1.0
1.4979190022292816,1.1818677342710657,0.43399998487408803,-0.06885133344739663,0.546628217824415,1.0
1.0257858814659475,1.0842621420030012,0.26778652499653044,0.4284978511577394,0.5693468301498201,1.0
0.6842868225211202,1.3501670511739523,0.4102784511496652,0.5632764581548992,0.5405640761659893,1.0
0.7093606671635255,1.2886938546538762,0.41487184897454954,0.5749508702247055,0.5479330401301035,1.0
0.8637337922112202,1.3626928029722907,0.2973709194014814,0.5166001907924067,0.5396518507257839,1.0
0.9163750113762671,0.9667839621161026,0.41834583942155135,0.396109301920753,0.5830504923199068,1.0
0.64969384863902,1.2135004942957335,0.42342122631662144,0.648338041371906,0.5560227123730502,1.0
0.9924658519797432,0.8857726339129648,0.34326656920747034,0.3729457516053755,0.5977265068835692,1.0
0.6193983369481646,1.0813690586555245,0.4709799684175983,0.6123450651161696,0.5713893639259741,1.0
1.0204995628041187,1.0813580445538193,0.25751584134937155,0.4464400153410039,0.5703130935330978,1.0
1.3673308615279671,1.1616279730394807,0.38353277571785704,0.06408275256136334,0.5523487383629182,1.0
0.9857884573355339,1.7940315209454538,0.20873573873756518,0.5937609796420045,0.5071806689734059,1.0
0.7806319313843954,0.8564198390319248,0.45502507269114406,0.45355935314664597,0.6025181700218316,1.0
0.8252169054593247,0.9814365052201437,0.2918999327253714,0.59148425309417,0.5864156820351772,1.0
1.2386510680057043,1.4866365419081835,0.3525862645131299,0.1698403406486795,0.5217738437442111,1.0
1.0164948226750035,1.4767365527217358,0.4279411131075487,0.2624931478573818,0.5245089010979916,1.0
1.0161462235348122,0.9402297029238864,0.33065667583271174,0.3648924944410985,0.5886314722399768,1.0
0.6345086212152116,0.9787419413184675,0.4576344616464501,0.5959370796088235,0.5854991313442005,1.0
1.0949620526108963,1.2424936211156155,0.4293370457278541,0.2189757169868548,0.5458999206549243,1.0
0.9808598892777832,1.48318478504251,0.2510168103007816,0.49125861522570585,0.5291318088301814,1.0
0.9336242046186394,1.029996523210114,0.33566960079515595,0.4159722663524868,0.5766363060768486,1.0
0.7989338298537263,1.3899470428169691,0.30128096717794967,0.6174633776793739,0.5383049989605151,1.0
0.7298760519472532,1.6867486374438507,0.34779604807467435,0.616726162661844,0.5139551879089527,1.0
0.8598118828910523,0.9975599755484128,0.4577855824641763,0.3895192995910206,0.578800670741297,1.0
0.6962402622246957,1.070868080200974,0.37422282168456306,0.6465608590394182,0.573959618724938,1.0
0.8226160768223296,1.8860313650955076,0.33535733866543105,0.4898992782449792,0.49920315195256915,1.0
0.7929441838552979,1.2204824640341194,0.3107218923580775,0.6293032244163949,0.5563187673490109,1.0
0.8273289682102195,0.9201469225773229,0.4353638814604901,0.4208435931539649,0.5923103511409548,1.0
0.6860635564573988,0.8790037774991494,0.3826674127582421,0.6423985733962829,0.6027584895227429,1.0
0.9881374450185724,1.098872557298083,0.2684292478044321,0.45533426831097756,0.5681450969455009,1.0
0.6125442816439444,1.3758373760978477,0.48070878107899917,0.6148016738234853,0.5383754875120534,1.0
0.8370248271464772,1.0383223529039456,0.27969155445193,0.6136399781372687,0.5786093859995234,1.0
0.6713391857384469,1.3989025516979239,0.39758535795616534,0.6277745977649911,0.5371660425713288,1.0
1.0507512576392732,1.0580764084552867,0.3777349689845288,0.29395673177767223,0.569760756270205,1.0
0.633343825386396,1.338298762158609,0.4437969043256873,0.6167861618864706,0.542329168574116,1.0
0.9417328594712724,0.9615977592783681,0.3730377346508998,0.3776673596798641,0.585176462092943,1.0
0.7286670543181534,1.2032309129963514,0.34763078187065627,0.6409202005177761,0.5578347688579681,1.0
0.7058864689861246,1.0622525256406095,0.3662910988816188,0.6239313591085112,0.5748961952378636,1.0
1.145915626365008,1.1112084875190924,0.36130626996488036,0.2388802259578549,0.5620392707267663,1.0
0.8412712935642754,0.975885113133384,0.3689212144738084,0.4555440189728494,0.5845038437365646,1.0
0.8983963618165764,1.400802281741878,0.3192695512991787,0.45104147009850265,0.535258525299678,1.0
0.8768930630735289,0.9634364573046799,0.34011060056181175,0.45843477264740834,0.5869583915690065,1.0
0.6488779973406767,1.6229016801888747,0.43322401292286383,0.6609317336059187,0.5183365853024181,1.0
1.1296974868907714,1.1327283202346587,0.37161872180598304,0.244238013171728,0.5602322796812303,1.0
0.8849514296683718,1.3039403055077514,0.41756975299405064,0.3706439593735216,0.542294029238422,1.0
1.014089563421511,0.990081323013548,0.33696534885700563,0.3582349664665318,0.5807394458337938,1.0
0.7817072728452681,0.9233762721997032,0.3154975046866856,0.6045095882954646,0.5954129476381521,1.0
0.9370385580669386,1.3944749406846444,0.3836327217074168,0.40127151248408843,0.5359064737037706,1.0
0.7456040458730037,1.2646392533952953,0.33870154328198215,0.6059876149760606,0.5506761727970203,1.0
0.6952407257337241,0.852534887096517,0.37865442534511035,0.61440343459719,0.6069784534258622,1.0
0.723149437770891,1.103941983639516,0.35334969297020313,0.6183281844716343,0.5695372421684357,1.0
0.734501621539082,0.943638917195625,0.34391548639689357,0.6342391527430221,0.5922921376706438,1.0
0.7873730239106063,1.0010516178230544,0.3462103416294155,0.5457354696050518,0.5830732233720581,1.0
0.729976386360371,0.9819996393748979,0.4229776814095685,0.5089278190736672,0.5837431369728259,1.0
0.7208778033727156,1.5214423081724842,0.3618814448851196,0.5866061448449251,0.5261544622517722,1.0
0.6182550968097342,1.576072547656489,0.46714882629535076,0.6166387956798295,0.5212695135120569,1.0
0.8776485466880543,1.2640383343115458,0.35073899342620374,0.43344759293925916,0.5481776003250113,1.0
0.8810392867542807,1.0249278337166594,0.3673396712339772,0.4237969005704977,0.5768460163561737,1.0
0.6579638085262798,1.3946976856887905,0.4117732251208225,0.6204019293432392,0.5372411520027393,1.0
0.8775302501420219,0.9764217556497046,0.36491670106575774,0.4307414516471453,0.5841774186925448,1.0
0.6726604400560534,0.9412953861965757,0.3958601555799264,0.6494414956631716,0.5926171815692797,1.0
1.0496880417751515,1.5325802516273,0.21351897097043016,0.48896210608581503,0.524563497761388,1.0
0.812226124307952,1.9443185369116633,0.2984852556875011,0.5849111178520963,0.49722710739392006,1.0
0.6307879672999426,1.5088367483675094,0.44717838357014744,0.6287298266936783,0.5271596708991134,1.0
0.7123636447880636,0.6545925431775771,0.36449835111109513,0.6509434502961708,0.6477320250735338,1.0
0.7611496841953469,1.1313504400854622,0.3834494212357547,0.5165898987079318,0.5637958238737394,1.0
0.6590291134083127,1.0376625027280852,0.41379213453585606,0.6530900781224467,0.5785468310265812,1.0
0.7380353058358338,0.8549775843088379,0.34651377243645876,0.6117959748334941,0.6065270802282943,1.0
1.308744818416376,1.185182444462232,0.44390032606301244,0.06589609234476404,0.5491443025790821,1.0
0.6537439993647576,1.6997734255696153,0.4175638455109481,0.6126593931908757,0.5123866762046468,1.0
0.6572272397520367,0.9485461940024318,0.41276161089095553,0.6312764479165345,0.5910209300144541,1.0
0.7770014878368505,1.3093092297125455,0.31417490136144977,0.6256336017102483,0.5462885271350426,1.0
0.6271346617610655,1.2540866945429572,0.4507747871275773,0.6346776495442329,0.5512550762246333,1.0
0.6437055508686069,1.092480091187364,0.42762680823624205,0.6367687246985221,0.5706466149102828,1.0
0.7194405613688766,1.4881740981665716,0.356940128559281,0.6089690805101987,0.5292177251042969,1.0
0.6559009676316617,0.9613290580859086,0.4154620982523983,0.657896550622618,0.5894998842236945,1.0
0.7385444833785306,0.9601595125071297,0.34163221254413007,0.6207601777322633,0.5897688537473683,1.0
0.8091545763789906,1.0267878557358556,0.4033122714743459,0.4550901152198191,0.5774694869251612,1.0
0.7686090257793646,1.0692669963252412,0.3669606467531329,0.5224048004967027,0.5727580607273609,1.0
0.7803287951390835,1.0083051895931041,0.381616322794701,0.5088988036852193,0.5798994243562128,1.0
0.9154097129607968,0.9949543145782488,0.43799005489631593,0.3513089797651835,0.57946747713033,1.0
0.7308624721646666,0.9998101725512416,0.3455346570043519,0.636535566214304,0.5840101212598793,1.0
0.6965012617478472,0.9808385441129197,0.3737704721673797,0.6420503041055157,0.5865638441334188,1.0
0.7847424759701174,1.3381936814590822,0.30982104691402956,0.61842811570366,0.5433788805413178,1.0
0.9116825218598522,0.9962842190766098,0.2700801356593573,0.5273884895878175,0.5834958384796068,1.0
0.7055479366771132,1.5764721714178473,0.36847273697681554,0.650739979019827,0.5224024241953644,1.0
0.6229974308764844,1.0505486247836822,0.457907654139444,0.6336688530076052,0.5759260075038561,1.0
0.7102526465061889,1.2571735914117048,0.3709223862674785,0.5891916504486048,0.5509554905934998,1.0
0.8603979864407549,1.4598102918280393,0.3785916241187483,0.4148218786910057,0.5285793340605328,1.0
0.6531943989714769,1.4325969992616336,0.420729988466816,0.6048754722550446,0.533537872789003,1.0
0.7159618216474933,1.3913051305872381,0.3644653112430441,0.591494471895434,0.5375022395018051,1.0
0.7615592632009556,1.3983443895805363,0.32538884362360926,0.614369054765042,0.5374028143823436,1.0
0.6864559500472238,1.1859557245197268,0.38810077377635066,0.6023987441397264,0.5589147308738843,1.0
0.6234157941402273,0.9678541286318881,0.47912007110648175,0.6027017972158153,0.5868735559459675,1.0
0.6912649189794114,1.718469190328558,0.3800603090337767,0.6390370068633504,0.5116276047604162,1.0
0.6855245561085845,1.6130323068800656,0.3954425820117819,0.5786574095271052,0.5184836270102122,1.0
0.7904611351677039,1.3154942105371938,0.30732365146634477,0.6105952119960962,0.5454709816817791,1.0
0.807140228093141,1.094924484454862,0.38516468436994,0.46420912843664275,0.5682493340686204,1.0
0.8452807093948713,0.9330375981785832,0.28504206638015583,0.5781520696079961,0.5936664641930107,1.0
0.9376462759991069,1.0859594338357643,0.45366112837415706,0.32600000357747333,0.5668115117458552,1.0
0.670240758726565,1.0879236334659104,0.39866909233698533,0.6255310728742767,0.571287658398455,1.0
0.6614403684328761,1.4373192113631563,0.4078408099659663,0.6387317057225569,0.5336959503568328,1.0
0.6348477410320771,1.219621276160281,0.485901482766392,0.5631939595768286,0.5538565533544147,1.0
1.202941551807943,1.2358534865986768,0.4514202624151919,0.1333384714285411,0.5448495395747054,1.0
1.0153735161731743,1.0988637528830836,0.41388497199863117,0.29003766963689126,0.5644668328788339,1.0
0.8023414030880772,1.0060257274112208,0.3177079278099534,0.5620394854773658,0.5820329975296517,1.0
0.6200157768227849,1.3035485968719123,0.4636011672855072,0.6240722771298999,0.5457715223585075,1.0
0.6370949293729997,0.9711242998362652,0.4459412185570299,0.6063556427366195,0.587044990308258,1.0
0.6905566506584624,1.375250216256404,0.37923489504910046,0.6412296378634337,0.5396342480968105,1.0
0.8545750334325486,0.9808683631217561,0.38570689391915064,0.43432005514753746,0.5828606885755904,1.0
0.8382892343628003,1.043789183637932,0.34684368452944675,0.4789337502339775,0.575526843797711,1.0
0.8751506254333984,1.1277058734512584,0.3629332023855927,0.4293050518628269,0.5638404807123804,1.0
0.6547375881440044,1.0058058876306364,0.4181030920457643,0.6161272012020411,0.5823053546835086,1.0
0.7929208529433633,1.2225370846029062,0.40212116166833817,0.4619968664127208,0.552224930855025,1.0
0.8215614348394046,1.1066051741746656,0.3904591499311548,0.4468278960082101,0.5662018999520642,1.0
0.8082447966263031,1.3445806581628217,0.31174999089807187,0.5593687934691857,0.5420653083116332,1.0
0.7786039868051889,1.3178737073029545,0.31507261041838,0.608675764191118,0.5452086417958981,1.0
0.6352393849890592,1.4530450366094045,0.43957401253713924,0.623842721171642,0.5318632728234104,1.0
0.858886295135021,1.3311015449960992,0.42880660759272055,0.3816668025941433,0.5397793437660414,1.0
0.7379166910117968,0.9677525981696038,0.3974699790612826,0.5255923045357049,0.5863142519360673,1.0
0.6716635305259044,0.9801192027085178,0.39705341298641317,0.6334426992131905,0.5863810191306247,1.0
0.7573691713590304,1.173466075621835,0.33376549583472465,0.5964724222029599,0.5605513453886813,1.0
0.9453819432704482,1.4221268004867045,0.383913660086966,0.34556574545772556,0.5309161504942247,1.0
0.640107511791944,1.1811610372594494,0.43299346671399264,0.6450617575036016,0.5597698147446079,1.0
0.770758888665237,1.342102467477414,0.3249927874212662,0.5893684316460021,0.5423888815468628,1.0
0.6644871162220327,0.7428057377050129,0.4048358406348803,0.6382543239038995,0.6281849845217451,1.0
0.6177932923522116,1.597850807292279,0.4665097449141343,0.6263711696241033,0.519719492485189,1.0
0.6971687622253785,0.9674907712102049,0.3853507892825286,0.5905910324264695,0.587717034558022,1.0
0.6853118606538106,1.2190967307057374,0.3835793992470524,0.6366538757506626,0.5557418828813736,1.0
0.7745961137094093,1.0349443586355458,0.4684557762356206,0.44065350691766536,0.5747111585256175,1.0
0.7517438725065274,1.2951951991009234,0.33481534168087446,0.6014515140949226,0.5473433899771804,1.0
0.7073573798191224,1.3841942015864817,0.36810501730300876,0.6265861334203868,0.5383865312074632,1.0
0.6413464292932939,1.291262622906753,0.4383292797770196,0.601568651929679,0.5469334506293904,1.0
1.372290945922457,1.4263188797613031,0.39280576115981797,0.03547248212753629,0.5244144829342827,1.0
0.7383992307969163,1.2649647132724398,0.3623116096057184,0.5601360916474374,0.5495740297191636,1.0
0.7532258831717634,1.4145505770814362,0.3814427722941553,0.5116463285628599,0.5344374006962607,1.0
0.6525630827817144,1.6867244477655203,0.42160609486886347,0.6035581604649876,0.5131278685986688,1.0
0.6961981136580593,0.8038910321561031,0.3738396169159305,0.6536356910022367,0.6165151908224347,1.0
0.9326251273063295,1.4946495721208146,0.435427251608079,0.3188538237954376,0.5236534114354172,1.0
0.635454463140805,1.5040289137927232,0.4408421471437529,0.6219260460488947,0.5272550864145827,1.0
0.8081740209784865,1.0289208734410418,0.3135759149846851,0.5633805552695241,0.5791793992239085,1.0
0.6618878985572737,1.276348878770265,0.4068394529357011,0.6354961314881404,0.5491942202479269,1.0
0.8325161333762506,1.5073735644442419,0.3724509659760256,0.4490750314350271,0.5247972002018373,1.0
0.8895418658620751,1.0569504936841878,0.41794200447754765,0.3779142373369603,0.5712223921184113,1.0
0.7448814277038688,1.2589500101456914,0.3385328266237665,0.6133807591441145,0.5514492467233018,1.0
0.609600619350072,0.9570343985319293,0.48487376365049817,0.6409783128512634,0.5893114218809591,1.0
0.6620150039875912,1.4126659405516504,0.4643188049869162,0.5438653213178507,0.5337920740579912,1.0
0.8115865670435308,1.171153858555095,0.3345832848152479,0.5163056909793861,0.5599379543250106,1.0
0.680613674894039,1.421400522576169,0.38867245284919166,0.619455630237687,0.534964297121308,1.0
0.9578523750712526,1.2276158707529434,0.29785947771952903,0.4331060103146084,0.5523246860666573,1.0
0.9017239959890251,1.5633977800909,0.39214836385321383,0.36823633893787067,0.5196890957974737,1.0
0.6838891792638989,1.0737225449576357,0.38710648403278436,0.6232721598569364,0.5730703587232587,1.0
0.6828530801316309,1.5287589811756819,0.38632067952124155,0.6222052583165574,0.5257047415884958,1.0
0.829983897808445,1.2781205247441167,0.31678280134569126,0.5217883088665312,0.5480466370015489,1.0
0.8024630629218581,1.0988991309103664,0.35620946228788347,0.5051379655708625,0.5679776312342929,1.0
0.7244068763920399,1.3427111432700023,0.35106726979646463,0.6254575164123128,0.5427689571409219,1.0
0.8199466364187589,1.396305231509566,0.40497741070586063,0.42715913845948605,0.5346907206005734,1.0
0.8061623975881052,1.0649327601364362,0.445338739610895,0.4237794327545405,0.5707397284630916,1.0
0.7528049924130722,1.0902087020379543,0.41197755529688107,0.506862420243974,0.5684175557184431,1.0
0.6650778495205869,1.6057732460539305,0.453209597489058,0.5553711628367882,0.5178153824714624,1.0
0.6322290822117751,1.1428029928040009,0.4460946952860177,0.6471145675583236,0.5644262155470882,1.0
0.675262662939699,0.9113167276532592,0.40479597099581666,0.5996380247581827,0.5968130420213851,1.0
0.6943193771572703,1.1631870138601201,0.38442141011225284,0.5941500889147655,0.561453193978495,1.0
0.7847855045831706,1.324008363340092,0.39149134947029,0.4719639706190465,0.5419453818217616,1.0
0.6458955476493491,0.7691368990965023,0.4521592427084243,0.58763091628709,0.6214999782756891,1.0
0.7434803168159889,1.0849995055169839,0.38894942104165237,0.5200341504666834,0.5703047145011373,1.0
0.7388501157488315,1.114481647299461,0.34232940604962403,0.6125931459061207,0.5681506989414855,1.0
0.7458154332547019,0.8301649924099073,0.44488402664146304,0.4845839749007549,0.6085972840469731,1.0
0.8301743183812469,0.8396755484692154,0.3797045895872411,0.4609925102467115,0.6067553053563081,1.0
0.7731023415805219,0.9484538471428746,0.3223365460463066,0.5998769637270892,0.5913556303328267,1.0
0.8962387310568537,1.2309158235026016,0.4762144043460119,0.3390974882421781,0.5487600296612448,1.0
0.6499905080545563,1.0728965035280917,0.4208263457689852,0.6280662474970689,0.5730894641383576,1.0
0.655103025208087,1.0943963394224823,0.4176702840717394,0.6138820080679572,0.5701365246138694,1.0
0.6592888110695372,0.9382144188129701,0.4093791402451752,0.6377535366244953,0.59284932130487,1.0
0.6480849384459781,0.758243088717928,0.4236377351771148,0.6461611423879146,0.6247702736420844,1.0
0.7040925807295506,0.7375977216654825,0.38567705295722465,0.5852363538816672,0.6284001371997882,1.0
0.8404331381234286,1.4273694191882613,0.4415744515941387,0.3864407252264534,0.5305089745214775,1.0
0.6959913767168584,0.9435541639622805,0.3784270734822028,0.6106358326542152,0.5918039876155553,1.0
0.6243804269997645,0.8161736787513167,0.45691331576747424,0.6363723578732102,0.6131955213946082,1.0
0.7620554578576759,1.0662093747117878,0.4418238025567197,0.4649058312913431,0.5709986780103425,1.0
0.7193763348901931,0.9807171408682083,0.3683933114787549,0.5836125580641593,0.5858452643256048,1.0
0.6426112699430947,0.5965591802574058,0.4477540923334764,0.6087711939455385,0.6610959395507534,1.0
0.7400933556048137,1.1230879113109828,0.38991671939740224,0.521736960706961,0.5652548090806471,1.0
0.6391460197793566,1.0247419736594425,0.4346279886622536,0.6275544968013913,0.5796078166933949,1.0
0.7126634500190696,0.7872819078138339,0.4091946445634431,0.5428383401794379,0.6176208206421122,1.0
0.6644947448452182,0.8022128581718543,0.4153368538297778,0.6024197532298403,0.6157029812820772,1.0
0.6720698923827465,1.1657179975591128,0.45743539746528034,0.53505333204341,0.5596913748009761,1.0
0.7339015631583771,1.023925457220158,0.3644061326628213,0.5674556892191926,0.5794927192405906,1.0
0.642006849334101,0.8573355057507405,0.43009030161053635,0.6447816245058171,0.6061873835540392,1.0
0.6678488337173146,1.106843222010288,0.43932236414762915,0.558526279941342,0.5673658548876137,1.0
0.6100037332259575,0.7636304502881325,0.48551177834552567,0.6470785959878862,0.6232217160398575,1.0
0.6540133611749136,0.9416276635571232,0.4159442745808683,0.631700621933224,0.5921352500127072,1.0
0.6795820827619397,0.6956925254135,0.3890312965012187,0.6490867491197647,0.6383716440520126,1.0
0.6297737276606177,1.0637375325577174,0.44809829063864065,0.6346580361470353,0.5741210348354528,1.0
0.6242454929101146,0.8589198079410263,0.4563095956437003,0.644569597328565,0.6057337413929899,1.0
0.6882723669983676,1.0404206425631453,0.38901413185366085,0.5985035607822675,0.5774224090849205,1.0
0.6337333163949798,0.987883870686598,0.4411248979826383,0.6402781109386165,0.5850442623451124,1.0
0.6439904989475218,1.0230111828644972,0.44810886686327256,0.5928087474344704,0.5794954842263518,1.0
0.6325949403756828,1.2516719395543157,0.4742273152343563,0.5739356325596632,0.5505122662697308,1.0
0.8726095328582246,1.1409347281803663,0.4292701610955124,0.3796374610583528,0.5604193350752591,1.0
0.7554636382220273,1.3461260525610148,0.4666514645997043,0.44500850044525714,0.5392970875994744,1.0
0.8446179369510551,1.062038473151742,0.34372513135694027,0.48344447686424463,0.5724962500012756,1.0
0.6540216339892397,0.6790550673028868,0.41992515750489445,0.6262829284737712,0.641427596929317,1.0
0.676636060252409,0.7813508348863437,0.39607977082889634,0.6181330735184071,0.6200441023157657,1.0
0.655468578789139,1.030373192012748,0.4138651029101691,0.6418268921075141,0.5792637433214081,1.0
0.7310066290645602,0.9744938457012833,0.3529169947462758,0.598383769086551,0.5871148292084888,1.0
0.6360781538636677,0.8580335550982239,0.43893134110322907,0.6334131552354887,0.6058671095937376,1.0
0.7621455296908202,0.9743774450995886,0.3822199763450322,0.513864229438234,0.5853899120530067,1.0
0.6284079645682642,0.7193270218747162,0.45256447030377295,0.6395469618739718,0.6324255782375482,1.0
0.6190186356783319,0.6850353856238783,0.46713024810456,0.6532797152030677,0.640217529247092,1.0
0.6943220919952894,0.8474313866355483,0.4272961808135756,0.5436866353325802,0.6064355040552496,1.0
0.6495949403580429,0.9543566588800703,0.45958961512261404,0.5682347470006293,0.5889118431745788,1.0
0.6592583916073645,0.7947268766028026,0.40954175453913255,0.6463374904581343,0.6178998625150097,1.0
0.8911821425611186,1.5287242968647181,0.39793736417902087,0.3773974766577037,0.5217990009974848,1.0
0.6753186981217169,1.1720956656784434,0.4126975367954675,0.5753108490282015,0.5600403644250522,1.0
0.8076024202911825,1.093261765826625,0.3424817761741185,0.5111328794408915,0.569321384636171,1.0
0.7681092975757786,1.1092981861253195,0.41746202354611456,0.4737702329767757,0.5657898668247757,1.0
0.6645763759711778,0.7828107327274307,0.4040018881735688,0.6472930554700057,0.6201605994827607,1.0
0.7991313618457889,1.4883440773760452,0.43894261165620535,0.4215706901694578,0.5256082170987006,1.0
0.6398603492628844,0.7717106915036107,0.4332299285591977,0.6422000714267997,0.6220391934790477,1.0
0.6861402269915519,1.116403769327104,0.3970068388672415,0.5857614643429176,0.56724265737203,1.0
0.7143600980425767,0.8611809361723228,0.3703093056844367,0.5923735530448623,0.6052673563556756,1.0
0.6440456188222378,0.9948101081012823,0.43030626589531046,0.6416642642516981,0.5843560066862488,1.0
0.6715413509757772,1.0291980923920203,0.4011676072685806,0.6110897613380166,0.5789635126672685,1.0
0.6434531371136554,0.9751632286382278,0.43272381809235977,0.6333003449696089,0.5866720081312331,1.0
0.7087556777535264,0.7656739816263196,0.4013179029300611,0.5565615038114079,0.6221349482162365,1.0
0.674407083374044,0.8566526262726554,0.4113196361960434,0.5924226296680963,0.605435204983445,1.0
0.6599404618149236,0.91430502427142,0.4200835121747935,0.6026471532406855,0.5962204317727997,1.0
0.6275726863087161,0.8485520986191114,0.45460845181239384,0.6361771039055635,0.6071954042282998,1.0
0.7127123622621523,1.2787183214912021,0.48342996966040347,0.4767016981112796,0.5463456094449449,1.0
0.6618607870699372,0.9108638976121,0.4135808919994176,0.6092396296601015,0.5968322841061232,1.0
0.7096153838451038,0.8023240942616243,0.4164590035487953,0.5433272837119696,0.6143285009552679,1.0
0.7327500554288525,0.9954351391338307,0.4080437777034779,0.5150555044669922,0.5824649155587828,1.0
0.6445657441486485,0.727962183295858,0.4272708460407962,0.6473094025765831,0.6311790581954124,1.0
0.866756697802486,0.9177302001480309,0.3861520014862148,0.42354375192417515,0.5928023234324223,1.0
0.8145091886709909,1.1798301814253112,0.383064487778873,0.4565637494315762,0.5574992795037689,1.0
0.7010641447600726,0.9528712885847292,0.4207359412905435,0.540468460503167,0.5887469520663856,1.0
0.7949476517871281,1.3752536942089713,0.3741922353450601,0.4768657089796223,0.5373104824682232,1.0
0.6938372344054945,0.8599815042090134,0.3955251010530941,0.5813930787270611,0.6049415626392001,1.0
0.700121130443359,0.8093758976514719,0.39233196277997157,0.578128613521456,0.6142294974563156,1.0
0.7649070684204563,1.0110777607809078,0.3536481660572798,0.5443595648850037,0.5808882013004517,1.0
0.7228339014846029,1.1360588505943974,0.3990708330679627,0.529668300300293,0.5638806840393116,1.0
0.7455316359389709,1.0483277268178623,0.35966635039923056,0.5605068630470887,0.5757290401044934,1.0
0.7596046551282696,1.3362755939389546,0.409267246049,0.4767310397384665,0.5409595933017108,1.0
0.666555438143095,0.8778355483584264,0.4039731009557465,0.6234121448214678,0.6026011669589811,1.0
0.656657382160146,0.7553288502403295,0.41511851372132846,0.6284219812982418,0.6253689817082576,1.0
0.6643898730158544,0.8977148433974842,0.40428310203249174,0.6449394137754061,0.5996334880658578,1.0
0.614554202766572,0.8176762059083779,0.47485951138075577,0.6424019181181412,0.6128334877969962,1.0
0.6683202962589158,0.8095026525387676,0.460133995917167,0.549529673972953,0.6131030477651415,1.0
0.6339379297032183,0.8610387980406299,0.4410683549836763,0.6420493963343895,0.6054232348685035,1.0
0.7026079761501661,0.9810669156792291,0.37111945015067277,0.6153379470124669,0.5863230724163623,1.0
0.7538178912995194,0.956976017039754,0.4275415964676975,0.48592246422173246,0.5870128030040879,1.0
0.6528067064076871,1.252889713526959,0.4851620630611663,0.5449622310946899,0.5495083177291789,1.0
0.7659989487736241,1.0688865234395666,0.4271351328043068,0.46740581103241685,0.5710244455751522,1.0
0.6468830908436644,0.8024456864112522,0.4510553799223127,0.5919254698779775,0.6148538224463046,1.0
0.6894605385407204,0.7864094147020895,0.46430719164126477,0.5257472199796593,0.6169551719675229,1.0
0.6797927019909142,0.8173760220756153,0.42790041496718006,0.5615592319976477,0.6120780624599685,1.0
0.7040097812310186,0.7588205838600028,0.4245240079376519,0.5395632208511851,0.6229516798265179,1.0
0.6989630981034126,0.9112946168445054,0.4389529149444673,0.5273293546287158,0.5953556186082051,1.0
0.6415935600698504,0.9958028064848282,0.4439883426201326,0.5977041144114098,0.5832540471320944,1.0
0.6441253802079545,0.9194484245275006,0.42733070501000475,0.6375302172387081,0.5956958492099508,1.0
0.6393336688555271,0.8384487398347851,0.4517075022835676,0.5972404689493557,0.6085793970051623,1.0
0.6368018587009374,0.898748924977485,0.4370918076579755,0.6397392089187564,0.5990569069585518,1.0
0.613425460351669,0.8401799003295494,0.4777207383290462,0.6505123988939316,0.6089342868654272,1.0
0.6311232471314139,0.8042765932152325,0.44886128332080166,0.6261515042179833,0.6154439282269182,1.0
0.6803066243119203,1.1459924024918529,0.410506982486313,0.5711190407912722,0.5631645722674888,1.0
0.6230413484249994,0.8625817022439692,0.45831093392161665,0.6401838510517837,0.6049322295102686,1.0
0.7017134142423367,1.1179532415450208,0.43109194508186527,0.5227801907656867,0.565618421873852,1.0
0.6466427705801034,1.2982880845725813,0.43941897833736643,0.6751798540390002,0.5472568250570251,1.0
0.718388724342309,0.8786508958560302,0.3923485054999594,0.551122898124364,0.601425501630984,1.0
0.7625302060618172,1.0085598877120239,0.37052045965649405,0.5238187238815717,0.5808553552363341,1.0
0.7038510453057185,0.8381574334853473,0.4363399990407588,0.5272131711342828,0.607829081097309,1.0
0.6546859046712094,1.2330623199652289,0.4181689958621403,0.6116526952163243,0.5534600277639289,1.0
0.6454460945158398,0.9433316693392624,0.42667691009566644,0.6296530819768815,0.5918410525735851,1.0
0.6628671133770461,0.8448451907508416,0.4426668408261771,0.5684718902468121,0.6071055088600233,1.0
0.7516634613605331,0.916667120408068,0.36991043605996227,0.5398581469137904,0.5951764989151824,1.0
0.732536040622162,1.096971543556768,0.44884930134246825,0.4807857212659678,0.5675705894507768,1.0
0.6187396915056145,1.2529717042740016,0.4660573049360429,0.6441688248985721,0.5513950545203328,1.0
0.7980294490842441,1.077216508925895,0.3985421439237002,0.46126970167785025,0.570078619455677,1.0
0.6978339232376187,1.0061871134440412,0.38527848310780527,0.5874700841192991,0.5820496721003444,1.0
0.6450503060586484,0.7549235674301333,0.4268043948955503,0.6401675435274403,0.6253960578383896,1.0
0.6142569449911757,0.8671187971653732,0.4749101325909239,0.6403530923604398,0.6040420096876118,1.0
0.6776511810022173,1.1331100071174043,0.4161681215065191,0.5767846670029306,0.5643829615294743,1.0
0.6623259819873336,0.7682191249285047,0.42028475196883286,0.600036326365332,0.6222665352154064,1.0
0.6700004177848073,0.8370444952133089,0.45585255585797146,0.5493395900547782,0.6081210852073796,1.0
0.6211871182774771,0.7048824807477603,0.46239965152424867,0.6464665142144826,0.6357348438808559,1.0
0.6160132975475954,0.7278020233940463,0.47223851687047647,0.648520193136194,0.6307501789490995,1.0
0.6790065701486654,1.1823147550703423,0.455060204506767,0.5418669472758965,0.5574564018728735,1.0
0.6200361651341294,0.8931536763828187,0.46335286314931456,0.6418648567512755,0.5997257679632496,1.0
0.6269715606228323,0.8393957998397618,0.4639519276887271,0.6089245303643703,0.6085571247914349,1.0
0.6256731315164995,0.8429484771798403,0.45398940738956,0.6474615304400686,0.6085856585062108,1.0
0.7290374096218224,1.2045659634783685,0.41865506081157444,0.5058587822815735,0.5555488878235479,1.0
0.7682263976447296,1.0432792654692618,0.43637809090188745,0.4628063583899356,0.5741595814496623,1.0
0.807352866229476,1.1131934991311998,0.3831020082660944,0.46507777336572653,0.5659213446655388,1.0
0.6745376919046698,0.8592754918318266,0.45638072222339215,0.5427512562256502,0.6040140800344004,1.0
0.7156868453578767,1.0293525692116348,0.4017936665371507,0.5395365577797261,0.5777421501618585,1.0
0.665508082517233,0.8145084768166921,0.416265542733613,0.5982339948788236,0.613331249341176,1.0
0.6967207544719188,0.8779951755687708,0.4241118716434528,0.5436134628924869,0.6012876422675573,1.0
0.6189030943508687,1.0184091706342178,0.4650371619711031,0.6393969994564225,0.5803956222692881,1.0
0.6331411536204804,0.7411347701852973,0.44296413686416003,0.6426531997189571,0.628205485120207,1.0
0.6540961753916164,0.8303658919338784,0.47852276129287385,0.5543324723651124,0.6091575659618012,1.0
0.6270163796886591,0.9826982596414225,0.4513379297496199,0.6422553944255069,0.585787241369629,1.0
0.634482175232432,0.8466417546331066,0.48146365441821143,0.5781981661497122,0.6065704821426162,1.0
0.7082626582855761,1.0098167232152098,0.4457692783283928,0.5103047877328767,0.5796497472881691,1.0
0.6342371709856363,0.8795514879178661,0.4416725475765157,0.6324290572859853,0.602032069530831,1.0
0.6800803025588718,1.0517203969234878,0.4445299414358512,0.5378696641166829,0.5744799867755533,1.0
0.6309245170094284,0.8896026975456145,0.44541827516674165,0.6420013918453473,0.6005065191381924,1.0
0.655153622710807,0.8859960988331358,0.4259687468975008,0.6100528947217226,0.6004958596569654,1.0
0.6286067568346146,0.9888733532320392,0.46974932446877926,0.5950441428636384,0.5841326165797153,1.0
0.6097764820459517,0.9587701026650999,0.48490817996406493,0.6440998955714196,0.5891286402380356,1.0
0.6315520261605123,1.2406694359286234,0.4689912368859756,0.5809010823919111,0.5518229609014204,1.0
0.6601020007130722,0.8541192259957968,0.4488995702654409,0.5669207882336976,0.6055018147562301,1.0
0.6234002976000568,0.6807357577034606,0.4594460028985557,0.6402405033436684,0.6410406485559278,1.0
0.6257815968523229,0.9726960838030683,0.45428502502623186,0.6312210023838367,0.5871239540377248,1.0
0.6758361858014723,0.8351957005600125,0.43083597776921134,0.5630023678442926,0.6088644938546363,1.0
0.6241532601788624,0.9797672717796884,0.45684755354411344,0.6331331108280892,0.5859424603808083,1.0
0.6661866030939425,0.9143496728046345,0.41378761601395675,0.5978943503221991,0.5960450553898006,1.0
0.6289579865439423,0.8613990620082805,0.4488995632953931,0.6447305515966603,0.6053953964441571,1.0
0.7193434219984347,1.0236322989466065,0.4413767136099564,0.5026757348111932,0.5775642611517062,1.0
0.6741808876150039,1.130926660868991,0.43261017759956244,0.5554897737082094,0.5643736965298974,1.0
0.6334315867577691,1.0347527738555775,0.4415836581698028,0.6417833213899469,0.5783476244940263,1.0
0.6999736991638491,1.0450817399306218,0.42314326699431737,0.5407825395796168,0.5751991651627415,1.0
0.6960684138592333,1.0407292597010682,0.4500942678044536,0.5171971644996752,0.5755157720655195,1.0
0.7018819457320283,1.2853345055446523,0.41840124041999177,0.529062469521442,0.5467836809467426,1.0
0.7037136384595286,1.049284841365594,0.4662308585616216,0.4996271886616773,0.5740231875744015,1.0
0.6163400836828562,0.9670405664759921,0.4700710051775021,0.6396689376516975,0.5878950104645208,1.0
0.6353774226896689,0.797636355113964,0.4398193584509989,0.652655833591576,0.6171480284436024,1.0
0.6303810571515451,0.9086258007548109,0.45955903011608495,0.6043649835130593,0.5965794638665683,1.0
0.7232323997010415,1.045636764365616,0.4459411351073594,0.49406127969427693,0.5744240162689255,1.0
0.633535191884787,0.8851730744728844,0.44697527956977595,0.6179927058509745,0.6008183504142904,1.0
0.621853420778681,1.0000730150090942,0.45991674668798477,0.6359657119493843,0.5830240249685693,1.0
0.6122475938393,0.9680526830895607,0.4786631794496496,0.6410973708247666,0.5877012989552115,1.0
0.6372669999993098,0.8578218172887349,0.45323656196729645,0.5987318485420808,0.6051729306717961,1.0
0.6166555257119445,0.9836935941392652,0.469422893711735,0.6388135311619481,0.585416433617868,1.0
0.6107808279913561,0.8948408678171069,0.48240028979698707,0.6419469310050778,0.5992770389664254,1.0
0.6228143754717218,0.752035898691745,0.46156431987709284,0.6345676065288653,0.6257220399235863,1.0
0.6236391623026358,0.9501854875051093,0.45683081689096344,0.640986597412592,0.5906190683073622,1.0
0.6318885250880361,0.9511876223938243,0.44416245713440106,0.6462937769872722,0.5906702885538516,1.0
0.6155540581329485,0.9485245692810863,0.47323721673266034,0.63403328572266,0.5905301619326767,1.0
0.6143052677889523,0.8593312211296955,0.47475550311526876,0.6424008477899537,0.6053989040084284,1.0
0.7244839579586028,1.0061457485239378,0.3959368728889471,0.536112516689373,0.5813621314784436,1.0
0.6527600037942324,0.895810420139826,0.43343371483590004,0.593878390338755,0.5987502154664225,1.0
0.6473283547390005,1.1465761714413594,0.4494659152735299,0.5755803854427808,0.5627428210307848,1.0
0.6266513348246442,0.9788744761765151,0.4520331778863996,0.6443306619481473,0.5863704951090052,1.0
0.6348147675017108,1.1768381212402554,0.46032950655410537,0.6796254227306914,0.5605135625499069,1.0
0.6416722197710089,1.083789018025497,0.4527694758512611,0.6006266138416391,0.5706433788351557,1.0
0.678524386770411,1.0711699791965024,0.46613946710037807,0.5246620268888994,0.5713764643828603,1.0
0.6331839298636006,0.9432724621542861,0.4420226125578118,0.6383980871381796,0.5917989557348377,1.0
0.6310441036752698,0.9134442915193254,0.4451942472046149,0.6404015886740841,0.5965530474703382,1.0
0.6123913816686636,0.9908441452480705,0.4785316749025881,0.6367646794737225,0.5841878348500888,1.0
0.623215805808463,1.0476261579453892,0.47580944829670696,0.596329595843299,0.5755975067611095,1.0
0.6782951118622155,1.1550225947285893,0.45315378844206056,0.5303466008167738,0.5611447563316041,1.0
0.6091721354793245,0.8410860193876531,0.486762916829829,0.6433997362767909,0.6085347000975994,1.0
0.6294030924898075,0.8426128255759052,0.4774972478421453,0.5895260977570219,0.6075075547140186,1.0
0.6205900481422296,0.822711379729183,0.4626665253022537,0.6435157364034098,0.6120879957392089,1.0
0.6198277492084803,1.153394604644759,0.47127697668195134,0.6575558109924171,0.5630626267998963,1.0
0.7079449681658271,1.1566351940425108,0.4539345347179739,0.49861606365575223,0.5604401790076727,1.0
0.6153426684632246,0.8890957493452384,0.4725751402117501,0.6413137237826985,0.600358807242269,1.0
0.7051235664391668,1.06863855333659,0.4465564634311555,0.5099714930168664,0.571595930478538,1.0
0.6911281526389967,1.0068392317721997,0.43110473874173644,0.5430227961398765,0.580587486529974,1.0
0.6897758086396097,1.003380635186573,0.4512100465736251,0.5301196377030771,0.5806567568307783,1.0
0.613598882818476,1.1005026781583223,0.47594175617013085,0.643056434758677,0.5693166224661771,1.0
0.6434608605585969,0.9218753371621621,0.4327506541836435,0.6168155828586505,0.5949519916444922,1.0
0.6391215079951527,0.8674094565466998,0.4711703737784789,0.5777704237415421,0.6029772385144456,1.0
0.6219439723066267,0.9606888287490027,0.4601269100197178,0.6340715165441555,0.5888756593230021,1.0
0.6180161094872393,0.8248065200657544,0.46755221358339505,0.6441574609114907,0.6117066597720942,1.0
0.6315719165403203,1.0725042409219967,0.4682511577597627,0.5861570257663313,0.5721497019124832,1.0
0.6349780378714949,1.1313003311515963,0.47858969743174085,0.5721336748932435,0.564535947061815,1.0
0.6213204879259699,0.9153954211953919,0.46101086771235594,0.6435375482236293,0.596145161547676,1.0
0.6557554903262495,0.9121277413318498,0.48175641453718043,0.5472634320020482,0.5949953118186024,1.0
0.6163712551535149,0.9258993522497576,0.47240226379701494,0.6283867989625515,0.5940603563087689,1.0
0.6533938051645322,0.9862247534969397,0.4716808102865585,0.5531663535836522,0.5836902046775815,1.0
0.6399100435333062,1.0182540595007106,0.44965792721769154,0.5925789472340104,0.579893359631372,1.0
0.6254573842497276,1.0281206191270833,0.4746045819205379,0.5932489857135614,0.578282126192786,1.0
0.6262928715656362,0.8236519338991346,0.45287290052018325,0.6432726411507819,0.6120206754604652,1.0
0.6102259480964572,0.7537803137203933,0.4849821873965611,0.6457554616871879,0.6252019829283998,1.0
0.629853556149097,1.0307956807908882,0.4618509795785814,0.6750876198326834,0.5792166445976074,1.0
0.6219279293667953,0.7857937271384006,0.4606704500029658,0.6409921818256841,0.6190155447171385,1.0
0.6872598510326131,0.8788894220004987,0.4800060259546993,0.51619208587197,0.5999223240881015,1.0
0.6335348017313311,0.7995673201818322,0.4423025091449571,0.6513411643060713,0.616721541031901,1.0
0.6127484467006502,0.6779525788240909,0.4799270954089637,0.6487178601247143,0.6415916493218394,1.0
0.6489820655174113,1.1819870974694306,0.4855562806040771,0.5446440069448288,0.5577511890291231,1.0
0.693275151580017,1.0001569849685386,0.46272467762321196,0.5140052672223538,0.5810519325951272,1.0
0.6104145955272513,0.7694528711900188,0.4844017759382923,0.6470377108500798,0.6221044705373957,1.0
0.6497895330529545,0.9155474390104721,0.44835574093834496,0.5795777366906991,0.5952374102329363,1.0
0.634424286284129,1.044074736155854,0.4665639460590318,0.5835459592531911,0.5759383811520984,1.0
0.6576458561173572,0.9637947502787709,0.4801412872358305,0.5441803587638334,0.5867749707577659,1.0
0.6306595458121353,0.7841572360809371,0.46002470604737944,0.6072724008420375,0.6188227134063288,1.0
0.6384476134556144,1.047856358475816,0.4448387581575767,0.6708957518574172,0.5769155306594398,1.0
0.6295906987423724,0.9517792997231053,0.44889408434188344,0.6276457552987834,0.5902708307840652,1.0
0.644555975505616,1.133333449287366,0.4463970204633066,0.5862385506543178,0.5644502177714096,1.0
0.6612068451416534,0.9167771194833473,0.48693730339861757,0.5383803655471203,0.5940548399195098,1.0
0.6599426714138656,0.8978490113856716,0.460427845394145,0.5556966750585456,0.5976299581606863,1.0
0.6955633147905711,0.9730665801743485,0.46812801729344444,0.5094645215156307,0.5850554386574375,1.0
0.6601642835348654,1.0053863992922223,0.46474313752226315,0.5485526479238085,0.580970913211144,1.0
0.607901071537509,0.7872367095250837,0.4914350902027411,0.6425294875791044,0.618402505560891,1.0
0.6108786858894639,0.8129943911926881,0.4828370712198691,0.6438658249572269,0.6136817318444027,1.0
0.625600192568008,0.7738340535522668,0.45475840735440753,0.639255889794532,0.6214363351441223,1.0
0.6456789290836048,0.9578642723485093,0.4559271553942671,0.5771595448151332,0.588470436178756,1.0
0.6163318318329474,0.7086070960736593,0.4738793558596968,0.6385728640938566,0.6345551093195323,1.0
0.6146447381235336,0.7920056574493538,0.4786610186376346,0.6333230213227073,0.6173875296773607,1.0
0.6243233117901873,1.1529178566674672,0.46120032102735903,0.6132501920589055,0.5623591911286137,1.0
0.6141292269828066,0.7411798001910523,0.4762401985701563,0.6477767324110153,0.6279429180599766,1.0
0.6101818968904682,0.7834721098229781,0.4849161478069714,0.6472284987128708,0.6193215224752676,1.0
0.6242471583896495,0.7772987133885335,0.48350178459794096,0.5970391977578364,0.6197087984078694,1.0
0.6125661853277962,0.7489781407525804,0.47950725907431546,0.6443522162207627,0.6262272454966128,1.0
0.610667945457803,0.9065776743395739,0.482704090048826,0.6442986263062188,0.5973733342345823,1.0
0.6491176170089618,1.0571660658532345,0.47971172542655116,0.5516339069669464,0.5735485680419116,1.0
0.6435659264162511,0.7895546126425782,0.4719416506885252,0.5737307801968622,0.6171439673006894,1.0
0.6326941324671189,0.8984669241836071,0.4622857181477163,0.595731039735166,0.5981525236205701,1.0
0.6356260622806806,0.7974693859578311,0.47730184906166184,0.5813001230218683,0.6156650495514363,1.0
0.6245821440506176,0.8295122395679123,0.4558185996440567,0.6458923936752491,0.6109912826506145,1.0
0.6133664985314498,0.7556794442163925,0.477628413523754,0.644137040310134,0.6248787107362683,1.0
0.616853349761815,0.982656477209154,0.479843214324141,0.6099480492473002,0.5850389764043539,1.0
0.654078867078972,0.9339993637878958,0.46979132311778254,0.5553278567945018,0.5917286698207627,1.0
0.6237132422826128,0.7849280622166267,0.4773476533008886,0.6031070533067676,0.6183945287784927,1.0
0.6191492560606768,0.8860978778492904,0.4651225718254745,0.6450974965748054,0.6009676181685545,1.0
0.6412414920450751,0.9341582967546935,0.48563689986106534,0.5628516209067117,0.5917318998986584,1.0
0.6057566616626273,0.7737371883070762,0.49833945329753065,0.6375019699473148,0.6209290600618201,1.0
0.614003011995219,0.7580155496498405,0.48427222025184863,0.6225294420071016,0.6239192943410159,1.0
0.6151430358693876,0.7251350526419139,0.4740401519306936,0.6474213325058248,0.6312764630566426,1.0
0.6177824150160677,0.8479191933824387,0.47659631829921495,0.6164746681242912,0.606999891064989,1.0
0.6082866512103133,0.8122490887264462,0.489373680346809,0.6454142016033978,0.6137972787209895,1.0
0.616492166711814,0.9099753421267898,0.4840969409460533,0.6083305665718809,0.5962434229143125,1.0
0.6105120747389355,0.8023113021615877,0.48392814743246687,0.6470480126222944,0.6157615806422976,1.0
0.6148468310082371,0.774473082380393,0.4781537397902442,0.6289292271290388,0.6209296888613537,1.0
0.6302886418920045,0.8388899656276312,0.4829987638822468,0.5841791388362584,0.6080651067886987,1.0
0.6161159436252946,0.7142281188897283,0.49209226071836404,0.6099544137045021,0.6328112782119023,1.0
0.6428185107097747,0.8668519029002832,0.4906958639789958,0.5610669994206369,0.6027746567364075,1.0
0.608801104164235,0.9137891858172768,0.4914795025977763,0.6569416404858154,0.5963213309545247,1.0
0.6239021867905064,0.9077982920415558,0.4771932607313866,0.5982004635867533,0.5964708004163303,1.0
0.6205870100128837,0.7450866543332305,0.4634500455950927,0.6509663775969465,0.6272748982806762,1.0
0.6228320707599125,0.7363318627627031,0.4596965549300155,0.6397813962376306,0.628952229645505,1.0
0.6249554259885948,0.9006280625705881,0.46895111682602825,0.6049072313923033,0.5978852744343741,1.0
0.6172723824453564,0.8396105002103723,0.47337789871935054,0.6276589699040634,0.6085571382073406,1.0
0.6059867568009033,0.7286974846116515,0.49705885723352233,0.6467151657967919,0.6302679109285368,1.0
0.6229365719756305,0.9336442223898255,0.4631532527805271,0.6225353610885055,0.5930027394814609,1.0
0.6259579922355675,0.8307727618957809,0.4694531986016009,0.6045951540661955,0.6099712702508566,1.0
0.6243121963293365,0.9441153047393949,0.46060863777845684,0.618955460128603,0.5911823220144237,1.0
0.6157391823249073,0.7037293762277319,0.47304289024283497,0.6457140479868769,0.6358609993171809,1.0
0.6058472160240715,0.7660688597266245,0.49690699728323184,0.6452603640203145,0.6226130706387217,1.0
0.6179339932819244,0.9526482466586319,0.47165929553931174,0.6228323203110644,0.589737330014161,1.0
0.6092057898155546,0.7545187216971206,0.48759047977211534,0.6461801569329796,0.6250488092118984,1.0
0.6119611299110471,0.7158758246687901,0.4902224980846349,0.6232172909159517,0.6326631915182848,1.0
0.6090177984000914,0.7039449699259063,0.48892043753315784,0.6461881229083974,0.6356840078609506,1.0
0.6072872545501831,0.936222344029539,0.4965652521726021,0.6242958245781567,0.5920979406029664,1.0
0.6074645995564742,0.7389314069113234,0.4925527444314921,0.6477444550521265,0.628196669419139,1.0
0.6094507289712522,0.7550514999641753,0.48693682430476076,0.6450309824984815,0.6249164664268142,1.0
0.6205288826229439,0.8079015202570251,0.4720765621002617,0.6162508560386203,0.614334003378747,1.0
0.6274705011303782,0.9800244616914047,0.4761315712510299,0.5895001232040422,0.5850994925436452,1.0
0.6285409997337803,0.8640348014285002,0.47776463360097654,0.5901714554572743,0.6037022328052037,1.0
0.6054497089369573,0.7661482002270551,0.4981851240699553,0.6455417319079352,0.6225987226080578,1.0
0.6148888644793632,0.8812487649970978,0.47507502986200856,0.6312635778136051,0.6014940271340405,1.0
0.6087183674816264,0.843377007253046,0.4921371836594667,0.6273811227793937,0.6078213727343608,1.0
0.6112057529814201,0.7048327844016369,0.48360658124774547,0.6421253317362405,0.6354429630720839,1.0
0.6104924791844683,0.7179656403512618,0.48499643877906895,0.6431856683342266,0.6326023736385157,1.0
0.6216053836782985,0.8197189364463074,0.4858262890623526,0.5985023561186839,0.6117382330992466,1.0
0.6201585444707897,0.856640852687921,0.48763670676352566,0.5984844260104567,0.6050872460593083,1.0
0.6154541012489377,0.7306812392106081,0.4733542758219293,0.6479494626502875,0.6301143416275563,1.0
0.627451452106656,0.8723329671693761,0.48199260330899907,0.5883724913414661,0.6022768955966245,1.0
0.6124972868653408,0.7009068701791474,0.480697602882351,0.6488035770223206,0.6363756155262467,1.0
0.6087468553974107,0.7067098943440395,0.49048570671173897,0.6475370246107194,0.6349631692122593,1.0
0.6126745859801537,0.7269539925110481,0.480339884774208,0.6394894680072175,0.6306591742061841,1.0
0.6173461237744532,0.8304042200258269,0.49255196333547097,0.6015982086056959,0.6097510012091698,1.0
0.6119574292962849,0.8751970983372819,0.4816523794591254,0.6310996296497139,0.6024221752665745,1.0
0.6121971087159133,0.8697272502013618,0.48493995260620304,0.6228644504924103,0.6032237093378312,1.0
0.611212402568698,0.8925489458146784,0.48802681248595936,0.6214113602736728,0.5992361175836368,1.0
0.6131815417392793,0.873484062766844,0.47874494551397484,0.6530801300593957,0.603082949247308,1.0
0.6138725030045492,0.7227711126482732,0.47703582968897773,0.6427258881880107,0.6316669144391354,1.0
0.6183715577407685,0.8633002201825409,0.48804240672390076,0.6017617288738388,0.6039259735641199,1.0
0.6192760307563441,0.8244151184792903,0.48770744450358516,0.6015530206773694,0.6108890537306633,1.0
0.6085642074842512,0.6802208746867596,0.49035949093270625,0.6476301043916224,0.6409268307181281,1.0
0.6123952987073809,0.8453270713258376,0.47917502713239174,0.6465342826850183,0.607899252012063,1.0
0.6098919962290791,0.707913632426523,0.4866153610630046,0.6482991352735907,0.6348062078809565,1.0
0.6109926048785059,0.8575559695488647,0.4861095672078129,0.6268195370831774,0.6053439263544368,1.0
0.6109384767554749,0.8711790648575793,0.4883821127565922,0.6223185259201568,0.6029083529682587,1.0
0.6149599542891057,0.7285848839907885,0.47458399600054285,0.6502132872016255,0.6305942461473798,1.0
0.6106093869044,0.7232149960143037,0.48633930142359966,0.6358919045858445,0.6313488116700796,1.0
0.6127097340343565,0.783778601511962,0.47880764130527237,0.6440646597050681,0.6193005496296705,1.0
0.6090745201637999,0.8440347063991693,0.49789694508912624,0.6179588812039296,0.6074875761054591,1.0
0.611564569521098,0.7312353056805995,0.48243653087225524,0.6517548673419046,0.6299766051661506,1.0
0.6053518082359651,0.8491990791711258,0.4980169804851726,0.6485492673967214,0.6070372128455085,1.0
0.6122899260564378,0.7264745536912959,0.48036067604720745,0.6477055341058107,0.6309211189520739,1.0
0.6065181590697779,0.7938304632509927,0.49489191212888806,0.6408508308216679,0.6171725350844355,1.0
0.6081240514728321,0.759596719958906,0.4906286570044888,0.6491783440326421,0.6240231522002344,1.0
0.6088271678405378,0.8554945486840335,0.49509539084415755,0.6220684281919064,0.605603343162647,1.0
0.607636925106796,0.7157711093557079,0.4925649137845422,0.6436864765672475,0.6330125711263362,1.0
0.611194494552266,0.7753614243544621,0.4937840550860692,0.6186540610698303,0.6203509239451891,1.0
0.6117886001023151,0.8220674749645815,0.4856319103985956,0.625545014022261,0.6116853714575886,1.0
0.6129458866893107,0.7959306835387121,0.4782725667366213,0.6468906536806903,0.6170263929300152,1.0
0.6080208158140318,0.843586049135974,0.4897775103843477,0.6423956960734281,0.6080482186844686,1.0
0.6114414367689355,0.8226610554559781,0.4814661535803838,0.6462421306912919,0.6119648421422351,1.0
0.6090039776169863,0.8555308796052873,0.4876532788939271,0.6369343268092835,0.6058575240250371,1.0
0.6119434036082166,0.843344368388057,0.48173419906476667,0.6535893759649261,0.6083225614709599,1.0
0.6066195080094482,0.8507523214727878,0.497799914086623,0.6279695815333763,0.606457960698841,1.0
0.6089807165529035,0.7324898472955084,0.48897742370606073,0.640988677410393,0.6294551811568728,1.0
0.6097477273980647,0.7400213575245713,0.48635630164488824,0.6457500233618128,0.6280118432654104,1.0
0.6076403630179167,0.7178423993741907,0.4923508972492456,0.6460785113016251,0.6326219881984381,1.0
0.6088610304599792,0.8300427999660958,0.4886539116748226,0.6358875721838901,0.6103813657587959,1.0
0.610754356435131,0.8786306921675104,0.48445342712205397,0.631156500534471,0.6018155052935413,1.0
0.6092399973868394,0.8178959594463312,0.4873653680069897,0.6496057182259509,0.6128252357361867,1.0
0.6073993107434625,0.8454859081418622,0.4914408059166488,0.6420982832352397,0.6076776459692168,1.0
0.6082883684791863,0.7726375182231023,0.4907268900375089,0.6521598635567851,0.6215029901327913,1.0
0.607232279739788,0.8572050675621032,0.491791129237539,0.6417903756783413,0.6056029046895132,1.0
0.6053121369159206,0.856166757779909,0.4974352548401209,0.6436224771385713,0.6057645990134107,1.0
0.6068062582553833,0.8238132641138023,0.4933194521503443,0.6434726779559037,0.6115963778340193,1.0
0.6091214917066984,0.8343819078032085,0.48694943483774256,0.6433314433950752,0.6097344830460074,1.0
0.606228090335208,0.8238398471661035,0.49504017506147013,0.6439568325850885,0.6115926725079648,1.0
0.6079232117479972,0.9100822279040719,0.4903832137024444,0.6488013491092431,0.5967928823536051,1.0
0.6077878130652669,0.8103056643600614,0.49073019204317125,0.6439812532860265,0.6141354512551477,1.0
0.6065886025455522,0.8641265783038334,0.4937446800715304,0.6393040593646141,0.6043471269317097,1.0
0.6067909627533973,0.9390991013066476,0.49585791497141446,0.6265941453289495,0.5917641429579741,1.0
0.608572343745589,0.8502256902263703,0.48824415756234235,0.642050338650703,0.6068645068493431,1.0
0.6089066515961604,0.9226883897649134,0.4886616697257335,0.6516274695908048,0.5948188646305527,1.0
0.6085554759125562,0.8369746988332799,0.4884248181035634,0.6419808177644136,0.6092288162022034,1.0
0.6091570277700215,0.8230624401660198,0.48904736767588036,0.654023725905292,0.6119802471638803,1.0
0.6055155239816822,0.8378476746417439,0.49701240926581997,0.6429815233783479,0.6089870566813522,1.0
0.6079760002071991,0.8634029859300453,0.4897009242833102,0.6431832776046242,0.6045729602978681,1.0
0.6068627739419553,0.9037039088123845,0.4934940793962144,0.6337753820791319,0.5975809223916336,1.0
0.6068071642776909,0.790644583805175,0.4937768411440513,0.6463441703213105,0.6178406500508594,1.0
0.6056766943633923,0.8327982097851587,0.49669698755670616,0.6456396015113707,0.6099359266010557,1.0
0.6053825659503562,0.8771657971748957,0.49697350087381165,0.6427530912906615,0.6021135012019545,1.0
0.6065443133820921,0.837681372598508,0.4941299031857718,0.6465143113964378,0.6091263940776992,1.0
0.6068767536589298,0.8376058808702193,0.4929760574760334,0.6427917580475335,0.6090864707143208,1.0
0.6077868842611573,0.8970489238706084,0.4905633828342816,0.6356408773979209,0.5987315527891695,1.0
0.6077224267124233,0.8382464972347407,0.4906748732298415,0.6453722957787196,0.6090305844924724,1.0
0.6069369375110653,0.857131893470607,0.49260405074763813,0.6430112643774425,0.6056311451119509,1.0
0.6088086804925501,0.8773600670193528,0.4912780171621404,0.6269822296681593,0.6018893858651285,1.0
0.6055928147557449,0.843218507040169,0.49682079522081446,0.6457367298180589,0.6080890680604311,1.0
0.6059218675705318,0.915773203545841,0.49680152312974196,0.6315252382204471,0.595553562171146,1.0
0.6059805147748679,0.8440866304739524,0.496949610733893,0.6345852827316117,0.6077606557731834,1.0
0.605680551767969,0.8505490768182677,0.4964279658375306,0.6417178404405184,0.6067043999898271,1.0
0.6067498722786302,0.846186835031294,0.4932406538281715,0.6435185410780707,0.6075543043810158,1.0
0.6078216065957253,0.8978298864288616,0.4899903825536294,0.6386641402241946,0.5986634501318521,1.0
0.6054819804877848,0.8696330341960491,0.49679309050223247,0.6437010605093142,0.603436641989817,1.0
0.6055578016301439,0.8574156630612362,0.49666661592582256,0.6416481011879556,0.6055117228961236,1.0
0.606452602215698,0.8641281768500734,0.49393219233465946,0.6424445785015019,0.6043731983841187,1.0
0.6064801103998486,0.8724862955542056,0.4938077113456919,0.6440604688415241,0.6029765315734247,1.0
0.6056501638507548,0.886759082847629,0.49611764412805515,0.6403455501512342,0.6004699017441002,1.0
0.6061304421304757,0.8490348078679429,0.4950197765071608,0.6431233987415652,0.6070183066377771,1.0
0.6064828380035611,0.8446213214850337,0.4943095951869936,0.6393129811119203,0.6077529499659411,1.0
0.6054354960548749,0.8579052006437277,0.49702266903907755,0.6421990850105008,0.6054389773081656,1.0
0.6064402812682216,0.860100901885272,0.4940124384214413,0.6429805842102582,0.6051039854568571,1.0
0.6066229194851793,0.8731561026352642,0.4935197984608964,0.6455173483014701,0.6028868458680273,1.0
0.6060223098678627,0.8782543080820607,0.49525611879456277,0.6388874588661155,0.6018956896110946,1.0
0.6058463026927582,0.8646599541485206,0.49574362787377885,0.6441725263553061,0.6042930127263912,1.0
0.6054418972030986,0.8570523059885659,0.49699684003712147,0.6427873509256199,0.6055914859263117,1.0
0.6064182602982606,0.8584163931428122,0.49418893524752383,0.6453322077230044,0.605417688369334,1.0
0.6054190769234535,0.8445698975316523,0.49722452235203646,0.6441131874200731,0.6078149521538052,1.0
0.6056130376228795,0.8547887570317457,0.4965044399940515,0.6428338467825978,0.6059869387710263,1.0
0.6053351928988917,0.8620661418532168,0.4974165411174274,0.6452283108871008,0.6047391457656941,1.0
0.6055207253192856,0.8511143758716102,0.4968486582408086,0.6441947984065876,0.6066551320992861,1.0
0.6057048112116101,0.8660284993864837,0.49612671283716103,0.6437562533736773,0.6040515749327904,1.0
0.6054626575655505,0.857507712626485,0.4969560148632737,0.6438189793587428,0.6055349907012624,1.0
0.6053033924042516,0.8568761227629054,0.4974326489159874,0.6431975479559062,0.6056286782908658,1.0
0.6054771791506727,0.8569727496901048,0.4969328885077491,0.6443387886400506,0.6056292947687353,1.0
0.6053540764841059,0.8585275395741095,0.49726133803274475,0.643299735611817,0.6053321663560272,1.0
