0.8440400266353121,0.30232949491766,-0.44943078129917396,0.5741433511429944,1.468655346584618,0.3
0.9765780616854102,0.34217922463287975,-0.4537158601890377,0.5095426764226328,1.0690650800437,0.3
0.7298803644908783,0.33589643310023876,-0.096090959871965,0.6335609945997194,1.5107565259184805,0.3
1.429492341791616,0.10369677244261816,-0.04014655259180111,0.6912199585967359,1.1579718739803548,0.3
0.6123681269019827,0.4278235969780494,0.5292769999490159,0.7098308583603057,1.242901952185677,0.3
1.9460379519762148,0.017700843104554255,-0.46636986385129087,0.2572687426695907,0.4277179513386458,0.3
1.031724653751812,0.2659776234004887,-0.13270133104458245,0.6810159470748891,1.1609005291679282,0.3
2.5861916186952225,0.18432491116267358,-0.6711050256122888,0.6294342148727293,1.387457346266869,0.3
0.9040601767357255,0.24997509564757292,-0.021183507898802967,0.6626161005993592,1.344595000347083,0.3
0.5801352532263242,0.44840156427542577,0.7146823158275747,0.62566522269838,1.8621101576379728,0.3
0.9374929027426946,0.3693496872362567,-0.5125993626833423,0.4578104451376836,1.1117200651254966,0.3
2.383324854008463,0.18995774217817568,-0.33622696601263236,0.7074795564515789,0.9837742150145301,0.3
0.9190308324227581,0.429632803913148,-0.42526808533721855,0.580465290748775,1.369236870074057,0.3
1.0880081286805332,0.3946108706290373,0.2708270501058761,0.7730544403623882,0.7913349408143102,0.3
1.2341477130104332,0.25307359537902346,-0.08574094088846243,0.7212229548175818,0.9399555324700402,0.3
0.8197893280600503,0.2642896771870915,-0.5985767681219004,0.4736949233983784,1.5283165408913453,0.3
0.8627254221929312,0.2548329169357349,-0.4332858119819524,0.5826802491764418,1.5069041716769702,0.3
0.8074434292957012,0.2782202620193639,-0.4015103912468243,0.5861468960857281,1.5733140252492333,0.3
0.6997361424720091,0.20652881770886217,-0.7354309603062509,0.43709556641076286,1.9768331142025526,0.3
1.0990768333325653,0.12780935113673003,-0.25750936298088567,0.6131504302064658,1.5739962809283103,0.3
2.0827954616353077,0.4442988365883445,0.13539098281707496,0.8899591371425691,0.1276793901193872,0.3
1.6154229301239098,0.14759523508032255,-0.24493528520323685,0.6968795526630356,0.950190610160343,0.3
0.9857410327446146,0.43792002982227884,-0.4584896026041635,0.4960607953227502,1.053469520158634,0.3
1.0598425195342869,0.3125994138489205,-0.40405979837030576,0.56988339034972,1.1164556787407771,0.3
0.6738830600045438,0.26855844559731795,-0.3925448146425442,0.5624675122751556,1.8681990322219195,0.3
1.4533086392358388,0.1885548745451986,0.7596581533752835,0.8585365971055795,0.515731747605696,0.3
0.7240921662023535,0.2724276517990194,-0.2756998548583633,0.5964784965579036,1.678474373296122,0.3
0.8591575874763534,0.33855588815396653,-0.5109118409854068,0.5264335512815911,1.4297479544762588,0.3
1.5368705105435994,0.37639868909165003,0.09328296067203662,0.8182113086592468,0.47891323693019167,0.3
0.744116410220475,0.3040245361155708,-0.3057538733904679,0.6024264272062237,1.6086064135849079,0.3
0.8686222150317973,0.21220388811096463,0.362144866321023,0.6876431979537936,1.333884601591241,0.3
0.8362560558902296,0.39318404227161197,-0.05035262880126977,0.6795702029901751,1.2233928988820808,0.3
1.1261395382683743,0.3286043281331156,-0.3368829102926125,0.6125354080550948,0.9573961647269483,0.3
0.7803356709983076,0.27391303487509927,-0.6543607787188666,0.4429762016805189,1.6052720340081006,0.3
0.8367778440649969,0.17643072752297484,-0.6367035649233793,0.4851628035789983,1.7989242923107027,0.3
0.705310288905225,0.2925643942147354,-0.47043305066665686,0.5507724498297352,1.8525413380346958,0.3
0.9708985426659769,0.2839650224266135,-0.10365332968217565,0.6801748854498296,1.1881520158685424,0.3
0.8389711421350035,0.2044456296709915,-0.6326003670402157,0.46813897181288383,1.6429266524601667,0.3
1.1516969658711094,0.10171084710703816,-0.021502949206747002,0.6278995531921259,1.5852574845870422,0.3
1.106699371701879,0.2953431303742204,-0.4456151987183691,0.5451912184014216,1.2171906204227052,0.3
1.366041046855127,0.28643766393817766,-0.38988399548152836,0.248883022054596,0.3164364916991821,0.3
1.2907237107502976,0.12061207195927723,-0.36326276876856445,0.6183145484803534,1.3631430331709047,0.3
0.9649118206759784,0.3502825305673822,-0.41752052868381423,0.5693917025175802,1.1566771255682071,0.3
0.8779607927921624,0.38179267880272094,-0.39972134648541763,0.5980250671993462,1.351910036620511,0.3
0.6857264119178781,0.27785152877861896,-0.33565339059938026,0.5772477437409681,1.7933015039902742,0.3
0.9366386971353597,0.3361617569839901,-0.05735102588675656,0.6932799582409424,1.127598155365346,0.3
1.500563973736565,0.44227819546237346,0.34453769486095376,0.8533192521877438,0.403351307616483,0.3
0.5444436494993168,0.32736490688972897,0.41843996675509787,0.643334951786955,1.6431103034909986,0.3
1.268656885861945,0.17036585828793532,0.13858197409368025,0.7195146235753879,1.0580196516135307,0.3
1.0751007027846238,0.4648525045357571,-0.36329637203125936,0.5253064036199702,0.8054555916950585,0.3
1.1474708162318616,0.27740111329215317,0.10414958316740308,0.7374638438296427,0.9379446128326966,0.3
0.8908000656254887,0.3530538432819831,0.6120212907788403,0.7797737342417893,0.874131636529129,0.3
0.9017083189988941,0.43253331131248207,-0.38461577667919766,0.5998606152418777,1.3803734348501036,0.3
0.7033937408467712,0.3525310919405757,0.5408502176390422,0.7268342448429072,1.148367364546578,0.3
0.7034729813515854,0.353448534065906,-0.0571504880537268,0.6279417748598336,1.5683196473655032,0.3
1.498283642122917,0.16294074247578874,0.11501115189229022,0.747455366726935,0.8771135897588912,0.3
1.0799893683237216,0.18833685376418807,-0.3714191334363702,0.6159208444725098,1.37338546998207,0.3
2.1041876097134975,0.385940218234085,-0.7106756742933725,0.5589460202750482,1.8935591988186689,0.3
0.9536309390032315,0.28216472541446214,0.26798804570173423,0.7211809545685257,1.0947838936250844,0.3
0.9962044144086067,0.2634028920517274,-0.24059864217446184,0.656864609762997,1.2351383715887467,0.3
1.0132305880386738,0.18135844250202593,-0.17560184623552577,0.6400404635638357,1.430362558193782,0.3
1.1264011248691381,0.23318293875340346,-0.24986058704429898,0.6676450390947957,1.1508780125727476,0.3
1.1068917763056798,0.21494167267016565,-0.14794963624588403,0.6765347380556627,1.201669104199646,0.3
1.0664144826200237,0.18871405375561232,-0.49385726764136606,0.5375689233032923,1.3504055056579498,0.3
0.7879765547565944,0.3124078672336813,-0.006903985089739578,0.6595471349304407,1.375698478495446,0.3
0.8593478349736436,0.3461671997772604,-0.4181486266874651,0.5885182457620559,1.3974868398786011,0.3
1.5144988360994915,0.1402323616126174,-0.2521410777806282,0.6813969123933528,0.9706243284072644,0.3
1.446162317137203,0.15692605943046045,0.28898737474188124,0.7689106464640576,0.8323587309540548,0.3
1.3362370950390976,0.164958671101181,0.201226773834749,0.7394006001619642,0.9674142603319339,0.3
0.7136462822352467,0.23899655856119156,-0.6880268628413834,0.45720392076013994,1.9014515462978747,0.3
0.6446982485488872,0.2884022561367511,-0.21587400429019882,0.5810724894453994,1.8455717307725008,0.3
1.1344568605549747,0.35215860476820815,0.3078802084209025,0.779069739840832,0.7764506906865157,0.3
0.8489098836853723,0.32876105663820765,-0.29939090394013973,0.6322284097381345,1.3666929607967098,0.3
0.7962514310777589,0.2719784638144835,-0.5317246766351602,0.533930632014248,1.6295488766302764,0.3
1.5937352816257457,0.14487734803533228,0.032565889489992214,0.759821116319989,0.7804706543323439,0.3
0.6320211504181497,0.2510315986350794,-0.3771885409798194,0.5496259039722291,1.9924089713657394,0.3
1.532622190126574,0.1435828820311602,-0.07671471424192292,0.7298416509693783,0.887547538666108,0.3
0.9877078832319842,0.35274768640234105,-0.06261297905814417,0.7074785778648418,1.0363744192504598,0.3
0.9962381579013497,0.2423619120261009,-0.07054975909323107,0.6706888108627861,1.2647453614467965,0.3
0.5073695858064,0.361737629287493,0.6634063152246367,0.6894563624058959,1.4179416240435239,0.3
1.3567736950452352,0.1348451715290133,-0.37032549567700135,0.6176446767207002,1.204212230013107,0.3
0.8332528496453335,0.39419020835325197,0.1541717441615834,0.7075155378286757,1.1286805172903218,0.3
0.8647711374282592,0.3214422573801831,-0.12318342890719337,0.6659593178978643,1.2738489817934162,0.3
0.8912780221247736,0.40483174558235324,-0.4362955033760519,0.5736153291819752,1.4523763826738247,0.3
1.5541651662850935,0.06667247609642052,0.88935947483767,0.7449412527080177,1.1516141562424733,0.3
0.6749121974141674,0.3252681242389672,0.09052808980980986,0.638030745703779,1.5611535055185437,0.3
1.0355554996075014,0.39299230494258963,0.1567009966684554,0.7522833553469278,0.868965352324057,0.3
0.7258678665031664,0.3547487864114705,-0.3032170069688842,0.575322015911319,1.8376863575870812,0.3
0.7772245221661687,0.30040020297277936,-0.34658240152112385,0.5946743875217513,1.5986820821751109,0.3
0.9378930202235302,0.2912501716491518,0.44425898219079485,0.741811580126146,1.038217934843524,0.3
0.6518164962551615,0.4026352638813658,0.403825764619,0.6937426828444979,1.302612846581464,0.3
1.2528934573397343,0.30101106072279543,0.1883392195356377,0.7718088487390667,0.7735503839175358,0.3
1.3282620218459489,0.21141936101375203,0.1843338681034301,0.7564348255653088,0.8623681580526574,0.3
0.7122753038412926,0.3061611342702095,-0.42736080731874615,0.5633955289297806,1.8085571295146319,0.3
0.5588626760931981,0.3704779619175744,0.4217240007846844,0.6571172328425025,1.5461613331302146,0.3
0.6089574278043883,0.275698787777316,0.2108052835302247,0.6258845393710222,1.6899429884317059,0.3
0.6544025989916038,0.36665329518767115,0.1548098490734245,0.6408907813582672,1.5622729876061456,0.3
1.2246422219209132,0.14356576735101348,-0.14173468288431057,0.6641552671235168,1.2837059641510844,0.3
0.7706589867025722,0.3105129396130364,-0.11339105834958009,0.6409378858218457,1.4517374603636481,0.3
1.2627224186922752,0.19501855451921352,0.055341385569253304,0.7215388671961623,1.0123813426832065,0.3
0.7299262391315638,0.25948351526760777,0.4284330036298043,0.6862855082820621,1.3615823058320187,0.3
1.155094997163168,0.2614748164441018,-0.3078754920258844,0.6540529994610366,1.0795015784544515,0.3
1.3164298976542144,0.08121930238569544,-0.37002603451395855,0.5970302127735005,1.57303796818965,0.3
0.8620970187116617,0.36439156823458757,-0.510249341034358,0.5329661056354531,1.5170348866019714,0.3
1.2210903982101504,0.21658630079187138,0.22521751619321387,0.7433674698915935,0.952179865743867,0.3
0.5574936639481127,0.24903262965870868,0.44328287294717605,0.6417077074261274,1.6574797635153729,0.3
0.8130416784469863,0.31957157682709614,-0.5827130156823119,0.4936212041026291,1.613356382432106,0.3
1.1370300902322628,0.22897783862300086,-0.3853807450964047,0.6000615990817003,1.1589082627327103,0.3
0.8852981193128916,0.42510519866101937,-0.10395491061463079,0.6891467698590554,1.1236788644958549,0.3
1.2164085936668005,0.27076851512968264,-0.34677177071838816,0.6002379766252952,0.9439072109262241,0.3
0.7307659235907753,0.3907944014918729,-0.10087716354073502,0.6127492252655531,1.6590978633187934,0.3
0.9415995005982181,0.3203151632868215,0.0806008220956385,0.7077956201411275,1.1044084394750013,0.3
0.9148419882038691,0.25330507437074173,-0.16748691427892148,0.6518429591335486,1.3466487162317258,0.3
1.2451799804143617,0.2748059400428705,0.32911224150170887,0.7807501475018264,0.7784367101921368,0.3
0.7463721287550613,0.25428491087103827,-0.6375861581313922,0.47842112804976517,1.7844847406290791,0.3
0.863623085983519,0.2878596595238199,0.19786577506105324,0.6952349163200463,1.2257607737904532,0.3
0.9833521400265989,0.368059725418401,0.4429197904867569,0.7739353660981171,0.8497462991237302,0.3
0.7131547624371872,0.43259807197104144,0.17834427036735964,0.6628873038255055,1.4187862517300502,0.3
0.6555147580693292,0.23771699005563274,0.5013700589721308,0.6715954510610106,1.4820140457066664,0.3
1.0709835695230552,0.2841791349107534,0.25788889431750983,0.7434144394967838,0.9616450111250586,0.3
1.2397291771784884,0.19586144374131811,-0.004909556611246896,0.7111761581207616,1.0496839499302624,0.3
1.1950494465845505,0.2666852007766695,-0.226729748180695,0.6886888634317497,0.9927863328330244,0.3
0.9311582523838466,0.3940324697466129,-0.032496768970246614,0.7072381458962465,1.0505998240691121,0.3
1.0822860110225183,0.23567015295870167,-0.4114255141963976,0.5853602022423878,1.2042961517793251,0.3
1.2768173829880087,0.2698976234584103,0.3378761758482077,0.7858059474236165,0.7550103854031793,0.3
1.133830206817891,0.3343679551642738,-0.4036045411014884,0.4505897605275502,0.7398769133919383,0.3
0.8458606792344185,0.11487222612693046,-0.9824796990357781,0.24720892653463652,1.457310983026166,0.3
0.7090226226992998,0.24768305334590152,-0.6053327997040212,0.5039253089670529,1.9161638138422448,0.3
0.6834341950235685,0.35484080184682243,0.4108608357375829,0.6986900161457626,1.2780062724213115,0.3
1.1773850509638506,0.20431164174521008,0.22490131593644297,0.7294827703933972,1.0323706421782415,0.3
1.0972977827940762,0.44931836886773835,-0.03379934232102935,0.7482949909916768,0.794306003903671,0.3
0.9073447901523404,0.2669331717616032,0.7530030612029285,0.7759899139010589,0.9394439304666788,0.3
2.430032785869161,0.018781356819683313,-0.05089923404011724,0.7073684839462078,0.14239775505932495,0.3
0.601281739390047,0.27387623103858766,0.2936905843645522,0.6374899089304569,1.6350151351683913,0.3
0.7654564575368948,0.24791077188487867,-0.04023485859250181,0.631109904783171,1.5571821435774573,0.3
0.4927603088181735,0.3833886228166358,0.5769078364873091,0.6680794807620323,1.523556045093893,0.3
0.9018111625476508,0.2899490910192931,0.4965764806601494,0.7346910700652378,1.0865042670843956,0.3
0.7350824892976007,0.4243005458123711,0.05228225831806546,0.6286311556338023,1.6067249603344118,0.3
0.7591879495160424,0.3991010472727067,-0.1597043314336296,0.6042943116968189,1.6887851750602065,0.3
0.8961034071643572,0.32815226315071483,-0.11123063074396666,0.6764182818706691,1.2117421008238378,0.3
1.0142842743365086,0.26947045506948814,0.22280414003766547,0.7234276749244246,1.0657982709256755,0.3
0.9317454222116572,0.38809457430534455,-0.38393236339435094,0.6025909011189761,1.2082151050559804,0.3
0.8083479131422977,0.18591809385019364,-0.7262952742159505,0.3990790988530751,1.6114621994755487,0.3
0.9691447669214699,0.16740432142042128,-0.6083574346373242,0.47410475620486997,1.5342169048497523,0.3
1.7618223887912117,0.09555362466364016,-0.3317512562130792,0.6141223731828007,0.8912813501539292,0.3
0.881411324753201,0.2552015342950283,0.7800392537366712,0.7660116090311859,1.0031333684225299,0.3
0.8148018944272566,0.33889897101479505,0.06191487855981531,0.6807537647062469,1.2629695794273759,0.3
0.9243952979335538,0.19358670313133056,0.12089958563410434,0.6598177231431258,1.4252298551224356,0.3
1.3676168780943412,0.18944556284367095,-0.1976390381713706,0.6994301425660474,0.9842675912635932,0.3
0.4516005824924114,0.3415864052238672,0.6797085951432555,0.6753810310031726,1.5087042645954327,0.3
0.8876883773627072,0.306270975436899,0.2841015102179441,0.7166672046236274,1.127902713973981,0.3
1.3265238425400963,0.3369449338640698,0.7612916342132564,0.8714634617288336,0.450436779651621,0.3
0.7531625109580511,0.26560477119677733,-0.5367308113242143,0.5348263399537504,1.7517982565482997,0.3
0.6347223962260523,0.3851932529362678,0.4999051974836936,0.7040232290442793,1.27449602438033,0.3
0.8826420456359032,0.3204553312577565,-0.1909155836972046,0.658743931475917,1.2727169695774723,0.3
0.7984318053073978,0.3317847609387496,-0.14777261808034922,0.6473655367934031,1.386051215276454,0.3
0.9212616655635042,0.21785114508744247,0.03155542105725598,0.6619515891729901,1.3776432464486983,0.3
0.8475023954927264,0.2328431099300133,0.33354545395520374,0.6873889628201039,1.3228017113810207,0.3
0.8539988988727221,0.2192527018600569,-0.00543140307619247,0.6439020841198266,1.4837012821345317,0.3
1.0040250620470288,0.20644535467747344,-0.20554912542587372,0.6462049557409371,1.3635153967122988,0.3
0.9276410384556087,0.2055574887422466,-0.3597760944094837,0.6045528577084878,1.5192004633715177,0.3
0.7079890805819796,0.20462783830131553,0.19331779712985928,0.6225458446599307,1.7008041127516746,0.3
0.7530362163675118,0.3577834791666948,0.08673699442066335,0.6660191116288384,1.3632738933761683,0.3
1.249238124648458,0.085344267870572,-0.2766977671831225,0.605400599762972,1.6189682017764377,0.3
1.0714352628366663,0.25405837293427114,0.42059648965504515,0.75469810564966,0.9553030702627553,0.3
0.7738505269336085,0.3479204279684283,0.5843613775673877,0.7472787121137907,1.0489513125380425,0.3
0.9320398052775083,0.2988692288653485,0.4292074008915472,0.7439904662857917,1.0170498916303736,0.3
0.8007785740843553,0.4044529728156189,0.23823754840411357,0.7124578542324597,1.1304875881351464,0.3
0.594586094051612,0.28916848775946086,0.2296811156051099,0.627220438726587,1.6819818820023098,0.3
2.2630519382614995,0.17079609078229457,-0.08560588272784313,0.6142922172651828,0.17983966410533467,0.3
0.7097045534646941,0.26621824097444036,-0.22159597304418652,0.6000045879404641,1.691376190895514,0.3
0.9092757615398814,0.20094755756761656,0.5009135725867204,0.710429785577031,1.2388435621792395,0.3
0.7205006851631653,0.38747850477095974,0.2770653240405293,0.691880016521954,1.269715005706226,0.3
0.7387349340486427,0.33204595979199447,0.7771588061444564,0.7619412371153045,1.021328427070331,0.3
1.0670528237762853,0.23460582957441878,-0.37414761331904084,0.6159818077957854,1.2425237766514012,0.3
0.9802686651886393,0.27766058449808617,0.17990922362314074,0.7143999001798879,1.1038998363921373,0.3
0.6000744470719552,0.3450616880054323,0.2601035767445967,0.6387168843384624,1.61670015453879,0.3
0.8541467756949259,0.26743776547517095,-0.2526762461927857,0.6186889389640609,1.5014458564394073,0.3
0.8113898510832143,0.3416006776239843,0.38633881454924707,0.7243294726080867,1.115147193965853,0.3
0.8277992965471084,0.32987359405241523,-0.5421955659519699,0.5175485634678694,1.5539128827090947,0.3
0.854392041584215,0.20253299974942057,0.12604885466462856,0.6499509758435946,1.49470683665652,0.3
0.9135941743414437,0.23330117681750331,0.34883505285065325,0.7049023122337945,1.221637322314387,0.3
0.8586440475370224,0.2771904270695365,0.43641132674192296,0.7230246303280913,1.1420242101432365,0.3
1.0328167568976279,0.4069926715627854,-0.41335369985003273,0.4860195619227241,0.860895808832211,0.3
0.9792057742807188,0.2246173288229987,0.2718251193894021,0.7046940391368198,1.1984642693030618,0.3
0.6611842994465539,0.30868398928182017,0.1666211882279821,0.644663813450808,1.5416212202880835,0.3
0.8884340354994251,0.2803680976292466,-0.19414278922727163,0.6469662882881655,1.350156192748075,0.3
0.8823580687706675,0.20890910331327747,0.3460292147623828,0.6867726407812935,1.3340107104999963,0.3
0.8449610947561885,0.2924052240440076,0.3616408460827591,0.7140529543575315,1.168392307447481,0.3
0.8266747149319735,0.26360936855211603,0.48543975696469294,0.7134026433075138,1.2111901172989414,0.3
1.296724092925884,0.11394195394304849,-0.18633624539781285,0.6521503288171109,1.3358768770469376,0.3
0.7776877050666045,0.3017027339108804,0.42437895278047777,0.7112004285937056,1.2059495502377529,0.3
1.0170199670285487,0.2360857662357994,0.10278847536673508,0.6975990157856138,1.178225484705818,0.3
0.8388958725180604,0.24922442723000027,0.2343154425897409,0.6801188560312107,1.3340983833839648,0.3
1.6158744043332929,0.46906310342367163,-0.7351929854584112,0.3628968394904429,1.6266985823866227,0.3
0.6870468265267047,0.3410470938076619,-0.1710069501230209,0.5989021349795993,1.7278712480659133,0.3
0.8056729035410017,0.31796970682007214,0.3159156440044586,0.7063792623700336,1.1976095753942426,0.3
0.8351769054906184,0.2108594373908323,0.03251114561983082,0.6394315795334451,1.5274370041456018,0.3
0.8090835449583111,0.29095566255759003,0.27210478766422685,0.693612029329027,1.2632625794694576,0.3
0.7260724414724061,0.2926230605813873,0.5549260594380495,0.7181915491863557,1.2091064802679332,0.3
0.7708793307499048,0.3021339923354791,0.4406822600196904,0.7127295131499328,1.202971555800871,0.3
0.7060975484678568,0.3065825161867286,0.36470926557293193,0.6854443573387875,1.3431568923115464,0.3
0.5280140719613844,0.35833373788918743,0.7321086250118409,0.7082666883930683,1.3209733466902758,0.3
0.7848039333827953,0.26878482041951374,0.053015820667163926,0.6537129912210601,1.4398938843569244,0.3
0.6730717556737913,0.26367420546804193,-0.06424168249460639,0.6083436973446437,1.708190154858724,0.3
0.6690949975361125,0.3488135171005064,0.31132880082923337,0.6766758681665463,1.3813299211490064,0.3
0.7399738018902675,0.3516279535846788,0.5566951899548378,0.7386360047066267,1.0857748483689693,0.3
0.6577585682344662,0.33469516483304473,0.2928186344376025,0.667828650963525,1.4320371409952324,0.3
0.6153536555793355,0.31284497368525027,0.6541941775345294,0.7151411915324263,1.2563323920696727,0.3
0.7411237165863899,0.2974405258789044,0.36186021915339484,0.6920715265298804,1.3023207940907975,0.3
0.7049396669793853,0.33700536976708906,0.0250307038837137,0.6422730881434937,1.5027914259743802,0.3
0.8154884018324671,0.23915655938895242,0.42970391364348454,0.6979376993860241,1.2911266679656261,0.3
0.9604403762276821,0.22019483389758612,0.11306498718442157,0.6803142333517124,1.2912081043820127,0.3
0.6297380606083982,0.37192777286762574,0.3958244861497957,0.6820117549188944,1.3742788831718862,0.3
0.8926124378495468,0.3978630246390249,-0.12695524723936785,0.6845709255726425,1.1404109014661088,0.3
0.8743597133124885,0.32995697092477994,0.3145477691498733,0.7249126038252599,1.0862612676060401,0.3
0.5519224931381096,0.3580125847947886,0.50687837117915,0.6770409783727593,1.4434873697450346,0.3
1.0183552148491923,0.24019703321353508,-0.3086447192837359,0.638614631675693,1.2781805908708384,0.3
0.7279228886273612,0.3744044473160076,0.5458882791637888,0.7391922759288942,1.0778595547837808,0.3
0.5386062546716985,0.3592872999150424,0.4639220349930452,0.6601388945821384,1.5390660814433386,0.3
0.8348740740404,0.2548357331807465,0.563724451683358,0.7297510304774769,1.143849172822639,0.3
0.9415057297597615,0.28204449859430886,-0.11656871489639226,0.6731617006216987,1.231074467367969,0.3
0.6351637107086983,0.297041519509297,0.3895534265363088,0.6693372842791712,1.4569377121910807,0.3
0.5762672321804382,0.23948911513346888,0.3712268486039907,0.6314764875478862,1.7043551124688388,0.3
0.5436837325626354,0.3444557443791774,0.63846383938926,0.7000550714618158,1.340006859857945,0.3
0.7300282197617018,0.275474318531325,0.18094201033577634,0.6577065033508753,1.4607099160610186,0.3
0.7565460941922584,0.3446744403181089,0.42531763971824843,0.7186109420770787,1.1611721407034805,0.3
0.6444904360676761,0.26988140963207924,0.3737407561551977,0.6611658829456516,1.505405408984287,0.3
0.7205803314804736,0.26153760653207325,0.13637033184120095,0.6451059855988333,1.5286977172857819,0.3
0.8732346754386612,0.3482619318783682,-0.02211370815937258,0.6869200177272603,1.1878433290149473,0.3
0.5414989390646817,0.34308211399067295,0.7244118065745027,0.7119996274350794,1.2950539309949067,0.3
0.9232753843473331,0.23633940595697303,0.4918435450283999,0.7291949934026983,1.124965969533514,0.3
0.7135073873081137,0.29512715049797356,0.3568542308913201,0.6839842565617013,1.3515432882307732,0.3
0.7953778354800201,0.24035504453453777,0.5104884145484692,0.7067489186558235,1.265202313855024,0.3
0.5030171152022047,0.34750365506316055,0.6021686995834861,0.6802036993225071,1.454362792462232,0.3
0.8529068019963724,0.3453724505266456,-0.29642305411967346,0.6345031075857249,1.3377240064145568,0.3
0.7046090434336736,0.2357572987221332,0.15771739002345447,0.6339903088866234,1.6118026686602487,0.3
0.5565149609949094,0.43020760770234767,0.5995471119410312,0.7049302276476431,1.2951951654969114,0.3
0.926032945209332,0.24327226054931803,0.06779822176102246,0.6773246158284001,1.2901454494854039,0.3
0.5726023882686663,0.29345836636254485,0.29511174053541417,0.6329324146395634,1.666727086217391,0.3
0.8080080716931245,0.3544885722486837,0.012789554879289289,0.6756543635500091,1.2749839295305532,0.3
0.7557825402373186,0.29918253843643056,0.294420718533568,0.6860948487651134,1.315949437565748,0.3
0.6793965674687907,0.32404711053648555,0.4216307063069992,0.6936225007796877,1.3126226265892849,0.3
0.5484252244205208,0.32112275188576367,0.38946320921502636,0.6459742708878994,1.61139634367283,0.3
0.7123963335286636,0.33206265587266054,0.39762947334277043,0.7001427778923791,1.2641932333167225,0.3
0.7231301423057678,0.27307336367149676,0.3217682236574713,0.6743242643969595,1.4024680856007135,0.3
0.792018265077306,0.34341808282168085,-0.03725123553268472,0.6624445200594687,1.3391951835190723,0.3
0.633801397237116,0.2920046202026231,0.4132557969067344,0.671571593779563,1.450472123430036,0.3
0.9828005828699873,0.24819222214569525,-0.28964961285399005,0.641300656794166,1.300557913353553,0.3
0.7564386857370973,0.24692777966966858,0.30448186419785667,0.6701523880119217,1.424257571902135,0.3
0.7933351466190384,0.27349850642477014,0.18611412247098008,0.6732149235987221,1.3620494050627439,0.3
0.6800825230339491,0.2807558140121038,0.12699451766734926,0.638758963553562,1.5677620409010642,0.3
0.8554167134157878,0.2376882985562935,0.006334203538434557,0.6534942723495504,1.4234807197609973,0.3
0.8271537556665187,0.29264787268121084,-0.24825893789935916,0.6319825764688423,1.4275266760618825,0.3
0.5764698914356355,0.2960269245860555,0.7530304837862917,0.7092673086807656,1.319941274523169,0.3
0.5977018986746312,0.36435440571999195,0.2964010431314662,0.64327701877816,1.5946425318397752,0.3
0.4972173779548666,0.3353986960029541,0.6204268969980241,0.6803429333577956,1.4595003371384014,0.3
0.4553566202897208,0.313378239966514,0.5627489044018007,0.6488896915531953,1.6483295469909576,0.3
0.7285907572389789,0.264014813635752,0.1327585869185288,0.6473381815626772,1.5111612475603844,0.3
0.7869873422681763,0.3454935773598473,0.22684151140515227,0.696601313802679,1.2264067141684774,0.3
0.5667444729438652,0.3666877153052217,0.5227168515726015,0.6845480559703836,1.4033884123254168,0.3
0.5061325951258602,0.42041869447993496,0.6490825016542167,0.6936270672999011,1.3811402966245931,0.3
0.5111699368724246,0.3903443154866714,0.6715771786430154,0.702370613435551,1.3357533598591051,0.3
0.6055554825826595,0.32197696509212137,0.3469049197499414,0.6583004510303982,1.5139568099953558,0.3
0.7828771016425173,0.34542527678086093,-0.16863385436020178,0.6415482737666749,1.4162715417218223,0.3
0.49200857402720793,0.38963650733389316,0.6808999820166188,0.6958397914619842,1.377146606081698,0.3
0.44295479473659793,0.3332129820552961,0.6300526072575787,0.6602913156357874,1.593953634201892,0.3
0.6479007714890879,0.331171310374518,0.35346207529338336,0.6744797730208287,1.4095793781344903,0.3
0.4753762712172885,0.32359797397605694,0.7071694895886611,0.6809800086327981,1.4788234718002198,0.3
0.7117247433490475,0.323418737001595,0.029978789740882195,0.6439668120209577,1.4936953249411156,0.3
0.7881294826283128,0.3576054045248916,0.2557301155916873,0.7034459315037,1.193040327550417,0.3
0.4884160004253357,0.3476750564428865,0.6253535275767064,0.6799064243778079,1.4634428079700026,0.3
0.4721910238885039,0.37535960850275046,0.7124371064745162,0.6917271847178957,1.4134926503010212,0.3
0.5724282631269089,0.3800257915289237,0.5631524859264548,0.7000025921803571,1.316651796814532,0.3
0.4880628099912796,0.34723520962444193,0.5221871022327869,0.6533604383448878,1.6046196686278098,0.3
0.7118400138610229,0.24823360283009427,0.3553925822690519,0.6668816269358444,1.4611039443922844,0.3
0.5298787202844766,0.331429207120151,0.7457910632737483,0.7067895467225868,1.3318309653037477,0.3
0.6022746653891803,0.31679361398831407,0.526836502890358,0.6895179805008389,1.3741520174167294,0.3
0.945698462188966,0.273652268538247,-0.206481086575648,0.6581389848718228,1.2688461214663573,0.3
0.7486493212521508,0.28083269462619453,0.5670015107523776,0.7214729696818268,1.1929303652909395,0.3
0.7612163836850148,0.3258704775725887,-0.11506730598328091,0.6402234678221012,1.454390073759724,0.3
0.6042893466442348,0.29147888871238037,0.3416117744279476,0.6509411793469059,1.561039765762378,0.3
0.8934915661251747,0.25546040586400504,-0.008992349320122939,0.6670055342094336,1.3263459141581544,0.3
0.609414930812185,0.2980890446110187,0.40648452983832817,0.6652045707007277,1.4896175017093922,0.3
0.6446019076824271,0.296832428455648,0.43945594267385185,0.6802378306605685,1.4032655067501978,0.3
0.6611518782702493,0.33879635402582164,0.4335893432434454,0.6940571759084695,1.3138521126342164,0.3
0.6186321110056671,0.3732431717196824,0.5345329666795078,0.7077616138594437,1.2601682233224805,0.3
0.537007694041304,0.33613453864962056,0.5159613620949798,0.6713846360987925,1.483626586183421,0.3
0.6472888551614475,0.3719426835806234,0.34288867308959964,0.6775331271070985,1.384848283812629,0.3
0.586493200065849,0.29770198311096613,0.6538594257145037,0.7024673436565158,1.3344605445059516,0.3
0.6461659333535105,0.3144189318638998,0.4830916489371107,0.6929063206891346,1.3369726609624488,0.3
0.6525332814768,0.29128002951935944,0.3993227651820868,0.6739619009671752,1.431034899605018,0.3
0.5701367703776837,0.3572337932033239,0.5910782564403031,0.7017579163256656,1.3149747928499422,0.3
0.6236621702630318,0.30766894318155824,0.3935397751956012,0.6693444166445318,1.458289909376901,0.3
0.4319247332900465,0.32587069058579804,0.6253646174305924,0.6548662934738471,1.627125733571292,0.3
0.5985672456325527,0.2985877057168265,0.2618550924795124,0.6372346782662461,1.6268116310965512,0.3
0.5324015038639319,0.3188786680139234,0.5347891695162922,0.6708735387935026,1.4947632518360536,0.3
0.5644829538191439,0.24418544744086323,0.5259222541512489,0.6560049603105941,1.5900062311511443,0.3
0.6690028975447994,0.2753918847114721,0.11609259128865318,0.6326805265230862,1.605951602858621,0.3
0.5448903053183043,0.3528291259258392,0.4923179975907491,0.6704660831808914,1.481447457288639,0.3
0.5217352406741619,0.37431092520463605,0.6382667253951858,0.6977174452304532,1.3532519281673816,0.3
0.65448594508005,0.31245819074645825,0.4487132956414232,0.6884167813020622,1.3557155944426886,0.3
0.6365811708581678,0.3390774198181679,0.4671196889317771,0.6932885809455298,1.328529770200929,0.3
0.6450083893942132,0.2784442039373742,0.5608943179457604,0.6955064436215618,1.3479734942178783,0.3
0.784700021453701,0.30018737809488993,-0.08535416968732035,0.6460722175612141,1.4299780353455767,0.3
0.583091257410711,0.3340574210156481,0.5960254746776028,0.7020022331009488,1.3169313871308785,0.3
0.4363448036816177,0.30339743835440924,0.6187696222630941,0.6525920867220756,1.6404356271235032,0.3
0.48155816890848385,0.3679517392784708,0.7155553441811978,0.6951035288646756,1.3928905813179155,0.3
0.5661412386208957,0.3344305934918092,0.42481566180669317,0.6612247615216547,1.5193156100995322,0.3
0.5167620437280636,0.29205899704511373,0.6635018049349721,0.68344459147926,1.4537814190375478,0.3
0.8177618903704407,0.26883252912961564,-0.12487317753367261,0.6409976627082316,1.4466096624443665,0.3
0.5156759253549223,0.449040617352068,0.6665581880726132,0.6978631096773695,1.35875530769781,0.3
0.6391907888489056,0.33374096636386735,0.4464382946542673,0.6891986702673935,1.3482386411652143,0.3
0.6908736949962752,0.35528836129669117,0.20525850161075473,0.6667962136138886,1.4064613965388413,0.3
0.7236436243553608,0.26238191066748184,0.09895202817302126,0.6416016190371413,1.5386292806187658,0.3
0.6950586909168545,0.29310241063622955,0.3171735329427268,0.6728617206763143,1.4096379276616262,0.3
0.550556354689515,0.27363083211976624,0.3951868810935671,0.6385856146672189,1.6616076101707367,0.3
0.4610233406052455,0.28591689036948653,0.5573141263308238,0.6452230129199024,1.6710058231961122,0.3
0.7853094454281279,0.3083847067122926,-0.13796031976345102,0.6412842435506115,1.436338707223793,0.3
0.5747835670418326,0.3501735922812153,0.42646181117939774,0.666127236750446,1.4893353081827867,0.3
0.4875711821465479,0.29697619969999867,0.5385001893139874,0.6526076875301444,1.6160088959298216,0.3
0.5838888584069425,0.29284341045925266,0.32516183432248363,0.6417615639107783,1.6165081386736992,0.3
0.6379561323840515,0.2812480756230024,0.323313748868784,0.6540559934268935,1.5327449188049156,0.3
0.5116692794997872,0.285213373494898,0.42760894018043805,0.6357210204622061,1.6935500515872626,0.3
0.6577579777184176,0.2594491979993547,0.4301436131365456,0.6698460623752345,1.4680528314891799,0.3
0.5395586545525104,0.3361386292068584,0.407305423482024,0.6470887052136981,1.6090303918014035,0.3
0.5757033618525761,0.2608559981684231,0.30257087530822935,0.6278712423883702,1.7053705007533757,0.3
0.5884893969484087,0.3265994264133536,0.24884591680860807,0.6329061993816203,1.6502937854350757,0.3
0.5320632276844968,0.333081374121354,0.4352875183032008,0.650543980927411,1.5955063841095236,0.3
0.4458718642323323,0.31575668422395603,0.609867026906394,0.6560563753152193,1.6153774873718514,0.3
0.38623002419003805,0.3360116432047255,0.694043894071835,0.6422034142794036,1.7353707939858134,0.3
0.5564235866175509,0.28806980072640476,0.30781456826534936,0.6290170569534564,1.6995431650561759,0.3
0.5402609358301651,0.29158786260652964,0.6690525840648248,0.6908329607585916,1.4094153160958562,0.3
0.40852020235783754,0.3644479610362306,0.660021089676051,0.6401050079922947,1.738213372939446,0.3
0.5653938534839936,0.30254146979890845,0.43625083267452347,0.658492500768236,1.542652923172363,0.3
0.5071447735627491,0.3218158687503101,0.43588971727405795,0.6399415086423833,1.6676266624347065,0.3
0.7213064655784064,0.32585215694220104,0.030114702861124998,0.6474616557767188,1.4700004615022293,0.3
0.4136404426134828,0.3481475779232733,0.6902796848776312,0.6585907100214643,1.6225030810776022,0.3
0.4186035756090143,0.2844163328970799,0.683850280496327,0.6515261934467559,1.6692637624169069,0.3
0.4721378067985733,0.3167482791442212,0.47730812847333076,0.6349038405459008,1.7160440244466433,0.3
0.49996949118437434,0.31029502945421455,0.4952871994653779,0.64899888601885,1.6239273085230466,0.3
0.5344834894044711,0.3156124091235061,0.38608905623574163,0.639392203498503,1.6551414463095537,0.3
0.4180596431567148,0.26856807051980097,0.6589458498450478,0.6431545744816279,1.7184904538921384,0.3
0.45053962389690466,0.33368295871150355,0.6196536524305359,0.6620522259436525,1.5775176567579743,0.3
0.4905041981280273,0.358700759115231,0.5330947688778263,0.6566329514209115,1.5856403811820643,0.3
0.5802334627608237,0.33575655349035505,0.4586296960416995,0.6721366009667413,1.4582530576536206,0.3
0.5541078629087695,0.3581000883465712,0.5052875718716054,0.6773625555530832,1.441994244887337,0.3
0.5361487180174652,0.3094016574237751,0.6395113831075324,0.6903154162213189,1.4036579790684072,0.3
0.5334328081257409,0.33164509881629445,0.4342620685008213,0.6504829598751298,1.5941126542540935,0.3
0.5151067655652315,0.30617605749942123,0.44979058228751856,0.6450238004951774,1.637743836124311,0.3
0.4340569730060056,0.2845610954336853,0.5461316235898516,0.632134097659876,1.7556004658078606,0.3
0.5723204522039629,0.3329421095493827,0.2958998399630172,0.6358192658525484,1.6474494060269687,0.3
0.5042172990326919,0.28857517889878503,0.5006626126864726,0.6485815021598038,1.6302459004747074,0.3
0.45639572813872303,0.2616015563132192,0.505363283479379,0.6268234324167137,1.7797084661181035,0.3
0.4416942720276373,0.3721075825811521,0.6091313211284785,0.6462177614595651,1.6803438590857582,0.3
0.43261532203796904,0.23817603345103344,0.568267158226683,0.6236604049044435,1.8219307263440867,0.3
0.478886154654511,0.31716693382372124,0.4758546547781738,0.6375278516520896,1.6975878116056995,0.3
0.458707789719755,0.32498932712847234,0.6279383273868376,0.6662495943918239,1.552738893258639,0.3
0.47157311469527846,0.3310687335014293,0.5068958051546528,0.6419347199514693,1.6776734445757044,0.3
0.42468876499300484,0.35460239930202697,0.6617061497620849,0.6586579209490673,1.61312093232222,0.3
0.4241179962898794,0.32462313452733277,0.6989122512006226,0.6646119820232261,1.5846567900427941,0.3
0.5036494793828216,0.33827434774075327,0.4777196629414049,0.6487868891390434,1.6204165997963857,0.3
0.527514606592088,0.3355963114050087,0.37523339634723335,0.6328118762062137,1.695671918609303,0.3
0.4159681282434231,0.3626367812612412,0.6910605460369112,0.6573521508587348,1.630667094450993,0.3
0.5236464617844089,0.3200705147985902,0.4362405272449068,0.6467652650519702,1.6209402196878226,0.3
0.47268326362485835,0.29948250383028013,0.5109849450088929,0.6419569831524395,1.6783519085194158,0.3
0.41206990349076933,0.3308896416084638,0.7259766599293742,0.661602981267229,1.6126562449696888,0.3
0.3748092594528462,0.3282349860803198,0.673493710762554,0.6346510685471164,1.778999630324749,0.3
0.47006211799355213,0.3241311045944311,0.6276370493647555,0.6702408877405136,1.5273193459861656,0.3
0.4239359835674885,0.3092363145690278,0.722512288884205,0.6637225306676929,1.5972791623680498,0.3
0.49158594706491776,0.31680978592237186,0.5878979218397213,0.6682842808472235,1.5271755843040806,0.3
0.45137414712037605,0.2965830609393279,0.4884711171655226,0.62812351073506,1.7665258595539195,0.3
0.45403045455615587,0.3279832572564937,0.5268385542544742,0.6392971139705192,1.7017506483454536,0.3
0.5175064289894528,0.300873993676252,0.4327565045364923,0.6414848643721134,1.656367344356435,0.3
0.4600856241601191,0.3292226304725401,0.5119354450993119,0.6378909912120444,1.7067272642281626,0.3
0.42909869010353574,0.30824757618075205,0.593682285950856,0.6448881640208227,1.6842045367603307,0.3
0.40036736156365205,0.33202876303308193,0.7183328075218559,0.6553918288036449,1.6511148972372194,0.3
0.4207390714555955,0.28946847726544667,0.5924521575859911,0.6383567889677132,1.730097230345922,0.3
0.38312934082843525,0.3064423260904799,0.6796610576219986,0.6420641425060665,1.7298015498640587,0.3
0.45546979457424286,0.333201420207223,0.5407545132072132,0.6435836984371972,1.6765880874499528,0.3
0.4270919698737074,0.3094754203111857,0.5798071950700106,0.6397426552287794,1.7172849117808882,0.3
0.47453489310746766,0.33989354388460885,0.4591531641442856,0.6260142547808971,1.772259837416513,0.3
0.3964376639981562,0.3260355076403094,0.7142201987219035,0.6528898900320873,1.6676429549015288,0.3
0.3859844049941815,0.321122642695439,0.723051715553096,0.647779953918719,1.703656754250215,0.3
0.42994451688811874,0.28966691288596025,0.575893612138966,0.6388272849307479,1.7207763978294792,0.3
0.4387500377923798,0.3046886656239576,0.5369246795730133,0.6351775770672706,1.7333530950404386,0.3
0.4924458256819037,0.31712266605579353,0.4959843200804197,0.6478283176710732,1.632774731568084,0.3
0.4476376835750215,0.3024928716708425,0.6264190008819478,0.6579630193578425,1.606811004618124,0.3
0.45476544540280983,0.316608219246088,0.5590627322699424,0.6480175240213055,1.6531324459210002,0.3
0.43376341143174474,0.3189211032796959,0.5874328730766017,0.6462737713612713,1.6733108456814978,0.3
0.42409842980178547,0.29850228125343486,0.5606843914862505,0.6338535044472073,1.7489586800248613,0.3
0.42948437366091385,0.3140859820603814,0.5253326898479546,0.6275831125837837,1.7822719248767274,0.3
0.4227995384677292,0.2861236730810458,0.5417312871145038,0.6279750925325615,1.784960121725081,0.3
0.40158305027308555,0.3171775713139542,0.5752628322974225,0.6269694856992543,1.803297966855982,0.3
0.4132760030475615,0.2871327782848438,0.6156895003930062,0.6402075834871539,1.722685749699039,0.3
0.4024503345431901,0.29230978605635083,0.5876446705810195,0.6309833372820622,1.7781173011572389,0.3
0.37159803094947313,0.313190765476001,0.7172181274305353,0.6399396411739476,1.755604348395652,0.3
0.41796930950606037,0.28025875986597343,0.5821582878901799,0.6337251309062079,1.7566385474786073,0.3
0.40019090062528145,0.27363472472240774,0.5901439004403571,0.6276930032809499,1.8016675026071778,0.3
0.3779219948314982,0.2717684277252649,0.6473492035793702,0.6295633948056955,1.805942384390716,0.3
0.4014372416258166,0.268436958583419,0.5909968095852093,0.6271503331588899,1.8054562366510625,0.3
0.42159691546222033,0.29455060223134033,0.5297639231473245,0.6254561813270112,1.7984286312287994,0.3
0.4032896397735352,0.31663916424247723,0.7016466129661286,0.6548841239826741,1.6498638563247006,0.3
0.5016192308818022,0.28909174547912103,0.3797262980698908,0.6228580477658988,1.7664863875265162,0.3
0.41426129958842733,0.3150902621917161,0.5896971514168652,0.6378469045215127,1.7317344968162687,0.3
0.4303149462912208,0.30969440806928733,0.6103642334591204,0.6494053202711647,1.6591811153223395,0.3
0.35907450149681674,0.30861779378331605,0.6830954792039916,0.6302232528560328,1.8133116251567216,0.3
0.3986654283168079,0.3167201287556075,0.7108412483858698,0.6533684302250209,1.6634286520249422,0.3
0.4127899924550719,0.2789099042992419,0.5855351160706306,0.6324811510587702,1.7673376940800833,0.3
0.4461411510231105,0.31313427834273083,0.5461798333596353,0.6408418110346654,1.6966222837887437,0.3
0.4072492617303669,0.29753158534434754,0.5726255491519915,0.6299300589673126,1.7808044230238311,0.3
0.38131108390640756,0.27898567837765936,0.6629589703492343,0.6348882855626204,1.774313699496947,0.3
0.42780740397956507,0.30527592735494397,0.5626034872593323,0.6368105963014131,1.7298837772359763,0.3
0.47153024327296644,0.34352482403982454,0.514295602929926,0.6426083199934164,1.6747656234622115,0.3
0.3847708018876045,0.3187325785313491,0.7168067970897429,0.647052093670144,1.7069681135254644,0.3
0.42131015977349545,0.3129626482987935,0.5344707901950501,0.6262030099451575,1.795402606850494,0.3
0.3970235784814003,0.3306156465079938,0.7355968602209143,0.6534707120421183,1.6689056514494014,0.3
0.3856203980100035,0.30231860831332547,0.6578399912316252,0.6393991307123195,1.7417235144326753,0.3
0.4045599305938599,0.301037250858215,0.586889044424067,0.6315668138225456,1.7728215206749136,0.3
0.4328940039396404,0.3148941525315164,0.5454237703521957,0.6349277092508119,1.7379632540420695,0.3
0.40777142610417094,0.3101384736243377,0.7004496213530903,0.6559014265547741,1.642819418536884,0.3
0.4095990298836068,0.2648658901704112,0.5921144532543585,0.6293436081960898,1.7903776964306084,0.3
0.39631495745999284,0.2929878941916129,0.6365885636326545,0.6388805416615363,1.7391757088057476,0.3
0.37376771203623593,0.2967819496594819,0.616755874009879,0.6251511583216869,1.82833389399583,0.3
0.4130162585726603,0.30163522811012033,0.5750208745323498,0.6332872088235164,1.7586883740147976,0.3
0.3626221068994114,0.30470114890892624,0.7158980656497553,0.6350309562102555,1.7888316415049443,0.3
0.3637126048045278,0.3081700106450835,0.7202732750253301,0.6356445735762724,1.7859747715222156,0.3
0.45687506165411035,0.30893193867968943,0.48660467000393676,0.6304767421723365,1.749881850600701,0.3
0.3732258084907024,0.28023595664381484,0.6373229672101159,0.6271097215251139,1.8193100312893884,0.3
0.37850624300909747,0.2794383433824019,0.6476426825255162,0.6314580585597106,1.7931252727432463,0.3
0.400340896898048,0.3003002147785714,0.6095244557135081,0.6357756370103402,1.75179693444542,0.3
0.3853428326541114,0.2759539018003692,0.6395933122417913,0.631922634435247,1.7869904761093338,0.3
0.38411729364651637,0.30096922171283036,0.6228006170959441,0.6315184946808576,1.7854976048777944,0.3
0.40050051432087336,0.30682839795410727,0.5938899597357705,0.632402809446715,1.7704225135579514,0.3
0.3618979425457363,0.3031286218403318,0.7167084183214018,0.6346584709444102,1.7917299421435524,0.3
0.3932680681772639,0.30324468413139455,0.6018985805308693,0.6309744928282011,1.783018092940832,0.3
0.3920716334603379,0.29410757438126334,0.5809125455724239,0.6244194561602305,1.8234891956529573,0.3
0.3854693112456929,0.2958204860803724,0.652182410438449,0.6376424456006388,1.751935615734175,0.3
0.3895259063244132,0.3088459292703379,0.5908062033700882,0.6259145714768771,1.8147771829868689,0.3
0.3569088656928398,0.2837751564236847,0.6776275968528777,0.6276020581018045,1.8290163958225005,0.3
0.3805480215436237,0.2793179990683384,0.6654406875293499,0.6350287778163308,1.7737240003591905,0.3
0.36668091848928425,0.3051327767406156,0.7157634062961231,0.6372314371384713,1.7737415759599482,0.3
0.3868695203269152,0.29059719095023706,0.5945817077633934,0.6257787694153429,1.816893778651863,0.3
0.38245552443863245,0.2991309230259934,0.626385877797144,0.6314683244772316,1.7869144451403391,0.3
0.41999492643839453,0.29124086018723644,0.5263846564132769,0.6235606793639245,1.8101937822808059,0.3
0.36948435012469244,0.26220874188156906,0.6905030750466624,0.6292940155634112,1.8200364134016918,0.3
0.3884268235463417,0.3163354949992732,0.6601260062959643,0.641720252262153,1.7268681404724964,0.3
0.40628521739832024,0.30250189787394094,0.5692294550112017,0.628826758710476,1.7880584429391195,0.3
0.38145448695171613,0.29314796310367736,0.6208220068439234,0.6291867382481693,1.8004247975717962,0.3
0.3725285987761514,0.2850993476033329,0.6234247496216198,0.6253275543726474,1.8288004399369717,0.3
0.3719203414970555,0.29031725029694494,0.6339606988486625,0.6277068108160729,1.8155100291050408,0.3
0.37667779782018623,0.29127068828682384,0.6083107987748483,0.6244061061672238,1.8307465185169558,0.3
0.3837929229459277,0.2863566055838589,0.6001295039082329,0.6253161331357674,1.8216407396273906,0.3
0.38507123875894755,0.2741703438199875,0.5979430500220353,0.6235735373365443,1.8326433317999806,0.3
0.39066479697402856,0.27842088389634106,0.623846158938352,0.6317261824167649,1.7841622094509684,0.3
0.48473050261543493,0.30564080138991967,0.43672903032681026,0.6299327137010482,1.7377969928197166,0.3
0.3772299101629735,0.2746185410239179,0.6375488000737384,0.6282469568196368,1.8121842172379348,0.3
0.40687120697832063,0.2756406286433077,0.5948317049742355,0.6314604991149412,1.7765568607113178,0.3
0.3483252740424893,0.2964823022146,0.7138858598109133,0.6271963677176848,1.8428758876332196,0.3
0.37996400441486317,0.28101932210058445,0.6054155038303508,0.6242061641332113,1.8312422759845537,0.3
0.3521427824922745,0.3048785683043547,0.6992273287168544,0.6283502684250938,1.8307193879723944,0.3
0.37159942453389494,0.28453137441062615,0.6305316628971173,0.6261988464700511,1.8244154308066172,0.3
0.3672208711194322,0.31083738337742506,0.6825291912999802,0.6344875479712132,1.7827898102142146,0.3
0.3694186645572634,0.28916477887768843,0.6405561873199884,0.6276288848281161,1.817432359461529,0.3
0.3705708081382674,0.29439587201715034,0.6485487304825792,0.6301715680068839,1.8023630489165159,0.3
0.3498837774497215,0.2928961237587604,0.6733641736658506,0.6244109997919274,1.850517968956516,0.3
0.379257185993919,0.28701236525925505,0.6400484653037569,0.6316521867563422,1.7895108208104822,0.3
0.3546675205285322,0.294720793427252,0.6744233480078302,0.6270210698983715,1.8326686282240823,0.3
0.3745758388066295,0.3176632879366789,0.6596074436904691,0.6340669354659935,1.7794577572367447,0.3
0.3508892645242075,0.29008486705516306,0.6747409926576807,0.6248760762554916,1.8471200777550834,0.3
0.34991845901558544,0.29348685292242227,0.676965387118541,0.6249443970644902,1.8480464620303936,0.3
0.3730722795740833,0.2901876144302807,0.6228266636707626,0.6259036599343424,1.8246452872995422,0.3
0.3552373239161684,0.28967220115517184,0.6656532942261916,0.6257291884114219,1.8388232846582824,0.3
0.35498905859147983,0.3019011102793113,0.7036046578848093,0.6303095783937137,1.817872129759218,0.3
0.37205721859813107,0.3015773467525122,0.6490302210450127,0.6309598408972933,1.7966853603352952,0.3
0.3494444967497044,0.2965436862375488,0.7098668531759426,0.6277218241012819,1.8380938019487971,0.3
0.35224339106079644,0.2931771122971103,0.6702832088460422,0.6251506889381907,1.844464111775272,0.3
0.35083950277936476,0.2949767985629153,0.7178321076516654,0.6285281637667385,1.8348730014492785,0.3
0.3512940753214083,0.29261002131258196,0.6933254606787499,0.6275129814810099,1.83460629862895,0.3
0.35145599648352754,0.29697837820453393,0.6779629529499546,0.6259030545875286,1.8416259474787435,0.3
0.3483487738757723,0.2955338090166104,0.7155997693123822,0.6272162732989094,1.8433195596626195,0.3
0.35255863254101166,0.29646544549776527,0.6841334364739191,0.6272454123181715,1.8336452063602915,0.3
0.34780462017636793,0.2967519969645266,0.6966014599805109,0.6260400353839469,1.846266972375059,0.3
0.34877377623063205,0.29928873578847964,0.7115486432609985,0.62736261590482,1.8411172421368742,0.3
0.3522366585665014,0.29182597554867296,0.6757793487256829,0.6258730117269972,1.8407361958233575,0.3
0.3548505415111978,0.2984407228430426,0.688813837179359,0.629030773696323,1.8226645855728627,0.3
0.3525037194508826,0.29328183729258445,0.6894937728025582,0.6277756917139016,1.8316487527176257,0.3
0.351805361079915,0.2973631925453956,0.6836888416316256,0.6268438400155532,1.8366045167544012,0.3
0.35327397657553505,0.29000263355252387,0.6859998443872813,0.6275652025208086,1.831907886598693,0.3
0.3481541652254564,0.2967227527880472,0.6932325472105764,0.6259407874684574,1.8456249562584388,0.3
0.3512532753643045,0.2950459443852097,0.6817352199519656,0.6262971271392175,1.8398708958600145,0.3
0.34806311893012065,0.29898166614709826,0.6979958316476934,0.6262667220301995,1.8449192145419275,0.3
0.3509343937703188,0.29548882349221645,0.6792436879962128,0.6257709697979585,1.8430946722194665,0.3
0.3492263817342752,0.2975965158126944,0.6918549168979234,0.6263875139312942,1.8422963079408203,0.3
0.34855273364708717,0.29684202925719266,0.6992579670682603,0.6266027219020903,1.8425302979768459,0.3
0.34794994411101743,0.2977527508972895,0.6955518914928895,0.6260326585653644,1.8459285171254907,0.3
0.34847245672541494,0.2971674233068551,0.6976245683015805,0.6264846495991071,1.8430631339559098,0.3
0.3495447060827258,0.295178834008412,0.6889802166488037,0.6261911723331033,1.8423643217539105,0.3
0.34847160189834553,0.2957006362261576,0.6906497217578806,0.625762626387793,1.8458019437981448,0.3
0.34794344505342734,0.2974761691513133,0.6936180589414951,0.6258615635090808,1.8464029499207155,0.3
