0.7409534021116825,0.3272931946401121,-0.20364468612763378,0.5734657821083446,1.7232995268721196,0.3
0.7754409817031634,0.2770611956506276,-0.6009271926904984,0.4527485346638789,1.6475061784028668,0.3
0.7316198435931932,0.36681935027788304,0.057912513544731044,0.6128421285679996,1.6121418531525569,0.3
0.6884856337156763,0.22889676544501636,-0.6702959411480507,0.4365984162584921,1.994208013799113,0.3
1.4055914253844606,0.32152672390935844,0.7619668523584366,0.8630990829479587,0.4559465685131529,0.3
0.9540734601243388,0.43556848370521184,-0.3989459473653758,0.5483665628201057,1.2939744898781158,0.3
0.7309992700969203,0.24838910010616283,-0.6288892888228668,0.4504413192561033,1.8214697385810705,0.3
0.7972203428036946,0.277361421666878,-0.37924601574113703,0.5513655075641438,1.6152016391551705,0.3
0.9843667399722213,0.3603646004633554,0.6850057715132342,0.788218335216682,0.8099302735057683,0.3
0.6927489864076549,0.24406409351736266,-0.2706381633526219,0.5449106958339609,1.895941101841975,0.3
0.7246886015006855,0.30360955002808365,0.20859921128391723,0.6386686025724089,1.5117885914575204,0.3
0.9328696953330353,0.396882350752348,-0.5241870450068118,0.4406066252699231,1.1745821344928555,0.3
0.6787168571577054,0.26784710872409145,0.3206854194195451,0.6338700978059392,1.5991101062604214,0.3
0.5914419329175108,0.2969560694170842,0.2919605784133393,0.6049696102070171,1.7926208634432719,0.3
0.8032094429999818,0.4537688401076061,0.7499163404310684,0.7819861704376871,0.8539217681370477,0.3
0.6651791992431717,0.2900245304651926,0.06589926129824142,0.5960131631714918,1.7502441521741379,0.3
0.7806924617646699,0.4807925885610843,0.47618880658583257,0.7177892670994976,1.1324961899329025,0.3
0.7861399506475365,0.2816979566670585,-0.5877733236580311,0.4593381613698714,1.8486958310178796,0.3
0.6899635596588531,0.21569340691269734,-0.7477356114893696,0.39467290291173546,1.904699727912668,0.3
0.8752229721167434,0.30490249665179137,-0.37916477896332434,0.5590280016431256,1.4027474063337588,0.3
0.95530664962801,0.4406824552338103,-0.5689006229692994,0.2861481107225966,0.6905835502033517,0.3
0.874596330417001,0.16498348208431907,-0.1958395364785278,0.568043193026925,1.7822156428249805,0.3
0.7724416979285407,0.2752847695865603,-0.6609265091167513,0.4099568175317299,1.5716894645541832,0.3
0.5471609713340412,0.34931445969818686,0.5352060271525146,0.6327588526430007,1.686604704926432,0.3
0.6124579884026059,0.29512866728327714,0.3993930725872764,0.6330171647363235,1.63953626162166,0.3
0.8471709419355409,0.32203623857335495,-0.4432840311106175,0.5304445613137744,1.4580387044067706,0.3
0.700443953143204,0.24209311219373983,-0.5342322528190779,0.4874958034044094,1.9584375130930833,0.3
0.8213033124451997,0.3730466031194848,-0.1778102842237977,0.6072656877572393,1.4616589647378602,0.3
0.7016447591922436,0.3283354106932185,0.08353437249924102,0.6102132791351915,1.6435155191482596,0.3
0.7257274995214664,0.23957945652517418,-0.6734570700163834,0.42592982423651393,1.798963720273473,0.3
0.5752003040460532,0.2990790282717044,0.2118867400922298,0.5779622804021614,1.959906533437289,0.3
0.732407423351303,0.22995580069734609,-0.9182447338091478,0.11594110981973106,0.4730328679427722,0.3
0.9202671569829126,0.21775494658647337,0.09142706065475281,0.6386544847303142,1.4437866337973995,0.3
0.8803042258179964,0.32961251055199514,-0.4984282953046795,0.483229789799584,1.2981625860451151,0.3
0.5962228123266023,0.29345825954333327,0.6615181519083342,0.6702044018575062,1.478879756918409,0.3
0.5753120387521086,0.32766131293778544,0.49502438829144635,0.6415835887684409,1.6168618353108186,0.3
0.8852635019278512,0.3600918168385697,-0.5703576166068212,0.4255487308648361,1.284494631977259,0.3
0.7699848308942994,0.43775645877836705,0.25697004246533717,0.6692516001462853,1.3295524238609633,0.3
0.7876716439514844,0.2856993054041372,-0.47991417433923655,0.5151359937417703,1.6481711744657943,0.3
0.6593505640974018,0.28758760385130816,0.13679238953163808,0.6050771055182795,1.7218148929703845,0.3
0.7075676168489254,0.2386386401890035,-0.28426816612002614,0.547784719998718,1.8691975472576863,0.3
0.5131646710573953,0.20821124715414802,0.7242408131203808,0.6316035672807555,1.7687907432209373,0.3
0.9866474929892657,0.2796919090054067,-0.40286240392966355,0.5471473616289504,1.208825815256479,0.3
0.8228852287225874,0.3477923357453714,-0.11487811164147112,0.6242202416540966,1.4081873699289176,0.3
0.792410434903357,0.30068503389408674,-0.05835609100098772,0.6202820789722979,1.4956866677825942,0.3
0.6971127202798068,0.2631206184944336,-0.233065717530268,0.557115302242274,1.8427338494872711,0.3
0.7097249585155333,0.2762073729807009,-0.2750685207530492,0.5535538488149001,1.8206747146628735,0.3
0.6459949958915637,0.3872596698000614,0.48471303092619167,0.6669800839058782,1.4368023093020654,0.3
0.6649894413025624,0.332848380872941,0.5492625401590143,0.6799919570099874,1.3763978482812242,0.3
0.8668914427968826,0.332298652393328,-0.2549881337070784,0.6027590074406679,1.3720295912841685,0.3
1.0373925682094112,0.22447966835362568,-0.2717405242163634,0.6045354029755129,1.310292129744491,0.3
0.5824727133123905,0.459349075633417,0.7066450138358348,0.6574375727381075,1.5834495540848683,0.3
0.9129053520520334,0.18653468377021004,-0.5236882647112417,0.4995628468706137,1.596982979144756,0.3
0.6012230800431093,0.3369027160201107,0.4360464153919944,0.6391302406322437,1.613298376418326,0.3
0.6489875003860369,0.32119473763308504,0.37283218170720256,0.643581171955448,1.5642720998835498,0.3
0.8357328796924915,0.30299805407008346,-0.2922938454916778,0.5834744275787939,1.4787730253016045,0.3
0.7137963772346432,0.32289046126681525,0.1803227405388352,0.6349851312822105,1.5383469064822746,0.3
1.2033051837550506,0.21438422799996545,-0.4185991319183259,0.4976980587288621,0.9795716871177654,0.3
0.7635675884631687,0.33686091850017774,-0.13260504328408076,0.5979158888976366,1.5892736027450964,0.3
0.9082260689868218,0.3190163042057047,-0.17140917447760937,0.6316467246425183,1.2945445025644522,0.3
0.7467836342861873,0.35459743898512613,0.052030759797219106,0.6263575794470253,1.51916992396958,0.3
0.77131755684506,0.27135894605806427,0.30758606351614964,0.6569542397875727,1.4359841588641526,0.3
0.6799287053661962,0.3633167329501817,0.3518492673340216,0.6495559604172718,1.4951478698480234,0.3
0.8206607089001313,0.3137553883394646,-0.21419441281106955,0.6014302270324652,1.4783629311123565,0.3
0.8321573889132572,0.26531239247062877,0.17473640740906138,0.6517973778421198,1.4079625444430959,0.3
0.6948511262030952,0.3248630865555591,0.1488516611049493,0.6217130560023837,1.6011649706594813,0.3
0.8065786681756204,0.27254502126857383,-0.20262393485649144,0.5940665131335172,1.558800340310451,0.3
1.044261494710181,0.37514603153545867,-0.3517826362292631,0.5527103992671285,0.9586370248593868,0.3
0.7171677469981371,0.2236141277495393,-0.16509854840807564,0.5626375200116474,1.8464536767100228,0.3
0.748130935296933,0.26504192824636286,-0.2199834428887198,0.5739101280977675,1.7030287351919307,0.3
0.7816706066549564,0.2803305501012069,-0.1460171423453258,0.5990137367554231,1.578345221973148,0.3
0.6617693187336556,0.25854304595278227,0.5661357860408431,0.6640434385400764,1.4915289540746342,0.3
0.5096470194046332,0.46604835215805773,0.8455497815695573,0.6950152106162613,1.387640148512678,0.3
0.8395340944192332,0.2892574554839151,-0.5084067432566173,0.49413802860149736,1.4604389454497089,0.3
0.7440493036612977,0.35779383094748884,0.23004097433145032,0.6568929414572082,1.4006614293551463,0.3
0.7242606832883381,0.34344982800258433,0.14210140634680818,0.6329789548732674,1.534643028057315,0.3
0.7371120436604598,0.320258305135359,-0.04370476813867975,0.6051530116578393,1.6068851857126583,0.3
0.7089046762237525,0.3390890029528654,0.161903324020515,0.6313366999643747,1.5484204026097292,0.3
0.8600164002010297,0.3172356185563347,0.05564942822452916,0.6570496912987469,1.3044174624838984,0.3
0.563708188226225,0.33262506286193727,0.5768498144467454,0.6486783168306297,1.588471132160642,0.3
0.445673601156125,0.30923532508133234,0.6570970308346112,0.6254314972551245,1.7867435686262274,0.3
0.6624893563841919,0.2762435853089748,-0.028623894194972438,0.5790300591659532,1.82449200367153,0.3
0.7049311708042935,0.31638061027667674,0.27060667803066035,0.6436986539011026,1.5045017694809442,0.3
0.6936579361241563,0.3290680519425198,0.4219200775881567,0.6691809156409285,1.404342510936351,0.3
0.7079389052699728,0.2594853441530164,-0.2476197648904635,0.5569505952957112,1.8222331732734187,0.3
0.5574034392219863,0.2636853420609799,0.553714556854721,0.6353319961272198,1.679390812936338,0.3
0.7157403262067351,0.2814496629793479,0.09644703563250756,0.6158939802419363,1.6360946108687724,0.3
0.7515872937766005,0.2411959945508512,-0.07704444390196144,0.5907593117613477,1.6957395541034717,0.3
0.7269541074233666,0.2989764383702211,-0.2624171530594857,0.5610930946158056,1.7686893291796015,0.3
0.531484742627381,0.3087389348256097,0.6289794801901081,0.6358606071865462,1.6888883200979816,0.3
0.6658430552912463,0.2650195280514704,-0.11703807462717096,0.5652880509962165,1.8725277625960945,0.3
0.7080832465591085,0.2912597959241156,-0.09967078276701018,0.5851734087771605,1.7262926291179594,0.3
0.6521737523763403,0.29506606548832187,0.15803239142582534,0.6057203167608415,1.7231633143182468,0.3
0.7269693486135804,0.2913445525520258,-0.1554752911668442,0.5819405505432226,1.702798792557997,0.3
0.5515706544997562,0.2837076488431946,0.6201624863468768,0.6515045015381653,1.5923277992776192,0.3
0.6234635096377047,0.2655660224047986,0.20861379345933362,0.5995961823861359,1.7930698108954584,0.3
0.731847508337511,0.3183097151598492,0.03314233902769895,0.6177295093817905,1.5739199455133184,0.3
0.7511411850508364,0.28318693751204455,-0.11041696093988115,0.5957019368473361,1.6292302444886435,0.3
0.3805964042155868,0.304117966177759,0.8225105452412609,0.6400581022781167,1.7444874347719723,0.3
0.47881610809898284,0.3658697639683096,0.7819330438751524,0.6768179113894003,1.4907275209525404,0.3
0.5462157046423294,0.3424706632684814,0.5044562887766759,0.6213562438153822,1.7691476615929738,0.3
0.9514331556335678,0.2646373028939825,-0.22504363075495143,0.6140518506540186,1.3292495767171681,0.3
0.659486043786256,0.26986192078204735,-0.024414248943918325,0.5776946768515315,1.8352322738643057,0.3
0.5529079125215718,0.2977756468661891,0.43703719294617066,0.6127871148323335,1.7853608368663934,0.3
0.7668215502104161,0.30699732607366653,0.2606228313734612,0.6523471036343153,1.4320801335032756,0.3
0.7409967062558999,0.36963088621317575,0.047447875629907044,0.6159364169014283,1.5835959712543373,0.3
0.5997360392067124,0.24008626109869494,0.874036274631467,0.6906460654416157,1.4309465005359705,0.3
0.8281415559802621,0.27366759979102184,-0.22411964523354627,0.5951372658927356,1.5203335999328056,0.3
0.9675623895404841,0.33220814384068925,-0.3652233957594288,0.5665792900469834,1.1686247645584256,0.3
0.6791897231490988,0.3290629854724511,0.15356118070886557,0.6157104199181241,1.6470179237637117,0.3
0.498324057213489,0.26879944779056253,0.588501410008707,0.624967725699857,1.7668793803223395,0.3
0.8731156378275613,0.22991478514224314,-0.31712637633618157,0.5717115480324324,1.5563541367705371,0.3
0.8853734723837791,0.193793446721351,-0.3033536897401408,0.5639269897839404,1.6598297239576036,0.3
0.7270895993775897,0.22928420755196038,-0.7597208312274408,0.35290079647429984,1.5641389481805688,0.3
0.6222749463789438,0.3008410957110544,0.21104892820374718,0.6025508200336811,1.783104330463658,0.3
0.9538239871665372,0.28064604771880824,0.5337075472677566,0.7346867011690279,1.057973203708702,0.3
0.8992451475133263,0.3328452399155567,-0.5348209439554349,0.4174794207880463,1.0915908626367015,0.3
0.6733262414454868,0.26289482967596606,0.6431164271280607,0.6817310076741903,1.405591755436881,0.3
0.8536249931847271,0.29205095098324135,-0.08644646761997923,0.6286206818596402,1.4014475245332583,0.3
0.47352401087491697,0.25539611320736555,0.6605340629864035,0.6280277356889197,1.7682018440079224,0.3
0.888555161864774,0.34515532448447656,-0.2757202945644912,0.5977174621293864,1.3306664075891748,0.3
0.5319390416968304,0.27809288606217464,0.5208368707867653,0.6243920762589982,1.7488432428962344,0.3
0.5526766669341956,0.2818583985878321,0.49271261350018986,0.6263776185264534,1.7171739832524537,0.3
0.5629996780820272,0.29395071298204595,0.43411900504251427,0.62118049246756,1.7370000958256884,0.3
0.8320249830013506,0.30155271905135345,-0.6371680005876825,0.35251216980489797,1.1260099688906795,0.3
0.4920855370898099,0.3182506028404599,0.6690985672418168,0.6469840244904668,1.6376410461901694,0.3
0.828667474775145,0.23523659888601042,0.7506513818617507,0.7157187528707961,1.2292445565182513,0.3
0.8868930649818944,0.34176379514837557,-0.4294836468032485,0.5337537231639854,1.3336478061054515,0.3
0.831784873117039,0.35984314687449204,0.40362924287229063,0.710439742860375,1.139810718818655,0.3
0.5127081235411368,0.34178440203717525,0.644714871843126,0.6532799606601201,1.5936369348706498,0.3
0.8758243231054993,0.3262518847618045,-0.23982147693731043,0.6069486122250817,1.3562090958498878,0.3
0.8771260273564341,0.3513983783591764,-0.570924314867247,0.4199366498115309,1.250169615673987,0.3
1.2487273575781255,0.3456237243498997,-0.3585029702164283,0.38086601767095896,0.5118797010003987,0.3
0.7413067259462045,0.2898705785562262,-0.4271834198206298,0.525892037842251,1.8106769833967375,0.3
0.5131290152332405,0.33573225583313887,0.5803589088586597,0.6332851022023746,1.7030764809028605,0.3
0.8650956636627767,0.3279019954852772,-0.4803701870648309,0.5066848338097566,1.3843391774086697,0.3
0.3705690320704531,0.2876108161339901,0.8427920725933228,0.6326944609129481,1.7957765645329107,0.3
0.5688101806383223,0.32220443630776885,0.6749592813080063,0.6795314188786058,1.4352665345599087,0.3
0.7410973759528308,0.27704654566530984,-0.18296823086964348,0.5812253505832143,1.6906915362904296,0.3
0.8108242776426348,0.35107618284619735,0.38592858694281595,0.6994424687839506,1.2127881979592774,0.3
0.8618064729107782,0.25050110854481883,-0.12956327161257813,0.6114443587434645,1.4875531611000676,0.3
0.6695325621537201,0.2995409244467051,0.4254073008186721,0.656314451647034,1.4910295466137455,0.3
0.40580065992185826,0.3362886770459664,0.8610590744010262,0.6545858914862192,1.6625904844782675,0.3
0.8028165107773342,0.373189596859201,-0.17421380713185627,0.5983886959137472,1.5423106776107178,0.3
0.7618560382970346,0.2774401402626541,-0.4189102588390746,0.5330909903173109,1.721271797778064,0.3
0.4487270120829788,0.36460335391413856,0.7731088152890749,0.6593853919103339,1.5944307366187345,0.3
0.8129504372368334,0.2772485919539365,0.4625148255611118,0.6854572895906618,1.3078349351680567,0.3
1.4656791378020282,0.39892729289645673,-0.2807766399475408,0.2824041069558934,0.24578031854256147,0.3
0.44264036561999437,0.3161920227692319,0.6835527474400996,0.6318189950715934,1.75172936855988,0.3
0.7489008428296605,0.281919463472568,0.02457748959448769,0.6160175017752414,1.578232547579698,0.3
0.6436107675990987,0.208130600252894,-0.9126476836918256,0.3221443486036298,1.9920714706850218,0.3
0.6568221311342526,0.2628743594299478,-0.0895899118491299,0.5640213327682297,1.8933079882167474,0.3
0.8391499252541621,0.30295433146198936,-0.47453451013312786,0.5112266960543376,1.512219879336205,0.3
0.34838058738583694,0.2935470832266347,0.7903734568090914,0.6150655387339597,1.9093427818666378,0.3
0.8817981264519976,0.329007733302591,0.24050594554707566,0.6920207480071758,1.194531870377059,0.3
0.8912369013316437,0.3589437443951706,-0.4648198334926178,0.5091795265081352,1.3193514492071547,0.3
0.4692276098325086,0.33360098618729667,0.7184873954978673,0.6542993594182985,1.6089658100148996,0.3
0.7264572837427531,0.3381611612274482,0.17191811295503345,0.6395656487229641,1.4918210250960902,0.3
0.6948326186357578,0.23318107882651956,-0.7441294186753409,0.394894132555995,1.9289924381782737,0.3
0.910890596868771,0.47371327571219596,0.7365918173212473,0.8047159019715412,0.7410895929044767,0.3
0.8791079801452466,0.2850838885878957,-0.14730974320000043,0.6219602855437052,1.3871674144999913,0.3
0.8016374273830762,0.38322302228871646,0.01280173856973979,0.6401719848166113,1.3912300642757751,0.3
0.8522800966635207,0.17947557774154238,-0.665339366719066,0.41223442985332637,1.576267768185054,0.3
0.5394641325656395,0.2737373151958705,0.42055745165218017,0.6065885967578833,1.8372133140644302,0.3
0.7267167327794443,0.3623394545531377,0.21977640650376626,0.6488371217053045,1.4509759658084351,0.3
0.6134689192715809,0.30052735097325195,0.4699865016877305,0.6429959710170243,1.6106367513138304,0.3
0.6355228774739387,0.28036135051103156,0.3707140760669788,0.6209182348565655,1.6931024574210127,0.3
0.5369513163515215,0.2769513494255137,0.43167283453726035,0.6085411868489291,1.8236577464408261,0.3
0.725206512514868,0.36332992418663423,0.019080125705257744,0.5924554861132533,1.739513920518374,0.3
1.0608942715259273,0.13549778194833087,0.31246462712693107,0.6445929571440573,1.5105236937644184,0.3
0.7370149503483865,0.26365753354426325,-0.49797751452403427,0.5043732847111481,1.8220159256944959,0.3
0.771753515980776,0.3609869536044199,-0.13656050103100906,0.5953667897236304,1.6185304655069073,0.3
0.7298848101472342,0.23338673775633484,-0.1816880521379945,0.5682568332819953,1.7942092957002853,0.3
0.8218702560150691,0.2822614966807171,-0.5688642085859645,0.45723938127171293,1.459935352235187,0.3
0.41227524485512,0.21892448318580893,0.7174324917270032,0.6062933439465068,1.9403105075948528,0.3
0.8110593903249194,0.30373885926086786,-0.2904555542474094,0.5797422476775974,1.533845466524199,0.3
0.8015589370729778,0.2557046423812442,-0.11733865594481258,0.6025230317619732,1.57678375487112,0.3
0.6643561934157557,0.3332727374280616,0.5282330889117752,0.6807669811154402,1.3764021133880513,0.3
0.3730927937127911,0.3176604653364655,0.8113309689175117,0.6195170834297256,1.8748028971609403,0.3
0.828874048267146,0.40927626049662746,0.15158742982232493,0.677153285299145,1.2283386757495072,0.3
0.8796149296709823,0.3645027647708216,-0.4629295119295488,0.5164871994816262,1.4059767854219913,0.3
0.5758370849292259,0.2728577976094949,0.3070123690580553,0.5985658023456211,1.8402907512117905,0.3
0.5438078440010766,0.299083106122886,0.4242705374468668,0.6103792788964043,1.8045170897809437,0.3
0.794896949597127,0.31778533652667623,0.1501699063252306,0.6454267320470398,1.420906655666244,0.3
0.7518558971750365,0.33690970378373886,0.3633077474997873,0.676782990765402,1.3277815853928783,0.3
0.57490622467935,0.4691924413799311,0.882699485545001,0.7457530003935224,1.0994898281558612,0.3
0.33465259771574246,0.28254075348738056,0.823450060292791,0.6164071974317104,1.9070942344554502,0.3
0.699548591795646,0.21701099559835346,0.057659217420212336,0.5860128319025669,1.8175421455678475,0.3
0.8411834461787191,0.3660755334773256,-0.29700468334254626,0.5839544125861698,1.4725520488916837,0.3
0.6010190745164127,0.2904227390970979,0.23438209161330104,0.5981676951293403,1.8161544284915276,0.3
0.632633568692543,0.2667989603618449,0.22601069446631109,0.6054083115246006,1.7578558761229823,0.3
0.46422881955321077,0.3372466544316723,0.8008307354485255,0.6747026169503073,1.504499952764899,0.3
0.7384494646880367,0.2541502222535743,-0.5448714414708733,0.4871963595867488,1.8184620476078293,0.3
0.6873731987071213,0.2589330131639799,-0.1691736147790721,0.563211278613546,1.8443038617848948,0.3
0.7251712176997098,0.2413642744637835,0.23709823545928507,0.6258557831719416,1.6190352531741456,0.3
0.4413352964470338,0.3244387742791201,0.7206684267567444,0.6425173183462606,1.6908104098042733,0.3
0.5027248834723972,0.3041993040160796,0.6242784526367333,0.6412923069737411,1.6657326493973463,0.3
0.5152212886376092,0.22637723674786664,0.6413033766961749,0.6252161753072842,1.7792044482093867,0.3
0.49658264590958484,0.22815168678540285,0.5313195544449685,0.5986475585633403,1.9382059073768914,0.3
0.48171819007910016,0.2174963150593786,0.6948863461119958,0.621368121381717,1.8234526404041569,0.3
0.7874403290051306,0.44610575324505075,0.19663711649540438,0.6584960235303923,1.3771851739974568,0.3
0.8435246124820336,0.30886917557109583,0.815029852831411,0.7654057837714295,0.9706035909173684,0.3
0.8151571975754646,0.3181889614581917,-0.18507380905857085,0.6043592970172522,1.4763035095882724,0.3
0.7065644278924554,0.2674333891785275,-0.051260092676837565,0.589506136991841,1.728599536041283,0.3
0.8367660480612706,0.323389807023443,-0.5800506137727607,0.44282217491824843,1.438220191553524,0.3
0.5627228760222616,0.32649449065572284,0.3755718645469115,0.6015838697041771,1.8554780909871265,0.3
0.8368518086796831,0.2847613507052905,-0.5643040671821031,0.45131234919166574,1.3915781549226502,0.3
0.5571247717878818,0.2696007990077462,0.5031271248156013,0.6273167336801713,1.7152815120640825,0.3
0.5684045083026225,0.30700261186950956,0.4521857130589668,0.6282324226320778,1.6936737606428587,0.3
0.9690982904862147,0.2782700143165178,-0.6024701165460626,0.24129387050352094,0.5925447604615228,0.3
0.6485477549611076,0.2677158560588989,0.0723082304596174,0.58857109955703,1.8101188912918331,0.3
0.5498894386320032,0.2734888333416014,0.3504022232592945,0.5970914215591903,1.871536172358428,0.3
0.7057181309950997,0.28604352360324964,-0.06693249797225131,0.5895114293515218,1.7175991135395159,0.3
0.39268991234529305,0.24696606210915945,0.7257087949917516,0.6123311149285966,1.9009137419557154,0.3
0.5882341753821817,0.3116665340121159,0.5373618129213987,0.6536228397192587,1.5567856097631954,0.3
0.49887006252819893,0.31306855702816827,0.5802286325044896,0.6286949967784946,1.738812618197603,0.3
0.753909689173348,0.327226944633651,0.08594659288136192,0.6342286636628298,1.483172747009795,0.3
0.7634642692891338,0.3259750147631755,0.025161929706886077,0.6266227810961116,1.495810402085747,0.3
0.7470563317256171,0.24134504630340534,-0.02357830669301597,0.5977949425503644,1.684496296733601,0.3
0.3843351260117378,0.33480041086749923,0.8335246713889848,0.6422268012307983,1.7310437312900253,0.3
0.8161458440742303,0.311884199827688,-0.3096281706221599,0.5767644219253081,1.5229248527988841,0.3
0.7258773539134661,0.26987069296657273,-0.3447541648575584,0.5442266869326727,1.8056811738305745,0.3
0.44114067060380235,0.30477660646671334,0.6416786488616362,0.6182662216697465,1.8344808431181154,0.3
0.468886618094647,0.28265988117792484,0.525233159359548,0.6005475935650015,1.9185650521007003,0.3
0.5189575469402223,0.2939199987321901,0.6077983055870849,0.6417813517692303,1.6565797833902656,0.3
0.9088051012343239,0.4262495569319519,-0.2938919794388283,0.5932193551021249,1.3869091561867322,0.3
0.918592301749209,0.388225705038511,-0.46585325045410797,0.5053487469001574,1.2839200738350618,0.3
0.5119716628354047,0.2997764573105441,0.5836585906608068,0.6338360929436129,1.699594530840642,0.3
0.4088689730174569,0.3297791565205671,0.8387753278944711,0.6579827626600849,1.6279590666720891,0.3
0.8313401936583042,0.28667627046178884,-0.13974780229300182,0.6133633775768054,1.4668692752228192,0.3
0.3300896120075703,0.2787347790995849,0.854917519336882,0.6167131394138253,1.9167399036219432,0.3
0.4607575099155082,0.28866013965945114,0.5840934068531151,0.6119995532756127,1.8543955646153705,0.3
0.739848586560766,0.27625341119179464,0.16893659344027073,0.6323785796702719,1.542952901258174,0.3
0.5104338659487869,0.2808206633041801,0.5982444671113302,0.6340785397183405,1.7073382207165182,0.3
0.41379916918687054,0.3333276332714746,0.7969174434875347,0.6514960184506435,1.6571931411891145,0.3
0.4966397420799011,0.2740490671501822,0.4867827765766113,0.6031833649144831,1.8810383197479814,0.3
0.4245876126148038,0.2613163002725912,0.7663570169198286,0.6367999649417009,1.7457426647938743,0.3
0.7755326171507608,0.33614919483551053,-0.10926178712841558,0.6084114631141431,1.5329980591537111,0.3
0.8651297989923867,0.2560100085542754,-0.15354113229424282,0.6098148360712032,1.4744543098256728,0.3
0.5605340012876875,0.2573183039636004,0.32094651836056654,0.5937860081935399,1.8846213999231463,0.3
0.7896377891095233,0.29925637376971226,-0.388376790953479,0.5467711590385694,1.6270960694358876,0.3
0.7923057646442244,0.21247581860032372,0.0787653773394624,0.6076474246191027,1.6607986329797968,0.3
0.4866989966155085,0.2894634880681688,0.6041079619385905,0.6279051606705075,1.7489719991606338,0.3
0.48866009419494527,0.2584640875298831,0.5389203964447788,0.6067286715047574,1.8701126706806264,0.3
0.43990685493271353,0.2577281081535934,0.6782011760925537,0.6215369228803604,1.8209575939213074,0.3
1.0018665633639114,0.4715546870057861,-0.38880378965803186,0.5389472979380747,1.1068617763040245,0.3
0.4744547820136213,0.31462587332033315,0.7394989966070173,0.6608954675250169,1.5745266658146055,0.3
0.4169849411278256,0.25862461446263196,0.7925164520438293,0.6383299782579424,1.746108422665182,0.3
0.4576842036308144,0.30984213842451874,0.6880872948528971,0.6401577200864947,1.6980533989864577,0.3
0.7405422405341262,0.2524392284068202,-0.07016384282486948,0.5925164988019909,1.6889648238597244,0.3
0.4073544423578719,0.29515044338437124,0.7445723631891622,0.6327690249740935,1.766200818189108,0.3
0.33055908922035676,0.2759772828494559,0.8188458749401467,0.6131827654412876,1.928176171895117,0.3
0.4619149471680491,0.2960451137650766,0.6337443742540122,0.6262243410330068,1.7727836539251178,0.3
0.5107638616315717,0.29405808871886674,0.4848103023678908,0.609870115214233,1.837268048362364,0.3
0.40299593409484424,0.29381889940413863,0.6775948128091227,0.6108238311533616,1.8987810500667017,0.3
0.37447868852786736,0.2694897077618906,0.8343782562954022,0.6331672285145454,1.7933060644654046,0.3
0.46546268311274575,0.25868548308360895,0.6388406496700777,0.6205384551622959,1.8195816375906815,0.3
0.3696151743295407,0.3177843486752021,0.7676346780412671,0.6156804891984652,1.8930427454294512,0.3
0.469402002566223,0.2769740648700612,0.586164373530155,0.615053473129651,1.8323532037129104,0.3
0.5910051701534427,0.255498698935565,0.26656704338476783,0.5956075013667191,1.8509128932619412,0.3
0.44023716727080997,0.3106623179879104,0.7875893273403624,0.6585268773561845,1.605777214385471,0.3
0.5356887022981154,0.25305502270824004,0.5006525813817782,0.615719417824708,1.7972811902479644,0.3
0.757870345591292,0.3547263003362059,-0.02844207593401865,0.6149372338953086,1.5469198251354672,0.3
0.40330835424592965,0.3362757552800975,0.8633127654228947,0.6571379140766306,1.6422689776267985,0.3
0.46829768721025,0.2737721397122201,0.6133157545425193,0.6205974238066374,1.8035785805530595,0.3
0.43204380650066243,0.3435378611161499,0.7514834472075628,0.6445785655123977,1.6855775373015403,0.3
0.5189550992054409,0.31819383965446396,0.5216731377826636,0.6219288996562073,1.7625466382329504,0.3
0.42644626004447456,0.23988949016936822,0.6580921960247124,0.6068640328893636,1.9162496552036796,0.3
0.5082965728886757,0.29042012433308395,0.6365504828522486,0.6436445385288799,1.6578923528008744,0.3
0.4888676254524218,0.2728275447609821,0.5051344738828686,0.6041994485732192,1.8835636753812905,0.3
0.4156937268753795,0.3662898831463189,0.8636493242459471,0.6599223031047234,1.6230507228735964,0.3
0.4167873706191028,0.3713722369624148,0.8434073163237337,0.6565461885648038,1.6382818542366315,0.3
0.3747636398340293,0.31193458701646704,0.8705147695979345,0.6411613177550476,1.751759679591701,0.3
0.33760194722458475,0.2826302802978855,0.8419350083852725,0.6196850066338138,1.8925722135980492,0.3
0.38046956181280045,0.3030808426966968,0.848629065301217,0.6433684693236528,1.7286876923273309,0.3
0.42802552437775937,0.32386589358854617,0.691805261973121,0.6237341114791843,1.8086240457251397,0.3
0.6295816878144479,0.26241297899322524,0.17064594840305772,0.5954462676716588,1.8065677117398138,0.3
0.4811363922441519,0.2929786876722334,0.6503753413633464,0.6378215665907246,1.6989869486786486,0.3
0.38380218877352706,0.3316589502514,0.8154681675422963,0.6388056992481733,1.7504125365590635,0.3
0.3394581786803801,0.2918686994016959,0.8164638755932255,0.6176963624668108,1.8961418668382142,0.3
0.4084511733774588,0.2787086822500103,0.7029247460943463,0.6200935219065608,1.8390743657311335,0.3
0.3385209136162123,0.2930838893051065,0.8465648176062869,0.621403071251062,1.8803063837147982,0.3
0.5240565715613518,0.27766722081573575,0.4189319306038387,0.6006303282431595,1.8745617578257976,0.3
0.7194686810387105,0.30234076306875374,0.026314728375997132,0.6106214590387826,1.618992295734398,0.3
0.5526286723497096,0.2747899787326214,0.296866586034226,0.5882950968535651,1.9151747913784436,0.3
0.39724686890331284,0.3217963742632395,0.8570870357221035,0.6536660816389327,1.663267221180256,0.3
0.5779107321667336,0.27904081711286877,0.26639276435332193,0.5935459992863946,1.8627500455659383,0.3
0.4651364389390823,0.29000107750561477,0.7289810357145001,0.6503172063537522,1.6422890891633115,0.3
0.46837100857876324,0.3263275092732516,0.6654211548892808,0.6384084053513821,1.6995251788499681,0.3
0.532235229946873,0.2729602628093666,0.521389764640982,0.6236915320888661,1.7487723296685926,0.3
0.3337897528052126,0.28522304675424076,0.8475889550192128,0.6188343689476111,1.898309352039019,0.3
0.33420056861429315,0.2609495873787293,0.8421084816077111,0.6153366361187066,1.920171289927721,0.3
0.3958279736019326,0.2777776718080677,0.8712075226831496,0.6451496656304517,1.7246286232343206,0.3
0.374302283467743,0.27529137443377766,0.7690204969102843,0.615344155804504,1.8884787905194633,0.3
0.3873763323075071,0.27135815714529465,0.8649433105003294,0.6403117600267327,1.755071298672628,0.3
0.4017386288627372,0.3345295889122901,0.8563963774165438,0.6555626435611194,1.6489928922782755,0.3
0.4891717967477891,0.2644467926254232,0.6134842427056182,0.6260587152793888,1.7674880926866738,0.3
0.34623634070547593,0.26959903543424135,0.7859965311962939,0.6131125789111395,1.917060644548209,0.3
0.37577643122644644,0.30347706001577773,0.7496564525459904,0.6184077816750154,1.8682593762924593,0.3
0.4405815210640596,0.27147970458314774,0.5782736137534716,0.6001926024963029,1.9353646603316308,0.3
0.5409110887576738,0.2295452140966913,0.44612362239517245,0.5997397065756377,1.8896238235259717,0.3
0.3888644404073674,0.32062456333118294,0.7726046463622144,0.6283119355815865,1.8033959471258099,0.3
0.3217008885008573,0.288745919232208,0.856489033973866,0.6118611400994721,1.952056638871103,0.3
0.4043912526809569,0.2735871006329731,0.8100748905865148,0.6408068808478422,1.7370822897543383,0.3
0.4755993203530573,0.25359188500479446,0.7181299809436423,0.6404551307101769,1.7052418531343267,0.3
0.556397494655921,0.2678767239598698,0.5918926655626252,0.6440942499757885,1.6373955512800096,0.3
0.4031341556888688,0.2717152211464019,0.7383867896242868,0.6257058290228523,1.8124684074169781,0.3
0.3628217330182763,0.2923544496134768,0.7761695447629461,0.6201200460478958,1.8644278899175213,0.3
0.5089830930575546,0.2477721888279458,0.5400943816994173,0.6128638384565194,1.8322795906128806,0.3
0.7365433975089082,0.23247856181904797,0.0739500257209661,0.6043317429409842,1.6921278726999633,0.3
0.5005567999718655,0.27477222145828234,0.45641586180579524,0.5985260962135985,1.9052481245123456,0.3
0.6560836358855058,0.23787697437336616,0.2536903962331309,0.6084089561938382,1.75217650032755,0.3
0.4398298946194642,0.3136898641693405,0.646830024712384,0.6179200954855637,1.8383019628751522,0.3
0.393304058369691,0.3247540319309579,0.8263715905325716,0.6479093228546616,1.69119288268572,0.3
0.4255725110879717,0.29527811236594315,0.6732805471775423,0.6197459546350309,1.8291619267758725,0.3
0.45279068247910226,0.24712853276001684,0.5698320769682501,0.599047595983122,1.9400444712425704,0.3
0.515739471211921,0.26930194303388744,0.6141055714532484,0.6360608707534164,1.6968551671572265,0.3
0.38969318474090964,0.28734029583195886,0.7281392547331553,0.6196755270169059,1.8515635313195464,0.3
0.5201637052012064,0.28459286571145154,0.5730206519761385,0.632510624864721,1.7061533114848275,0.3
0.4265930407373024,0.28197924816474224,0.6122025717080534,0.6037647468324243,1.925199182081571,0.3
0.4168343836093745,0.2752709795235604,0.6532635595902332,0.6101591490315121,1.8923320989296122,0.3
0.478152465016376,0.30940494727534085,0.6147401357395268,0.6287628458299129,1.74917459170731,0.3
0.3889674622874614,0.2656525796821956,0.7422776499021079,0.6198320777974525,1.8558550614315301,0.3
0.4813018881248008,0.3031103093914169,0.6368079724961679,0.6358050551404897,1.707827172717723,0.3
0.3850011992528137,0.3181801652117326,0.8003237273488532,0.6342383087469466,1.7713887713399095,0.3
0.6541467794206923,0.262737314479832,0.2395028016156816,0.6134766888680921,1.707190981877741,0.3
0.41139711587908884,0.2905602715804063,0.7388436731852724,0.6316537911645927,1.7753542048159723,0.3
0.43195392156410467,0.3045730489623299,0.6838198405071091,0.626317078921632,1.787671187047058,0.3
0.5739993591363423,0.2247755225515507,0.3723439609348951,0.5964145987914694,1.886624551615767,0.3
0.4764688536652763,0.3126251267434399,0.631257538581582,0.6325272460507323,1.727771531174475,0.3
0.38115944067791907,0.2602954238092567,0.7050923155243114,0.6064977334730323,1.9362856009570257,0.3
0.499474764853884,0.2948421536159554,0.5845039858846671,0.6292210589913759,1.7342780343321924,0.3
0.3770094541241263,0.2661936037425697,0.7524679640063235,0.6171569447646681,1.875174067763321,0.3
0.4455877504854113,0.27357087677251923,0.6789250062516912,0.6275295363069737,1.778251956463474,0.3
0.3907880567322079,0.30820940439940286,0.8303371972734633,0.6466019583772705,1.700955975537693,0.3
0.46469494596155336,0.2703406582758688,0.6196626281691634,0.6201736211729302,1.8096493979536672,0.3
0.5104555584885304,0.3211441351960651,0.539213844487566,0.6219905692633275,1.7698716037098392,0.3
0.39064418525807826,0.2797963677758373,0.7135426231591339,0.6154334665442025,1.8759169994250375,0.3
0.3712383172895965,0.29154209795452096,0.7709945324442942,0.6230823269648444,1.8428600331583571,0.3
0.6165029591661311,0.26987077526425196,0.32580696027320305,0.6159343470803894,1.724422169667794,0.3
0.40459304135193624,0.286572338441104,0.757800469273563,0.6338513330081399,1.7631483180848608,0.3
0.3489511608680276,0.2673641171254036,0.8487804853439107,0.6234996623245619,1.8663383507748688,0.3
0.48724362155417855,0.2475002041287938,0.6009469747648074,0.6176879642124979,1.8218679948138277,0.3
0.32309728829698103,0.2972335096542108,0.8535003179190952,0.6111197186211977,1.9567574832558035,0.3
0.40896397390546296,0.28301676601336373,0.7033202489424786,0.6206829303442781,1.8342249865699038,0.3
0.45207413336723334,0.31717237912912527,0.5971812549879626,0.6053234200121317,1.9094167344099289,0.3
0.4467467748568654,0.3060492910042156,0.6082555074821805,0.6104942108730368,1.8762516808546652,0.3
0.5047795182766829,0.29372672918693965,0.539309928685606,0.6205082083878093,1.7789470493257438,0.3
0.4051311662793445,0.29585533925994617,0.7075713866902457,0.6211939648221594,1.8336678612989121,0.3
0.5489427061983339,0.2530873474128907,0.4204311835274044,0.6048513988257747,1.8405057452131461,0.3
0.42558076197228034,0.28561072736201565,0.645930195774672,0.612835257277619,1.872194327420168,0.3
0.34171607532527937,0.24538178779583503,0.8214421543202328,0.6115134311026588,1.9383717406336474,0.3
0.32170534620945257,0.2699233956252715,0.8329134382956755,0.6103098206604477,1.953347353590808,0.3
0.3368204722803319,0.2812551054910475,0.7883722657008085,0.6099983799321388,1.9406552710552605,0.3
0.6133934095289394,0.2869269764536709,0.29800572249862617,0.6143437557943754,1.7284225418813481,0.3
0.3958488321739968,0.2990096381633034,0.7199958992681136,0.6196247739796221,1.847427069555389,0.3
0.4122974266562574,0.2934999703029286,0.7386812427345819,0.6329381235138695,1.761966379879773,0.3
0.41087113307887496,0.2587834014715019,0.6369786687299615,0.6010533518196806,1.9505897640845808,0.3
0.4314970036795295,0.32024910182203703,0.6491637833882337,0.6104985114308422,1.8903456151221378,0.3
0.37554569369652746,0.310164758802871,0.8327402655703303,0.6397286736397895,1.7485988629405003,0.3
0.36071387987124115,0.2708113676089289,0.7276332527851005,0.6046180883633555,1.9568881272563368,0.3
0.3975638588193197,0.25653832193605525,0.6587810336999116,0.6009057572189153,1.9607517635436884,0.3
0.36289223157933853,0.24668011966626346,0.8012861138828877,0.617099081056751,1.89333605395052,0.3
0.4537134337923621,0.2687860733462201,0.5977815665246181,0.6105318181284778,1.8727011742243918,0.3
0.433621498827622,0.27118508333595415,0.6007869971153867,0.6034830338276923,1.9225933497368592,0.3
0.5041581975777264,0.2597983715828866,0.4567145715969773,0.5978307932483167,1.9077683675265455,0.3
0.3984269600942775,0.31020869615173213,0.6782522171547941,0.6031112649594369,1.9545615568134034,0.3
0.3541330878225009,0.31399577760450337,0.8260406113782686,0.6250699717893176,1.8470122099079942,0.3
0.3893069147442937,0.27633700092387825,0.7001461769508941,0.6108226315549385,1.9038995691327443,0.3
0.349799591318448,0.28691076818563016,0.8527533346186943,0.627394719721898,1.8401741580394924,0.3
0.328339649427938,0.2842240534501941,0.8362517834120271,0.6139180625871129,1.9275640200213093,0.3
0.33771583855758536,0.29216704302638447,0.8572192161613805,0.6212867671566888,1.8848571489118293,0.3
0.3476318907974062,0.29175194234297164,0.8636678600456341,0.6264886766066341,1.8501212905220472,0.3
0.4585345766833971,0.28621604087401803,0.5322651104461924,0.5970411517219052,1.9459793485287253,0.3
0.3855667161208892,0.31377990361670083,0.7849513166488926,0.6340024939070381,1.7722344160505907,0.3
0.3785070452243093,0.2708520455259229,0.7452988730451026,0.6174399260946238,1.8730567466052994,0.3
0.4337660051131108,0.24917905930457962,0.6367850108922729,0.6075382243157735,1.9037962050911355,0.3
0.4004126827197023,0.29056401145308164,0.7078298867960268,0.6190167015511955,1.84992274218916,0.3
0.3287418129271886,0.28097951116224124,0.8482018344026694,0.6160399795867594,1.918260482180171,0.3
0.32041236422540126,0.27943245314066756,0.8370594939046021,0.6103309766519587,1.9569907735685639,0.3
0.32200706035344195,0.2794668940373926,0.85679058341839,0.61250683913712,1.9468203250556098,0.3
0.3450993125595699,0.29511347701321694,0.8645936186593399,0.6251387821240689,1.8603143757893814,0.3
0.4102574457182857,0.3120090185997698,0.7256869946290914,0.6288782825128094,1.787233388349652,0.3
0.4013139676559915,0.2968886410315587,0.6711607091693966,0.6071512002387844,1.920896078874624,0.3
0.33736920885772054,0.2830323495874708,0.8244217078022715,0.6179838853250247,1.896300784962254,0.3
0.40269532744811876,0.2803113948751733,0.7361366164973571,0.6266265361481621,1.805475204514506,0.3
0.3558223956482571,0.3036077054425472,0.8104531816979975,0.6246839464568046,1.8465125188964833,0.3
0.34970055699048286,0.29773744021177073,0.824081046953975,0.6246146055726121,1.850703235735704,0.3
0.47046912394527896,0.3047748711512458,0.5721631652312807,0.6124957714493138,1.8472161457072642,0.3
0.40321762990612864,0.28368838297795695,0.6857364387302931,0.6136577004721182,1.8793143616376242,0.3
0.3924365560997471,0.2677543732374573,0.7044368326988352,0.6122099059272799,1.8951217774631006,0.3
0.4664370913225868,0.29760520808898383,0.5665110082360307,0.6096618659274524,1.8658113361808688,0.3
0.36100478206451003,0.31071888674648246,0.7744171119024531,0.61380392032055,1.9140304281506153,0.3
0.34737017249844576,0.23434374333380198,0.81676838253987,0.6085456279593788,1.9563621973151266,0.3
0.4128752691608447,0.28130727314495985,0.6600661513743523,0.610722922892975,1.8910939075268929,0.3
0.3534115267458703,0.2912079967856579,0.8470222955605066,0.6292252844319528,1.8253514980175665,0.3
0.4378997771145323,0.25305754832938865,0.5803909577976871,0.5973344198111322,1.9571963569872917,0.3
0.5124829842522733,0.2567715522622099,0.45280591164800527,0.5998304448279219,1.892959910014876,0.3
0.40223778202094496,0.30369735654529245,0.7050100948201884,0.6184383348831545,1.8529935551388865,0.3
0.365087841503038,0.30086929157166176,0.7796756927912315,0.622016443207695,1.8527796035406665,0.3
0.3649020339411736,0.26129996463019906,0.750470542178443,0.6113050138697387,1.918661853883167,0.3
0.3207293919347364,0.2605712087559309,0.8486299666617343,0.6096559016784375,1.9632077880111372,0.3
0.42072949611976634,0.2597934992102267,0.6582130187784424,0.6104995491883716,1.8925329475420372,0.3
0.35866794988017087,0.30129052989890664,0.8055333822279114,0.6254386028456072,1.8380013122641272,0.3
0.37634770185293626,0.2592062009136763,0.7600927754372134,0.6174625682661694,1.8766566781844929,0.3
0.415714600560007,0.272923098373012,0.6847482495223468,0.6175800556997544,1.8508969076003945,0.3
0.33832782362576436,0.28232920817197804,0.8003444997376797,0.6136880728034643,1.9184501440386628,0.3
0.3458282661837909,0.2779186787252896,0.7842689658122356,0.6131128637378775,1.9158587390658632,0.3
0.3603706851474838,0.24859651095258653,0.7714199309260426,0.6109684846203539,1.9281217060470621,0.3
0.33565151020782336,0.2894961223331519,0.8300669303224399,0.6179015074003912,1.8985880259501269,0.3
0.3507671278570471,0.28626573398576877,0.8380808033720847,0.6267405683551981,1.840094183817297,0.3
0.3409257051650754,0.2430215152910548,0.8241174408028206,0.610725971011531,1.9482514823954684,0.3
0.3764433937782538,0.284008965946901,0.7203783399103736,0.6108257872883569,1.9109797688102803,0.3
0.41972540641230344,0.2541829229350563,0.6472135626150031,0.6060720312978817,1.9181234650183745,0.3
0.38107904795497033,0.2937699444331786,0.7255430405363935,0.6145602452572215,1.8869080721123381,0.3
0.37096075868965117,0.26631694070270373,0.7112480558616967,0.6047687842646768,1.9519718100005623,0.3
0.3774239742434953,0.2814182533671086,0.7287552453487506,0.6137681414756475,1.893241636601231,0.3
0.3676387726589812,0.2518312683340697,0.751543791385462,0.6102754497820847,1.9243777838103755,0.3
0.3571814380244636,0.275140815579803,0.7508213496381133,0.6099714693829986,1.9277372665438208,0.3
0.32696112557237117,0.2766078322125092,0.8222971210129815,0.6120151150795778,1.9378529053469462,0.3
0.33570920937683657,0.2804521245425892,0.8416050428857483,0.6187746027182601,1.895512743907943,0.3
0.3241023348286595,0.2885601998854244,0.8316446345424928,0.6087163024219688,1.9622149827206454,0.3
0.4171698832073987,0.26877510000808286,0.6539247467912892,0.6096286040949033,1.895946396502874,0.3
0.3480354489001213,0.27570102215964987,0.7784364582341109,0.6128484102706416,1.9165217907345178,0.3
0.35333432252517055,0.28328483677351723,0.7608773222812194,0.6111825567187422,1.923105580309341,0.3
0.3977927628048415,0.28202013808172793,0.653746164873491,0.6013634624172884,1.9558611970887119,0.3
0.3566410912418824,0.2775886754019624,0.749065935736401,0.6094243226525049,1.9315882890402065,0.3
0.36567304132460204,0.286933055628667,0.7401739092646843,0.611365435709819,1.9146356586378328,0.3
0.44492807907332116,0.2767329927524006,0.59567868511268,0.6064785566516053,1.895373467957658,0.3
0.44119488276218966,0.27668535844188535,0.5994842904389839,0.6065824070103621,1.89791015636558,0.3
0.31773123693830635,0.27678678724916533,0.849328559159367,0.6100314869929075,1.9615370059787738,0.3
0.34052339118908775,0.2718872341190899,0.8407542320045441,0.6201424094635829,1.8858699513904107,0.3
0.36104498276125274,0.2770079119442066,0.7592170156216435,0.6140675935770159,1.9010191084608143,0.3
0.3216262404040477,0.2776774160737438,0.8334221663465013,0.6108623257749479,1.9499249337472429,0.3
0.4403800263128602,0.27806712183351895,0.6114879301171942,0.6082583790504922,1.8876101351785126,0.3
0.3459895150090685,0.27615463995264233,0.7672643708376304,0.609104842047421,1.9398948782305896,0.3
0.38029856640120724,0.27418180554912175,0.7286216042756395,0.6141572312246621,1.8892371380329973,0.3
0.34012808791467314,0.2919196194107337,0.8244792153122722,0.6195147943423168,1.88565641319794,0.3
0.3182803557322658,0.2777178577224225,0.8477713816711568,0.6103102763606885,1.9592588663964368,0.3
0.3984559418864502,0.28898244451962213,0.6980080990117824,0.6150358865475004,1.875789939355536,0.3
0.34136128533492544,0.2746281001105117,0.7923086708894796,0.612863234637267,1.9228695506871303,0.3
0.33038096214939355,0.28291183830354694,0.848298909628579,0.617023268934635,1.9117677747315864,0.3
0.3269597745077244,0.28711942900600845,0.8485665959655557,0.6150315239362776,1.9256467695791426,0.3
0.32755358009097474,0.2823022429368145,0.8491853648382648,0.6154186546322264,1.922779131569254,0.3
0.329315186874424,0.29404516557406324,0.8078299807089112,0.6093336286673305,1.9536369609420094,0.3
0.3248415774668327,0.2743816054689857,0.8181919320990243,0.6101517142134384,1.9499939586896997,0.3
0.31937783412054527,0.27981028920883855,0.8526656857271384,0.6110608429272789,1.9556710660932162,0.3
0.33158894898629115,0.28740787257800887,0.8331853668074721,0.6161850362929806,1.9119200904831228,0.3
0.34026635258254867,0.2806416800188715,0.7950098974994565,0.6134596894286974,1.9190695227221841,0.3
0.32915711293446254,0.28204246364452495,0.8293265762612407,0.6144590085224557,1.9231820423604569,0.3
0.3207506441198036,0.27685927666746024,0.8280544209780941,0.6097180775275631,1.9567383414112662,0.3
0.34402289602279273,0.2766937230582417,0.7616517455433754,0.6065836094882862,1.9558942524769893,0.3
0.3476003853554813,0.26675212514740004,0.7522649591463505,0.6051899943155943,1.962579626354606,0.3
0.32103198728237486,0.27980263731519445,0.8461226996576143,0.6117330834942768,1.9482378234479252,0.3
0.43591047131979754,0.28000875154691135,0.6186330434194145,0.609668363606115,1.8834960919947257,0.3
0.32151676250710093,0.2811590794202803,0.8473980593599989,0.6120784395994001,1.946330094544768,0.3
0.3225204184341469,0.27926850582209245,0.8510061980998406,0.6127682349875403,1.9427738333405422,0.3
0.34500650441993885,0.27988676946670166,0.7825400891194748,0.612742279727768,1.9192654852730497,0.3
0.3207307363428764,0.2750034999906928,0.8368872004340954,0.6106754012590915,1.9523735408989618,0.3
0.3272144605598774,0.28491814278927863,0.8354961111781208,0.614123054282595,1.9274095209482802,0.3
0.318860655230629,0.2777029308293328,0.8476262029105932,0.6105851991483678,1.9568863922201674,0.3
0.35708633655747024,0.2800734818784853,0.7611378717952378,0.6128111638698326,1.910395864698883,0.3
0.3257615753593083,0.27800036759913693,0.8186282169364382,0.6108648928452053,1.945163222427874,0.3
0.336512765974343,0.27813014374318124,0.7911641065742872,0.6105706474100089,1.9379984532762073,0.3
0.3232413545504243,0.2822231374633249,0.8297115580769043,0.6112706132572262,1.9459713172183564,0.3
0.32659690048299206,0.2855527471264238,0.8483493630930641,0.6149461360657145,1.9265422330217536,0.3
0.32107364456915255,0.27731228894176724,0.8503016177487077,0.611901968512817,1.9485925588632973,0.3
0.3325152883342709,0.2713761929183214,0.8142006972505093,0.6129024268919182,1.9291544878967988,0.3
0.323443814153652,0.2804887807054373,0.841629899985955,0.6126770362767215,1.9396391439276524,0.3
0.3197809341608992,0.2920601539645728,0.8379903063394243,0.6089633926378736,1.9655817504057513,0.3
0.3279763363578128,0.2762287668161991,0.7996981883158404,0.6081299809321035,1.9582184506306886,0.3
0.322814430330754,0.2770516814314098,0.8131480392521461,0.6082391185643342,1.9618259444918773,0.3
0.32535608581298986,0.27697961633866225,0.8115138205906374,0.6091558772051727,1.9542413624593555,0.3
0.32493448589845725,0.2717818796990112,0.8149713320481973,0.6094035965176389,1.953792955014084,0.3
0.33284804213754915,0.2722014818015869,0.8063298096723489,0.6116348946215648,1.9348092988319174,0.3
0.3272033950854205,0.2652272795489929,0.8298854712814945,0.6119238904628636,1.9409052289114996,0.3
0.3266838149868338,0.2739604172343469,0.8143442121110754,0.6103361193011299,1.9470659295179924,0.3
0.32071238999596385,0.2823063048915597,0.849688131390882,0.6117232774699848,1.9500792416379589,0.3
0.3236232836180398,0.27553950881408945,0.8101245401688535,0.6080278462040214,1.9621721102970746,0.3
0.3229068696965718,0.2779697766799747,0.8334199175452346,0.6115804155708152,1.9449766478855481,0.3
0.3277827840816385,0.27444312185692094,0.8074572195065695,0.6096173953851389,1.9501923629659954,0.3
0.3177595471842335,0.2777545103995907,0.8392525038140943,0.6094484908279348,1.9625616519267894,0.3
0.31878710862283915,0.27707883639250164,0.840068949496887,0.6100473453109644,1.9582073054934415,0.3
0.3262587346283751,0.27346542517233324,0.8129807377483981,0.6097508050306268,1.950349840875555,0.3
0.3185973722440517,0.27729834102580453,0.8355839249708428,0.6095164504107822,1.9605886076212298,0.3
0.31788627120977986,0.2785639782712762,0.8472804641685994,0.6100581952381189,1.9607228371379517,0.3
0.32128478997192356,0.27684799965866025,0.8306291864652072,0.6102076333793052,1.9532538624798272,0.3
0.31775864305436075,0.27854266197476263,0.8404574428215669,0.6095437103421903,1.9621340331269175,0.3
0.3190256186284599,0.2759869677993032,0.8370359398504404,0.6098746217570202,1.9588568575227767,0.3
0.32083938338944473,0.2753973562742222,0.8219880447539455,0.6087881666857302,1.9611997757227813,0.3
0.3187161295153293,0.2799433750576723,0.8457396244023522,0.6104590506038194,1.957629871436084,0.3
0.32023811752062553,0.27886491384324974,0.8439055913159834,0.6111837510052254,1.9516270822099442,0.3
0.31919847264776874,0.2795246686726621,0.8484823383677366,0.6108503293845554,1.9555688219517442,0.3
0.32132658177865303,0.27506502721927606,0.8207137655972074,0.6086957838085755,1.960681172799913,0.3
0.32004247057052637,0.2788604585692857,0.8501745397289964,0.6113795971082332,1.9524216357606727,0.3
0.3185673860256112,0.2778552785788367,0.8483634607563632,0.6104941495378085,1.9581477212782532,0.3
0.3182404675947421,0.27563633254685355,0.8399396835866696,0.6097094037375074,1.9605937535094102,0.3
0.3221521154137921,0.2740467858607877,0.8305929168046661,0.6106168056347101,1.9505759193751047,0.3
0.3181212102237393,0.27802233346009864,0.8496285091445993,0.6102936697671284,1.9600512347311618,0.3
0.31806547069248775,0.27748625876138444,0.8474024258736315,0.6101740495650269,1.9601748367583611,0.3
