0.8730081822788149,0.26832351193618786,-0.04428434757602917,0.544850092360482,1.4401032864109482,0.5
0.8898387309365505,0.4483992028771804,-0.16099634271627342,0.5822184309667172,1.1965092080211464,0.5
0.859779150446444,0.2845021563345104,-0.2973587160311223,0.5347600278322795,1.41635124854076,0.5
0.8613642561793219,0.2806743252250672,-0.9814817018733301,0.36470235317109445,1.3029729308505433,0.5
0.8432995484764344,0.4438864543126116,0.9019248646286824,0.7522171380995608,0.7518750595153462,0.5
0.8306819624228359,0.3698586602455833,-0.4644592229425672,0.5097955369459436,1.454626778783787,0.5
0.8204303582142181,0.3309817497859935,-0.8161857461769297,0.4350416650049269,1.5600833175392406,0.5
0.8422355790511966,0.36382823916010965,-0.5387540510611438,0.5024977650198625,1.4393863824481237,0.5
0.8356277330760118,0.37888777705110016,-0.5106034461359453,0.4938298439801059,1.5143190153299388,0.5
0.9035032638254104,0.45421739900631475,-0.3716494140887375,0.5477690153610407,1.2790241874174921,0.5
0.7944449353143479,0.3117778937360878,-0.5468476061876215,0.485806592157972,1.5657816587265745,0.5
0.8814786116712703,0.40130030942082207,-0.5618625484637965,0.506107193543109,1.369774393340525,0.5
0.8612633663961266,0.43057885812142976,-0.3277515873825188,0.533010392158873,1.3957243905018164,0.5
0.7033281398610495,0.28240462677475225,-0.4059767457113774,0.4688657683778437,1.7804906522362727,0.5
0.7895612290087594,0.326322772634742,-0.5704003506984721,0.4793629978167071,1.589312019057616,0.5
0.707272087892294,0.24503961156022896,-0.9800212415203856,0.3825294185727651,1.927540228620911,0.5
0.8350428758698283,0.35417019822118145,-0.8128577742348886,0.43440571165674047,1.5952587112615624,0.5
0.8742534403647799,0.39962277501729826,-0.5727127786454639,0.4987592716234549,1.4110579314232519,0.5
0.6014487225598731,0.29071508513978117,0.4995866118718205,0.5560031294381242,1.5535042899017626,0.5
0.7666222375637919,0.27411497896286,-0.8209440664192714,0.4219615627224276,1.7344523642776069,0.5
1.1092981843322427,0.48377913179421905,-0.6180858789320491,0.44064192121160295,0.7512200540650157,0.5
1.0796176881865944,0.43979269929467424,-0.6207863232959667,0.4545988598713655,0.7852435289913836,0.5
0.9475514263094204,0.29706284186050463,0.23735563389502382,0.6123565661896133,1.183726054386227,0.5
0.764920654281618,0.3183228776313383,-0.7420809149309168,0.4368545601924191,1.7552335012830382,0.5
0.4790048131551562,0.24709398735208446,0.3834671154972149,0.47492745134974657,1.9886477943216787,0.5
0.7190151295700368,0.24154259841294018,-0.9894759772464015,0.3829428881283318,1.8882835458425453,0.5
0.7469420674967847,0.25044723443452355,-0.7751766123383648,0.4305389710232543,1.7980734762650359,0.5
0.7489709273266988,0.30356544523364126,-0.4711414819988776,0.4802918935752402,1.6699083632030074,0.5
0.8108474927055525,0.2834734588700595,-0.5703668715348427,0.48315719271474955,1.5600259132200132,0.5
1.0606245405598995,0.23636677349716137,0.8254261294622482,0.7202791999712767,0.8640548117874214,0.5
0.5462487454233658,0.3346616798432756,0.5854186825643499,0.5632728922011664,1.5290941694235745,0.5
0.8926525842838336,0.4503347509228548,-0.3414981513763642,0.520675282659615,1.484544564540886,0.5
0.804006536766704,0.32283760905054776,-0.5814193075944645,0.4841515717709749,1.5507745756733091,0.5
0.752625581227111,0.292440470630206,-0.07824179866859271,0.519371740646905,1.5794196146386683,0.5
0.7646906527046184,0.28665089440852765,-0.6801160302239153,0.4522751342892169,1.6903532948258846,0.5
0.602890188240556,0.2096778593254774,0.5927451838827167,0.535647790900208,1.6830955134773653,0.5
0.7635113898313283,0.3156284433078166,-0.6218351905356412,0.46111080879379407,1.688528190054967,0.5
0.856571980507891,0.3011023912444999,-0.6493785767167533,0.48240792159932044,1.4468603737812504,0.5
0.668118220643033,0.22893549727523405,0.27413667346670567,0.5188616092082604,1.700916604682716,0.5
1.01619415511835,0.38626411376564324,0.625290707457828,0.7304136628411084,0.7779092423439334,0.5
0.7008275514411374,0.3545521600327399,-0.04157664074928212,0.5099694796321027,1.6601726674009676,0.5
0.6440167246853586,0.390113994561869,0.5259090760656118,0.5920100997592761,1.3610589977052043,0.5
0.3154428530194788,0.27581583035145474,0.8001469921643002,0.495239341621052,1.9616316006169812,0.5
0.6825348367674722,0.2857446925761614,-0.07757767750646016,0.5003867665694322,1.714762691594614,0.5
0.8068210173479009,0.31613100863832766,-0.27035781965568406,0.5298886390461123,1.4580768188468016,0.5
0.9065925251077463,0.35676117429253384,-0.6042960177491257,0.5056045311681551,1.2836620316720906,0.5
0.8800805719219424,0.4301896931214053,0.02532565702907437,0.6122014061250729,1.127684525823286,0.5
1.1838136684876612,0.21427601826560683,-0.6491006567547515,0.49114249912696395,1.1257233045232082,0.5
0.6930795894173192,0.2342871570034801,-0.366539065991521,0.45925177355571234,1.8633838589512428,0.5
0.4305193101834245,0.3732651478718802,0.815120310008745,0.5664764270323339,1.566330740639594,0.5
0.7264575559023887,0.2861972267964437,-0.6293046494418459,0.44837079496868687,1.7938657517746732,0.5
0.7165099084302481,0.3231910174771418,-0.3772940721339296,0.46996524286446467,1.7777089835516815,0.5
0.7748313302517589,0.3519709430522973,-0.049758556413066465,0.5417417057847074,1.4613996458001275,0.5
0.43889188572600013,0.28513671002283375,0.7199798464662347,0.5403346227232327,1.6842370407510419,0.5
0.644945061435472,0.27505950136457324,-0.14960895212121095,0.47465819289594996,1.8446798396506465,0.5
0.5640660103591713,0.2603090039444945,0.26263667835529925,0.4935193346698674,1.8437835107160772,0.5
0.9617307668166384,0.30352658481666206,-0.22261588490869366,0.576152091724171,1.2129127548479461,0.5
0.6997505178059389,0.2531167148143121,-0.2340639925605995,0.48201273690101865,1.7706612098719523,0.5
0.7866090474810914,0.31080616623207935,-0.25672980770472364,0.5237116996621888,1.5027089615091052,0.5
0.6513343958860482,0.2852690982695383,-0.19443085414151168,0.4721852749651314,1.8471458360949053,0.5
0.5788863837932395,0.22929396776609334,0.09078137560415916,0.46514679739296166,1.9824989332832528,0.5
0.829154455998622,0.36367161365096934,-0.49363650002575243,0.5066486559171088,1.4673221645829866,0.5
0.7776699658985651,0.2488167092157913,-0.28622310646853066,0.5001293741979448,1.6411287746592476,0.5
0.7940366012016425,0.3931961285629606,0.25566785348750576,0.6088639490359122,1.2143262458645891,0.5
0.9110401827032365,0.2657952182558885,0.8791741076083974,0.7056694986768917,0.9395863074391052,0.5
0.5973122198358519,0.25482156185139293,-0.03010950887591829,0.4655817262839081,1.9448416040007712,0.5
0.7075503025493179,0.3427463767043649,-0.08660400008573885,0.5109569636010839,1.6387503795002023,0.5
0.7363413269854842,0.2514125649663156,0.7884283676160654,0.6369443032177183,1.2187724061052903,0.5
0.6670720655237965,0.2721164090775737,0.10609317838592791,0.5141474066007795,1.6784541770153407,0.5
0.6677518528829658,0.24836070278599437,-0.4968091671416537,0.4404860793999856,1.940041229551159,0.5
0.8493225988276998,0.276253378039385,-0.6465463554927655,0.4802298427733418,1.5151937094969494,0.5
0.6270833543170679,0.27261806492108315,-0.05858030735926866,0.4779460240876996,1.855922031214221,0.5
0.7528901723707451,0.2907887826821474,-0.6052475479543031,0.46123615210208413,1.7022651546665453,0.5
0.766235517260091,0.3045971749205842,-0.09488683127112361,0.5332384954253477,1.5042759166943904,0.5
0.8743699988384936,0.3579658929831368,-0.7491079940524884,0.45931552834943734,1.3807549469179279,0.5
0.6158683969420455,0.33140892494816915,0.2525514152327239,0.5116540313700355,1.7252973867359895,0.5
0.5626991488078679,0.4338121666923046,0.670626499270693,0.5390350220034537,1.6801401910785816,0.5
0.5117090464776437,0.29557461561319126,0.47161928070610815,0.5113857487085242,1.7853586305018039,0.5
0.5230350554347801,0.3533073015182339,0.5754686155540768,0.5451883244014148,1.6210183044598798,0.5
0.7480790214686805,0.2668011200918417,-0.35259481429087314,0.4842255460108891,1.6897793255519074,0.5
0.6279368506345757,0.2749328234400639,-0.1813787955517723,0.4621282697451104,1.9204367298698632,0.5
1.0040680755312759,0.4650492950215289,-0.7638643515013147,0.3543362281266079,0.7361987867691822,0.5
0.7367904918997993,0.3070166280446056,-0.2878550250283244,0.4991381780421836,1.6345670637110763,0.5
0.7101178212816046,0.26631850814944025,0.21476715575768413,0.5368617439285264,1.5742793963774049,0.5
0.6117346084612644,0.29101736533574885,0.16564647784257816,0.5049205657761388,1.7528636518542207,0.5
0.4660683566929592,0.25731565837394377,0.5959198122168915,0.5140970112052524,1.803090877027339,0.5
0.6588964294572337,0.3017744444975766,0.16959371387611166,0.523948292004346,1.63544530730893,0.5
0.7088704380795603,0.2661234954534252,-0.273374786371383,0.48205005779777227,1.74465904910992,0.5
0.6052471081971552,0.2857160598823316,0.45373601290825083,0.5336963598400759,1.647873470921489,0.5
0.710459643715631,0.30910552958734755,-0.16718606987129392,0.5034610318796935,1.6555751200760886,0.5
0.720116440847496,0.25243890331081986,-0.9850049981721724,0.3833841532044504,1.8779129897171483,0.5
0.7089807256224756,0.35803368246997325,0.1623304495040278,0.5537857896692691,1.472782524043544,0.5
0.3823997453885557,0.3260867137418018,0.84659785431545,0.5438880055246199,1.6937988578823955,0.5
0.600721328628933,0.3449775165169434,0.416517015366294,0.548254775753592,1.567147815930337,0.5
0.567818721827092,0.26158439698205527,0.4362017515796369,0.5236526588806266,1.713303592467941,0.5
0.591392967834377,0.30723128745667555,0.2599708778151276,0.5120425747199716,1.734658730661037,0.5
0.8569928835943437,0.37545005452536007,-0.2641344962983233,0.555365990282674,1.305117214069572,0.5
0.8384353387247356,0.20313152594063116,-0.12162125775085314,0.5106752603091995,1.631057656185667,0.5
0.6386433539637569,0.2884501058729535,0.0644169609109226,0.5014914006587284,1.7430793081270386,0.5
0.4024006872340983,0.28138377367574463,0.8219486628778456,0.5442497801549128,1.6860834483488794,0.5
0.6336292247025697,0.2860286821852632,0.07832113409029795,0.5011382459047438,1.7519175440631642,0.5
0.8545120190701336,0.2193867648316572,-0.08282751812295325,0.5095701738002121,1.626812479754169,0.5
0.6237311151418548,0.2705492228056001,-0.11264046646052393,0.4681829299702701,1.8940267883537407,0.5
0.5559489112825182,0.3951850515363523,0.7934063019652622,0.6337219454018301,1.2278874678662586,0.5
0.7240434154718363,0.2609205992982026,-0.8846110350214846,0.40451579006426774,1.858735187805205,0.5
0.8018690719209633,0.37814781585329915,0.011300027920290806,0.5739659404629419,1.3215959533746902,0.5
0.6795298024731355,0.29057250789811123,-0.2252402343112203,0.4801598227023789,1.7775971355660058,0.5
0.9241405362956664,0.39374843016870725,-0.5808938077210708,0.5136525873206258,1.2293999693258224,0.5
0.8351557429265389,0.2903992702472204,-0.19482760558584983,0.5413033801908735,1.4247126146245468,0.5
0.5301825420275456,0.33416380158936887,0.5370232018123702,0.542502482608549,1.631031066547697,0.5
0.5466400265358972,0.2668392848257226,0.25286270524545834,0.4859195812452606,1.887417521904716,0.5
0.8361928599650384,0.31498375071973655,-0.24090894120274936,0.5368619364628913,1.4147924658329427,0.5
0.5705929575893015,0.3044698797652377,0.2132450232313926,0.49069897861582673,1.8482216982226214,0.5
0.6890755076919053,0.32384807499164664,0.19818744163349497,0.5480082250128905,1.5168628559233617,0.5
0.4900375791270801,0.3970129285676348,0.7052730027835061,0.557800893911668,1.5853162052723453,0.5
0.7598499622372401,0.3077925521110711,-0.8253362915424931,0.4168872692068183,1.8023549148683244,0.5
0.4376176393096282,0.26428538445507155,0.6042830567333621,0.5032041511666626,1.8755385365517294,0.5
0.7606724506401817,0.35061970168273,-0.11202612136325155,0.5358201093649244,1.4864903079280458,0.5
0.7791302846127387,0.3342603322577275,-0.7033469986872719,0.4448460780508434,1.7431336501425394,0.5
0.6638922980084616,0.2786597198374651,0.043761094194527526,0.5073068826683068,1.7023391968680557,0.5
0.6047670907528999,0.25725935254201016,-0.0924038435185609,0.4619000293384353,1.9452080917680168,0.5
0.5782080047290646,0.33923001485358584,0.42794784088667415,0.5349946482126432,1.639801910599963,0.5
0.4017089884330194,0.293953815879923,0.7768331336889981,0.535452169055569,1.7210679477378923,0.5
0.837554642876189,0.33396011422289634,-0.7073531071343178,0.46506757794690334,1.4835578574829502,0.5
0.5145432586364078,0.26242686088926837,0.7213398747130092,0.5601578598959625,1.5816740037611314,0.5
0.5711749737565375,0.2720528880658184,0.06239137509204016,0.4682365103747626,1.949510188711095,0.5
0.8053794999745473,0.32756173480385153,-0.39167477913206017,0.5108322136832204,1.4966969502589977,0.5
0.8857311962081365,0.39841936168696696,-0.6804422919819265,0.4752589238116065,1.4299269757423572,0.5
0.6935333036892315,0.3403039877931162,0.20846765666917816,0.5533908265278977,1.4879014772761532,0.5
0.8559430533655431,0.3861524238402217,-0.5203782504330692,0.5081762698945341,1.4149883507353493,0.5
0.5432069750636561,0.3137673062691013,0.467774110634307,0.531349421359283,1.6752361235127307,0.5
0.6473708204736208,0.33420179166915565,0.18600474872690648,0.5263799159543189,1.631014774796901,0.5
0.705705667877538,0.2665803788761981,-0.06268610257257042,0.5067665798192481,1.673914837410607,0.5
0.6246739398100617,0.2881270547856195,0.0666165168699199,0.49566410342001993,1.7804576388377342,0.5
0.5178338515413149,0.29721093906587637,0.6979765433539646,0.5705344823097109,1.519401220315054,0.5
0.8016868885279088,0.3261056987269041,-0.5690240840998204,0.48445080522178396,1.5513584010809576,0.5
0.5031869425610898,0.39080231031900414,0.7382682332333085,0.5893007232768184,1.43158155663631,0.5
0.6050768348303306,0.34215300236797125,0.3616018056340485,0.5390429453903622,1.6070572185103715,0.5
0.8106422250979882,0.22124357388929408,0.13225514934934268,0.53373690786907,1.5671080064477878,0.5
0.9032450964311461,0.40950370884405013,-0.6989181169770162,0.4700105695659937,1.4150534899689553,0.5
0.5049055980217296,0.21975235614765246,0.4924055927954912,0.49232318892318905,1.9108486792001282,0.5
0.5412503860150941,0.2720834478741763,0.4154701988282995,0.5041536034457864,1.8304113958979844,0.5
0.3672802734572396,0.2505411408430681,0.8061571754318867,0.5151001794800228,1.847957001831701,0.5
0.769674561500045,0.3630075133200133,-0.027620029983787375,0.5510543349943783,1.4258432114107658,0.5
0.6299129977568653,0.3152327090808556,0.18972086989305725,0.5189114815871428,1.67755465279111,0.5
0.6863721734959259,0.2478549071313429,-0.8450381470525385,0.40104714443611933,1.9816527718082038,0.5
0.8257309409341194,0.3131006608665113,-0.8935262406230183,0.41168362552802695,1.4970340005216631,0.5
0.8637741189748159,0.3675643227030277,-0.7001792904452495,0.4714601093186173,1.430002567848371,0.5
0.339404993372445,0.2859079455102714,0.8315318636010378,0.5147128076445912,1.8547893946620975,0.5
0.7552977881533497,0.3534461591099919,-0.2230980568714353,0.5101313136252205,1.5855998849660529,0.5
0.47421094198808755,0.301323682768671,0.5901608708738937,0.5153878323862563,1.8046554622277329,0.5
0.5019050125028779,0.2865647197836674,0.3893794617563597,0.4917948817862471,1.8879378928666928,0.5
0.5081229079310887,0.2842824034928968,0.3474781675666229,0.48606389163501273,1.912432268343777,0.5
0.8220683563223687,0.39110765636991435,-0.43171080626000347,0.500812318058789,1.5515310681548513,0.5
0.6723580020544642,0.3324444720572444,0.08474011419486682,0.5207477180076084,1.6323045808406054,0.5
0.7017949179881307,0.2684292130518271,-0.3778675379777602,0.464743688404347,1.8073216618353016,0.5
0.7654959157324592,0.34304065288733876,-0.3911813116274801,0.4955843881090871,1.6105141049289586,0.5
0.7108110210923279,0.2482178862675001,0.07496334824237591,0.5166939346039153,1.6553520748023098,0.5
0.7721248331258376,0.213768811579884,-0.08080971110219695,0.5017592520901794,1.6957177340367486,0.5
0.933168466325068,0.21306025297192338,-0.05066247148753347,0.5496168377813627,1.4373601493195047,0.5
0.5754465368434117,0.3220837864876611,0.6329549924856956,0.5838537576415879,1.4339149788935166,0.5
0.7964671251115537,0.29732518080228654,-0.6947917961898006,0.45908338709840957,1.6000872588792279,0.5
0.6489392910726117,0.3192206185042538,0.04960833900987878,0.50415221964341,1.7269230802415199,0.5
1.400406924663116,0.1697820261951239,0.837073125301947,0.7826389833835942,0.6274801208200125,0.5
1.0003925435531995e6,0.3426100152624794,0.8462995382666871,0.6446688534570103,1.3022627425360769,0.5
0.8130930409007199,0.4211688503955786,0.7995531786693257,0.7242222703193972,0.8386957699723951,0.5
0.7478062445772271,0.31313460219993694,-0.5281553841694387,0.47040185734738804,1.701970920096723,0.5
0.9861903332578015,0.4426895802113525,-0.7466197740098006,0.41488600429640743,0.9411436263220473,0.5
0.5849641629786969,0.3036354790685051,0.20404204754346372,0.49782362731945357,1.8065071363684784,0.5
0.87744235594551,0.2669915121844198,-0.0760942505431853,0.5581577433762112,1.3775704222332419,0.5
0.5976158465711695,0.2643614903115032,0.009292590775252609,0.4726878397849809,1.905214683915749,0.5
0.6309836512199729,0.3067580632000615,0.11740583095193394,0.5070517267437294,1.7248968076196494,0.5
0.5818390141805304,0.29488464742882486,0.6378799359019038,0.5752988402540001,1.487170075118184,0.5
0.70976316037277,0.26244398402314434,-0.7843011374269543,0.4182867440374007,1.8871052821562166,0.5
0.812857147935991,0.42966782769402523,-0.12603224497304252,0.5357793317141721,1.4798236353449488,0.5
0.556760665225389,0.3533190672743646,0.47108385381085527,0.5356507261707272,1.6520730735335816,0.5
0.7912486644180083,0.3113107287615669,-0.7481800069813261,0.44727789368727366,1.6275136340277487,0.5
0.8496831939420564,0.34400905941546595,-0.900514959941604,0.40653704611927854,1.4425595510917695,0.5
0.6695055502197627,0.22832445977262378,0.005690300389163905,0.48748591649940853,1.8120525068312838,0.5
0.8278170054843711,0.2926093243951613,-0.7158500540245665,0.4618957112259792,1.5251463630802402,0.5
0.7280624307904846,0.303677585249963,-0.05751342673078305,0.5250224605049402,1.5695372669976002,0.5
0.6805459797745639,0.3171673914101483,0.623246245100429,0.6150967704734612,1.2773844872215134,0.5
0.4301283449125164,0.3437739940893687,0.7793187461100427,0.5607624600158679,1.588306227210142,0.5
0.4933409980748698,0.3032858766556411,0.6241871016476573,0.5446524279605,1.6395262541457871,0.5
0.6476606575227538,0.2673926772377405,0.25641463188413605,0.5254175901109142,1.6540508562824694,0.5
0.40176626593826376,0.27133447636791447,0.7973914298077779,0.5370431226919772,1.7210330976403954,0.5
1.461577576327574,0.45941008860632243,0.6032084250867167,0.8325286829472143,0.3921790317339975,0.5
0.5062502791205835,0.3352063128842422,0.6954605470126429,0.5748345552186664,1.4963343422930437,0.5
0.6030259460618435,0.3117540528848195,0.5024578311980107,0.5641573236271026,1.5060965186480864,0.5
0.7979964315741004,0.3209633586717615,-0.13139409199935392,0.5451959469262773,1.4294905341819921,0.5
0.39105560990713095,0.34533211288826304,0.8458579280873664,0.5473108353311698,1.6748277344540754,0.5
0.6548397533026864,0.29981192141688073,0.06015304417460514,0.5095044532712923,1.6951192175194847,0.5
0.4772974036669469,0.2803388972667468,0.4877312797799969,0.5006480498501342,1.8604612509288114,0.5
0.6611205146581488,0.29630595888670574,0.19223122882218374,0.530668074797965,1.6114052218378747,0.5
0.660273742888267,0.3044216839507947,0.2059948057824179,0.5324601580755716,1.5998755812335754,0.5
0.4931592758456027,0.33778761109867117,0.5153140982864781,0.5048677930187073,1.8411584492987738,0.5
0.9270247634729408,0.23447482528263072,-0.15377006226277923,0.5487344547049153,1.4034829375180695,0.5
0.5263414535909448,0.26845151377859666,0.33894012435939475,0.4922463050497854,1.8721701728322064,0.5
0.9674687361516292,0.4292332830591136,-0.8525117990843086,0.293046683872884,0.6621045944366107,0.5
0.7465833824561291,0.3019194591414819,-0.6389846488769426,0.4533903232730565,1.7396778298478135,0.5
0.5963949109984483,0.32723626905195535,0.47311563749364915,0.5584104325635303,1.5283177215795134,0.5
0.5245612754545177,0.2887294213355681,0.5067111731639667,0.5276594174847238,1.7046059840280057,0.5
0.66130211234614,0.32036023613817927,0.057149843344421414,0.5126123803699449,1.6761724224631445,0.5
0.6550935885502913,0.31220728898645533,0.271369508848866,0.5435059051498067,1.559709157338739,0.5
0.8066827572903411,0.24939626640580614,-0.79577762156898,0.43704600050801967,1.6453393559589158,0.5
0.7330010010494763,0.24708642579292156,0.15092564562066751,0.5326642127389287,1.5891458710754245,0.5
0.8081771190559901,0.3031337802535369,-0.9718926721452072,0.3841255295732886,1.5401376984939972,0.5
0.4776198012081269,0.2698872355206766,0.3982457247673485,0.4808566686769142,1.9577030146070191,0.5
0.5433262390620905,0.31630926841719825,0.3171898531139574,0.49223492630579707,1.8650889926872742,0.5
0.6498132318907517,0.28818714135618967,0.20259015613372322,0.5255820661156853,1.6407428810934381,0.5
0.932744429430871,0.4986375294670893,-0.14028945877723437,0.6047112384193661,1.0860876553397887,0.5
0.5182107091757572,0.27540038036721187,0.34136036762036603,0.48986853605700037,1.8881093855161741,0.5
0.5637141753735936,0.31164998043939085,0.352933941058408,0.5160341579959482,1.734082459274101,0.5
0.7148356467552118,0.30671464132213344,0.15935825205333667,0.548813043686019,1.5012661157920977,0.5
1.0233299683005774,0.24287107966083313,-0.6789096223154565,0.4852271961416346,1.2708909059348632,0.5
0.6335873148837932,0.30049833870691084,0.21021332841750107,0.5228328928081916,1.660104150025443,0.5
0.786000217352772,0.3296022448385806,-0.7208207304934358,0.44535296491652016,1.6870965905440423,0.5
0.6184881285735012,0.31259969574008595,0.11680027028494963,0.4997578391494747,1.769810734669008,0.5
0.8773781211455249,0.20396351715118965,0.6916149934374636,0.6218572194817245,1.2605180222795762,0.5
0.7338414027177943,0.3109855929946015,0.018331730317524303,0.5376705827604579,1.518807454527168,0.5
0.46753321943470927,0.38039564993999425,0.6959375321836395,0.5352240101405007,1.7068255305657134,0.5
0.5762278095627286,0.3217520818435965,0.4362380553113439,0.5408180782124766,1.6149474937324526,0.5
0.5336859231966659,0.24503865302928304,0.4093727091202368,0.4999452620992498,1.8410300374313446,0.5
0.5410651249672924,0.27538217632509404,0.3358350834867899,0.4992464798332268,1.8284245986500607,0.5
0.5406519076461678,0.2628303203072588,0.7291055337473993,0.5714619115337146,1.5221735226250968,0.5
0.5881406811432733,0.29655817170224597,0.3779978925948212,0.5311887214527111,1.6560173561524718,0.5
0.38631300240431654,0.3038536093214579,0.6640272099846419,0.49725415525864397,1.920167115174728,0.5
0.48964579592137436,0.2739321776836838,0.5745769038280092,0.5235890336848469,1.7427967490481053,0.5
0.47232030971818884,0.30038558420809736,0.7500857417618672,0.56602935015148,1.5544523390731364,0.5
0.401032648261119,0.24911591634252442,0.7895294777443607,0.5263045661054054,1.7786875875572832,0.5
0.3559836042907678,0.3222771133747459,0.8334835536510989,0.520977171070333,1.8211157711979868,0.5
0.5818249767897753,0.3606953603682079,0.4816580877146055,0.5543609062954932,1.5531033050847534,0.5
0.38178635861456717,0.302294530976026,0.7005378233329723,0.5079686042495462,1.8643383553394406,0.5
0.6323015230132332,0.2949909171335676,0.3817368244358515,0.5486422218594617,1.5596631814724584,0.5
0.39241325315197745,0.22434769963871337,0.756531403497062,0.5047575133327502,1.8960037713727902,0.5
0.7055905503003991,0.2651562973832482,0.13730325729891818,0.5296948242529581,1.6007399711358603,0.5
0.5968029185525641,0.22438038948145692,0.5417799758793745,0.5336795374442517,1.6807686026812876,0.5
0.41629636340347453,0.25383731086638545,0.6036759696256637,0.49370373717071125,1.924005863023155,0.5
0.8809409366584724,0.35215579673192593,-0.7063079102585545,0.47228461104924707,1.3527438570925023,0.5
0.38092886826910716,0.31257654321301886,0.7454460752414509,0.5192566962775165,1.8115577590307101,0.5
0.38635333020150336,0.21754142008941807,0.7557841661566648,0.49855669484571025,1.9322220585645864,0.5
0.4882052180335401,0.27301748330458864,0.3723449355991547,0.4808075272990215,1.9498598819245219,0.5
0.37643520079321596,0.26147813977031287,0.6877399644878415,0.4971845111411148,1.928193396833562,0.5
0.49267266640965635,0.23879291578556902,0.5013160372480636,0.49857795319005793,1.8719151451470324,0.5
0.33314881089212844,0.28320431693250087,0.8017353159374637,0.5068690764548145,1.8934216918636613,0.5
0.410090719493151,0.28071909922598803,0.6268725889442447,0.5011764234370092,1.8847890231954354,0.5
0.36801774254364694,0.3015791436810132,0.752946266603917,0.5161805477496283,1.8286081186006142,0.5
0.4887585233199087,0.2502252907568855,0.5507210232667361,0.5109619525169703,1.8142079808719278,0.5
0.6117871725743482,0.23454532098372194,0.2103235571794136,0.49492446483580926,1.8230758033864105,0.5
0.448995132048014,0.2976299151794647,0.5674340482110459,0.5070825297463487,1.8382192005847666,0.5
0.4059374907518989,0.3107383194744694,0.8115189430534099,0.5521888850496286,1.641588442386777,0.5
0.42152884796653156,0.25442307534259473,0.5569847921208543,0.4865835817191102,1.9590432384919114,0.5
0.6739357037521128,0.3388957540348824,0.12148307902883704,0.5290691485479464,1.5992882598578697,0.5
0.5206643659769105,0.29015526573147077,0.5562509387366693,0.5373924615853732,1.6632201940959892,0.5
0.48408070827003225,0.2837658448464958,0.6412889361435035,0.5399069105344617,1.6687706623949188,0.5
0.3604118615531499,0.2854767846340367,0.8335475625880969,0.5265349662094373,1.7874330440987847,0.5
0.5478651011048841,0.22225008115690084,0.25938944138043984,0.47310765818954825,1.9675369501907893,0.5
0.3284199843943541,0.2940289582975926,0.7855265960096776,0.4957514887040927,1.9595866681828158,0.5
0.7480540484403526,0.26245106289729403,-0.9896335052088052,0.38496411896884886,1.7674659615140482,0.5
0.5465242486897314,0.2610123558726608,0.471127874053406,0.5217251949799181,1.730981415780846,0.5
0.6268410760071819,0.2523216181416087,0.19599961827110365,0.5053735088908606,1.7564905080421296,0.5
1.0003924684400893e6,0.340136746954637,0.8298118768983906,0.6122250554597461,1.4623568438892767,0.5
0.5577787496135103,0.2784720591225351,0.38686693044011256,0.5162810182337548,1.741957881315757,0.5
0.3293053991944663,0.29387713193924825,0.8348698303415593,0.5054166308119349,1.9124175398540628,0.5
0.42757842783462374,0.25930157927804437,0.7307683574775402,0.5292414840698708,1.7479392065534256,0.5
0.35035554244738304,0.2860374794192578,0.8237815098949017,0.5181127933384428,1.8357941179697435,0.5
0.49079810811238017,0.3365924383914056,0.5856298706738725,0.533339220729086,1.6921951414064411,0.5
0.5961295710288368,0.27231483680319546,0.2381942473909997,0.5059993975768107,1.764330635341881,0.5
0.4438393430265174,0.2777794436934606,0.5062073387626629,0.48841010034996274,1.9363757317840928,0.5
0.525770671161707,0.28001157395347015,0.467123258856099,0.5184961474227108,1.7500296524244265,0.5
0.41155409732268217,0.309669623870097,0.7137609391379215,0.5299579032741464,1.7412523736435832,0.5
0.4094537868851416,0.3129858856574578,0.7341024422938474,0.5349393696624933,1.7185516194162698,0.5
0.6194825720663031,0.2702841755473674,0.21571770194998663,0.511325851299663,1.727357404130832,0.5
0.7324323439627529,0.2441492231606026,0.09082499690298579,0.5240520283776203,1.619821912835257,0.5
0.55614441019528,0.28625924516353496,0.37836673704150325,0.515484012618062,1.7466204355432617,0.5
0.5009858005295997,0.28292494777028726,0.5087623899824916,0.5171440398519656,1.7663369099960151,0.5
0.640546798542623,0.3103420641567871,0.15840561490639524,0.5181246120851899,1.6701858093675526,0.5
0.41608630658397183,0.25495657725883475,0.6412980703014708,0.5033734300796504,1.877102816121304,0.5
0.5577550633253983,0.2519134136609001,0.32617988352714183,0.49735015064577215,1.834595572965107,0.5
0.415582551707601,0.23442846277707852,0.7396772211558603,0.515352863119487,1.8287431428201113,0.5
0.5490892216798776,0.2740612877544198,0.38657540548126645,0.5113140065564279,1.7693490728087922,0.5
0.3259397336347578,0.2582684832716673,0.8310919726099596,0.501182109947639,1.9349256211057522,0.5
0.7799687497574078,0.3149887708701309,-0.49253686293813614,0.4892215727104701,1.5874260499226005,0.5
0.5047614618538464,0.26809294211255225,0.6805320010638202,0.5503900611389184,1.6199534006054486,0.5
0.4139752278223585,0.31726370176008106,0.7420569238819397,0.5400427631354692,1.6912008605449056,0.5
0.6111262207768411,0.25851133144833166,0.3290722932529665,0.5208868865986439,1.7017589778424294,0.5
0.6309819044244274,0.2952925877339061,0.26718076879911856,0.5297598518218464,1.6356414147774454,0.5
0.3555975572935859,0.27876105959523334,0.6964425765172438,0.49238103469883204,1.9555446806058363,0.5
0.6965758345903964,0.2685296424704561,0.09337272995317861,0.5227109676189841,1.6303274236741805,0.5
0.5295312132404782,0.2833736409515291,0.32254411942875827,0.49202339074429136,1.8684303650632343,0.5
0.6420936976112205,0.3148884439265987,0.23000861985044393,0.5315255200330197,1.614989161123457,0.5
0.32265774508428224,0.2602809296277625,0.8137029691116554,0.4991754123654613,1.941360338478952,0.5
0.4586259372974272,0.24300450790004266,0.49431624910062666,0.48601750225244666,1.9479226129312475,0.5
0.35508068030231676,0.29244644511909,0.7512854904531466,0.5077796841233689,1.8760378955510666,0.5
0.4477295013043928,0.2522385062109376,0.6170523620300258,0.5096282376946056,1.8339045830314245,0.5
0.3914509538355182,0.2911731151840154,0.7418817642863151,0.5255625155157287,1.7720451556517514,0.5
0.6293454949085823,0.31727507676078337,0.21721517275991567,0.5233724138421955,1.6572407145645984,0.5
0.6568304170338021,0.23051489960456628,0.2242286152077934,0.509651071394681,1.739321682119375,0.5
0.4973342917745781,0.27629456690154963,0.45380971148935123,0.5026489493503623,1.837755147577049,0.5
0.5437923868947149,0.29102115990438515,0.3314275684436363,0.5014482470370215,1.8152346701971944,0.5
0.5053078544190697,0.29689520186051244,0.4440896546276888,0.505751758352773,1.8162575024999799,0.5
0.4794282586423987,0.2660319213764689,0.4889905680034812,0.4996748412713053,1.862402154074539,0.5
0.4453370047979359,0.23588092625301363,0.5539255792522748,0.48971727909556056,1.9384504286415258,0.5
0.4416529136665889,0.25757720305105514,0.7592533717856856,0.5397499361070923,1.696133216603901,0.5
0.5780519121040555,0.26271870017537097,0.30995178500305953,0.5071871918911696,1.775269445209063,0.5
0.6547171112649325,0.2474640969953206,-0.5101479830564704,0.4333086905754922,1.9811948584361854,0.5
0.3979402117275966,0.26985922149433245,0.8200353029565859,0.5381818480880945,1.7195994982886502,0.5
0.6390111689785531,0.2777480882144351,0.2695186397625833,0.5285643297567535,1.642546028781619,0.5
0.46736944167351097,0.25591212597771296,0.5689082277731259,0.5085463704711048,1.8292662304833482,0.5
0.5838107651744596,0.2895633618765984,0.37773008887613124,0.5278837464293206,1.6740902531685125,0.5
0.538751970118671,0.2500262811653694,0.43751394504651075,0.5089819976580425,1.7967681261205035,0.5
0.4570767761825406,0.28607871119225503,0.5038689756996548,0.49481990255864483,1.8963630454257885,0.5
0.5498656624461705,0.23537518810619834,0.370554772573459,0.4960830976061348,1.8559070277914635,0.5
0.5066277967221705,0.28721829241061314,0.544202257627546,0.5282114491033577,1.7116102202899213,0.5
0.3376951787404727,0.28850629470665606,0.7811271804231382,0.5049910719334876,1.8991401341332277,0.5
0.5032695469227713,0.22605042532024786,0.6181725784965832,0.5175802335755311,1.7876146546944345,0.5
0.3191038596100904,0.2768667583358356,0.8164586806327512,0.49994476775689384,1.9389740520034202,0.5
0.4361113141746441,0.2388749968356742,0.6366240936224049,0.5042168829989564,1.8719949828596523,0.5
0.33613492867935857,0.2617829631113655,0.8355002175860796,0.5076840214407179,1.8952316049006357,0.5
0.5151820372603026,0.2575577790274475,0.38579697224857723,0.49326073217232375,1.876715201386649,0.5
0.35419286062847477,0.3031105417038502,0.7806597001324997,0.5149964708302376,1.8417406142656063,0.5
0.4572104631469845,0.3193973099157238,0.5701384322713234,0.5086332192102165,1.83178605355164,0.5
0.5183088313552804,0.23725857500164638,0.43462887713137643,0.49594490463640223,1.8734489725533785,0.5
0.479601270898644,0.2839995229369647,0.46155629159017686,0.4964855483720991,1.8763788997432507,0.5
0.38633179826729847,0.29953936569565515,0.7333820457057916,0.5213106332791944,1.7943599214929489,0.5
0.4374456633433397,0.2180393964237699,0.7020200165400176,0.5066707178000804,1.873858315718286,0.5
0.3630270238940123,0.29288621707268947,0.7524804340989075,0.513123501648713,1.8466792701820143,0.5
0.4105197214976159,0.30208161463336,0.7584195454387714,0.5409701665638453,1.691079073211541,0.5
0.436666438787947,0.2757797610963251,0.613995966179037,0.5104686128179406,1.8324297192248125,0.5
0.338827672980234,0.2987191634830295,0.8299974292228124,0.5117101613187278,1.87432531745286,0.5
0.4937718345740887,0.27558087552640653,0.4487525736142363,0.49986687566703114,1.8540863313928384,0.5
0.4770162982098547,0.30630380437241167,0.5305528273389296,0.5121435539489112,1.80122842343724,0.5
0.3682569873361083,0.2864992192369855,0.717779026203126,0.5059906961464113,1.8790893644764541,0.5
0.3396839904798454,0.30113210260859075,0.8252793496679435,0.5141326687900915,1.8574863702423636,0.5
0.4689706214339468,0.29945280384356254,0.543581572248798,0.511583372956272,1.8076213633020588,0.5
0.3306650599193197,0.293709522049425,0.775225253566347,0.4977583401398576,1.9434189167149643,0.5
0.3166977090911584,0.26124393941199586,0.8343165874659133,0.4974738968600933,1.9555997926998898,0.5
0.3509034087070795,0.2971738174696638,0.804859457523276,0.51873839640279,1.8252598105901638,0.5
0.34875985803583986,0.31677666602374094,0.810749661002577,0.5150788629701575,1.8478990493593714,0.5
0.4062781771791702,0.24802367470672743,0.6268847517828677,0.493268100771986,1.932489370455632,0.5
0.3544154710167241,0.268567855156617,0.7072198776280191,0.4942813277840549,1.9475465808265229,0.5
0.4279932482303014,0.2487254631823972,0.7352673005617296,0.5260476329360453,1.7694256400089627,0.5
0.3961680943811879,0.35859002414294666,0.8024689566747133,0.5274727419002394,1.7727491244489781,0.5
0.48853418004546983,0.27916818536362253,0.4371770752687405,0.49506083325979094,1.8782035904876186,0.5
0.4486607587736096,0.286486695170057,0.5465897681777334,0.5010167064598604,1.868239052736049,0.5
0.4428859228505682,0.28748696206999863,0.5279799271101093,0.4930355151678279,1.91239592173797,0.5
0.3506685972472223,0.25334957193665614,0.7845163286237334,0.5060714182834466,1.8945748878185313,0.5
0.31734002225293395,0.28615196738727966,0.8078111447235569,0.4976343967073786,1.9505072705420707,0.5
0.3904064455160748,0.2545436275051728,0.7616008280100266,0.5192562041591641,1.81297309287007,0.5
0.43089527634976177,0.230384785870504,0.6419986164636308,0.49949794082955395,1.8999993865435938,0.5
0.4893801425929165,0.29340820365545756,0.5539690635216044,0.5238742765236258,1.7400418664459747,0.5
0.3945623732430399,0.27184877039126404,0.6272775517092253,0.49372356238820253,1.9313283929657281,0.5
0.33873129153960546,0.2806829932215443,0.7927171965289074,0.5081705726769734,1.8835830497499988,0.5
0.5205589122967121,0.2584821918501618,0.44809249323714856,0.5069586501719104,1.811713240751058,0.5
0.35322011458880487,0.28232701658607584,0.7566786871747153,0.5081545641928288,1.8756633807792598,0.5
0.35007737709771186,0.23743930098332736,0.8039743374460039,0.5022779829808544,1.920997268072633,0.5
0.4908495614720984,0.2561982214797851,0.5293666466518495,0.5100213670896258,1.812340292758428,0.5
0.32627263198500844,0.2782807298529811,0.7794035164343167,0.4979449460030796,1.9418456352878943,0.5
0.3351943566574561,0.25091362026256825,0.8162842220862886,0.5020919995772496,1.9261968712687008,0.5
0.43116660175623567,0.26874533640345305,0.6544884374360553,0.5169500792918631,1.801421794855483,0.5
0.4434945626973752,0.24259725672375704,0.5195534033882542,0.4844357987688581,1.961752014561913,0.5
0.4043614787329129,0.24046253788440206,0.7168504350245459,0.5092723318190883,1.8585276453448796,0.5
0.34849209380596463,0.2959882599228296,0.735457363258358,0.49720544189951976,1.9382332024393703,0.5
0.39861023286813724,0.31272870232928257,0.7047386504019659,0.5186111231452604,1.8026046379478173,0.5
0.44960961182452636,0.3013430085322335,0.5352493469567038,0.4969824896718342,1.8902156184402443,0.5
0.4456206619169263,0.2935467139059104,0.5606103751601639,0.5034973370295182,1.8580824193044296,0.5
0.5333016682348776,0.2522949789960235,0.45304329364060764,0.5104994820010442,1.791492109955938,0.5
0.3884110175419207,0.26302003697313076,0.6739784776287118,0.5009957680778356,1.9006781395562107,0.5
0.34837609730674446,0.25936571830008426,0.741238084483383,0.49799867316501545,1.9322465617537758,0.5
0.4322474107440565,0.2926882954742777,0.6233749512319606,0.5138679917068628,1.8120539048891489,0.5
0.3335556845287344,0.28961511517842237,0.8393298533402967,0.5115944464066804,1.8744224095764686,0.5
0.4079720558621545,0.3243110466146382,0.6702739966129528,0.507636310496484,1.8593395436415077,0.5
0.3490406129745426,0.24485147904471782,0.8253962859278562,0.5073180062406034,1.8955748511326191,0.5
0.3823965015708321,0.26303564262667967,0.6758039132690978,0.49889424616091776,1.9114057920054925,0.5
0.33835640477911616,0.2998369058673419,0.8370313095519293,0.5144147760898299,1.8576417694969456,0.5
0.4546134156942135,0.2859686909517916,0.5929379593069641,0.515463818461672,1.7984561472209173,0.5
0.34920509069303096,0.30582210878979266,0.8042574631172521,0.5168948290868535,1.8355968676079788,0.5
0.36173779567339726,0.26241526243168417,0.7833683998608619,0.5132298313313113,1.8539562418835656,0.5
0.41726805347849744,0.2641241657503457,0.573111324212305,0.4902647855025291,1.9401589690574863,0.5
0.45154820602698864,0.29953942121048815,0.6136986234739039,0.5216196945754684,1.7655642057044778,0.5
0.31844295819761115,0.276705882137701,0.8293729025603456,0.5009536433981958,1.9354731942039585,0.5
0.3977807258901882,0.2576389437998975,0.6271614258573854,0.492925584918198,1.9369661900327841,0.5
0.36037191861029105,0.2850884260941432,0.7846903079328005,0.5189630916293756,1.8194268183136886,0.5
0.4238422696252345,0.2873024957337929,0.6299573998459573,0.5109548007473567,1.8304617068385005,0.5
0.3335481472281044,0.2892294765668572,0.8312283777362608,0.511268531973221,1.874887726928951,0.5
0.40120815775665514,0.26320217892459363,0.6691070822826457,0.5056726056472773,1.8718374357361023,0.5
0.3186811897104846,0.28172370953676473,0.8405582183319172,0.5017131203074772,1.9332782115793612,0.5
0.4020392715721968,0.28632274636785116,0.6945560195147427,0.5173087468413848,1.8077122372735932,0.5
0.46133273911168554,0.29867663881390816,0.5669939205038967,0.5138333212774835,1.7990300501376524,0.5
0.3819498355794862,0.3063401091276115,0.7293326445719575,0.5172277478768494,1.8171617551671848,0.5
0.3868629753778249,0.24989490680810333,0.7364183610444687,0.5107482856637482,1.8554921665303492,0.5
0.4232914865168026,0.2748822925240864,0.6244810202032081,0.5075973738293889,1.8489618211595167,0.5
0.4140084764817237,0.2636082135096029,0.621482128769849,0.5002714966593758,1.8912080759889507,0.5
0.39681833082550044,0.26946847054442297,0.6284187649733007,0.49488154795400907,1.92457266734787,0.5
0.4062693431352816,0.27509353620211846,0.6386993584743423,0.5031255969460167,1.8789111121410114,0.5
0.38873930942373736,0.2707561987606212,0.6986281010185178,0.5090380775146384,1.8562304885270697,0.5
0.36113286323231397,0.32254382642783763,0.7568791159567329,0.5026919388300922,1.9073234038265812,0.5
0.31169225039899073,0.2750093230325882,0.8262415402635632,0.4965123602916013,1.9610800019864663,0.5
0.40306650230865493,0.2579257740157943,0.6077655403328507,0.490751108987499,1.9459222423856624,0.5
0.3867966389696802,0.2955363333427264,0.6531223585481092,0.4961371318490641,1.9240807860059879,0.5
0.3508901216464156,0.28828494215001293,0.7528659260579663,0.5059603122488354,1.8874303464274722,0.5
0.3928277796332299,0.23961296970795762,0.6794636010375559,0.4967508597813322,1.9247458141323739,0.5
0.33366556047832924,0.2843268396486638,0.825405913430757,0.5101651178724552,1.8787557368638332,0.5
0.3139736688311197,0.27667373603028483,0.8127809070079998,0.496476997931903,1.9573529961224556,0.5
0.3191401006704782,0.2807561097046671,0.8390401187757849,0.5017065497647236,1.9319581743243535,0.5
0.37075800159459876,0.23597520939350597,0.7196693098972536,0.4944868085273027,1.9498173103958722,0.5
0.34645998987479637,0.2578690697482012,0.7546292636458208,0.499667346447497,1.924983728948947,0.5
0.3285179806988561,0.2837512790025733,0.8401418543921022,0.5081830094286934,1.894667626297786,0.5
0.3279686088535218,0.27149628513828034,0.8241937535801676,0.5054528826055894,1.9065254936636908,0.5
0.33429627006307494,0.26109204747547143,0.8315344137253284,0.5068223094658905,1.9007587951676328,0.5
0.3811376791568341,0.26629246309488214,0.6977140646484432,0.5044645059015089,1.8850398649830904,0.5
0.42770917647667905,0.2684353254054795,0.618534583139557,0.5061424277641007,1.8540601594101735,0.5
0.3595775707175695,0.2782036950860039,0.7074454134953034,0.4978948058549973,1.9248813151633553,0.5
0.3765149159067003,0.2890452411041503,0.6881161742007184,0.5020121697372419,1.8967523172538374,0.5
0.37381579870239745,0.27185702064004463,0.6597910712367453,0.49185321354157446,1.9504443521383288,0.5
0.31618980724564694,0.27679309038284955,0.8274260204393968,0.4995408502731833,1.9430718487605476,0.5
0.3322613768246501,0.25274064438295774,0.7812829338542856,0.4968207494948579,1.947878153528057,0.5
0.33672437237045205,0.3081146738067331,0.8148731105728579,0.5083198302931466,1.8894747774088712,0.5
0.34563396347061376,0.2889013379053922,0.7794665262501709,0.5098723758062897,1.871223848964666,0.5
0.3157352866768115,0.27878205266030537,0.8352543736027066,0.49966577497278863,1.9437285341985036,0.5
0.37479102797740077,0.2590798730126962,0.7114687082487454,0.5031540962640411,1.8952823911827712,0.5
0.3504546920879522,0.26914504265189815,0.7286835851548643,0.4979161930100549,1.9297304977979002,0.5
0.377554640817661,0.2745217388340097,0.6962924372970873,0.5039398159462568,1.8862335284304812,0.5
0.36414270081731936,0.27963007762800585,0.7189032764669357,0.5038109480262363,1.892884325378247,0.5
0.3425587764074026,0.28714837688267747,0.7885692766584173,0.5100410280600817,1.8719050932991703,0.5
0.390551699527345,0.2797427014226095,0.6698870476694634,0.5041553027352804,1.879522934397719,0.5
0.35187008615767534,0.29356443463526327,0.7609308696327279,0.5087366729773958,1.8732131933099232,0.5
0.31315510103537014,0.2863402024882964,0.8302942626939037,0.49726211786480534,1.957114871846855,0.5
0.37530065584892586,0.27524654133682414,0.6692417369249699,0.49547808605292487,1.930594971041219,0.5
0.31337415827824594,0.2799666777624938,0.8287858515253335,0.49788227686297887,1.9532702298037898,0.5
0.31054061464637533,0.2762707028099834,0.8341193141769345,0.4961245450884378,1.9644793985875209,0.5
0.3161739840299006,0.2816499243126177,0.829671761778546,0.4997718595297409,1.9420692071884824,0.5
0.32785474287443167,0.2610282169777422,0.7666397310179529,0.4937012171224809,1.9629572324096913,0.5
0.3109476590836539,0.27643247941478527,0.8301757631747032,0.49624511360159873,1.9628481364104227,0.5
0.31451000796526457,0.2772274872110663,0.8080374694708352,0.4959799959147515,1.9590032602538432,0.5
0.3257107993133827,0.2992182602319581,0.8340582958416043,0.5046666130238764,1.914394799252304,0.5
0.36181447350113816,0.2710028500588932,0.7130684053194837,0.49960457121453966,1.9179413791945732,0.5
0.3289102026640786,0.2865081345454392,0.7941978447463508,0.502562928385858,1.9166943630311517,0.5
0.3197880101061975,0.28289046759035563,0.8347387005822421,0.5023793221934504,1.9275882108604567,0.5
0.35529265168298674,0.27318827827250786,0.735002844065697,0.5026623866498557,1.903487558715928,0.5
0.33562228698128943,0.2836133862663314,0.7657314262980386,0.5003251327815069,1.9242830735875955,0.5
0.348705531850395,0.2610362269413124,0.7273496527622084,0.49525145608469984,1.9454496670973165,0.5
0.3384988073128494,0.2719585352423364,0.7522458729959944,0.49784506033559806,1.9353025798383003,0.5
0.3214413191947991,0.28047973171078355,0.814092669562042,0.5015953826766395,1.9275858960106902,0.5
0.34833870805231415,0.2766231748287742,0.7362908593275758,0.4996314762409923,1.9213352079060577,0.5
0.3416783347688403,0.2739507445170838,0.7359694100907018,0.4956528802567796,1.9450910968422102,0.5
0.34564425113111935,0.26753762021353883,0.747150181926103,0.4997139531000589,1.9229223431809386,0.5
0.3190084878705619,0.28346564017432146,0.83768106116635,0.5019314473339302,1.9310610955339578,0.5
0.31190806809367144,0.288680796851403,0.8349237128790905,0.4959114251347204,1.96735363375512,0.5
0.3448447595403014,0.27864595890570737,0.7431058620303655,0.49961586099931354,1.9229433931969886,0.5
0.3098797547774589,0.2766853148250548,0.8346505790472527,0.49580402180847166,1.9668535431313243,0.5
0.309271822227631,0.2783342467484184,0.8281088669146045,0.4949763117771118,1.9700043313887197,0.5
0.31929673745802645,0.2763366264026039,0.8358928166918305,0.5018274141666396,1.9310669632133888,0.5
0.34058656573260304,0.2795224743161611,0.7425847466466117,0.49705206749952485,1.9383077975159504,0.5
0.3260670982431843,0.28427821498534767,0.827667444104931,0.5061097460815183,1.9041836973550788,0.5
0.3174905180693283,0.27647666417698347,0.8074152585471476,0.4979428595329751,1.9474570223929375,0.5
0.33478158530644014,0.26467483201530995,0.7632278847019527,0.4974172164258268,1.9404876154701078,0.5
0.32076034714818463,0.28418338154587497,0.8355451552974196,0.5030513519572613,1.9238581018636756,0.5
0.3227722803395226,0.28405133837733476,0.8271099527067433,0.5039324433606147,1.9169766910819908,0.5
0.31147744380237097,0.27397275647638536,0.8258699121682107,0.4963231309304534,1.961685940850335,0.5
0.3168314898719526,0.2780240899602856,0.8324153306606108,0.5002834042345518,1.9395231505888861,0.5
0.3104625432879066,0.2776903454536719,0.8361825359539156,0.4962326062062995,1.9647965417682502,0.5
0.328899894088995,0.2667152379115321,0.765115793002566,0.49490272908114874,1.9554828629861347,0.5
0.3207832633630463,0.27530109081892556,0.7881570493463603,0.49643334982364745,1.9523285982372403,0.5
0.31916811128431943,0.28300708641765937,0.816693543267621,0.5004850656534764,1.9348251042168318,0.5
0.3140402322813296,0.2766934991097522,0.8166542361584617,0.4971685817405982,1.9547062934022947,0.5
0.3179365321470403,0.2812282967996122,0.8351609742816125,0.5011824110229318,1.9351128768791517,0.5
0.33729323825126334,0.27821487926763855,0.7466249340257467,0.4961490378210542,1.944421090392866,0.5
0.3183868386976499,0.27674816935134716,0.7931843759346761,0.4960506732091461,1.9558317217345143,0.5
0.3139794747661232,0.2801318622868432,0.8339239615410485,0.49851479627845613,1.950516888723786,0.5
0.3242028184926449,0.27422106575701927,0.7709351644906753,0.49459345944763067,1.959560399199863,0.5
0.30968821777525013,0.27757134873448036,0.8369760472665068,0.49570742535338713,1.9680111040439119,0.5
0.32046281096329576,0.2694597021468198,0.7842758465029934,0.495005404216181,1.9601291672716943,0.5
0.309725405938203,0.2765359470148564,0.8187201848653965,0.494624485294118,1.9703144596939457,0.5
0.3180572333961177,0.2786670878670578,0.8176846180577356,0.4998641079153506,1.9386282854220567,0.5
0.3255831396851404,0.27963793789914354,0.7658172553401378,0.49419340036814763,1.9609249466754917,0.5
0.3104585650148089,0.2769135981296625,0.8313991947108068,0.4960746172261916,1.9644301225050822,0.5
0.3120875369400434,0.27882136655394596,0.825707521971705,0.49672085202606775,1.9590215119019667,0.5
0.3158596353655579,0.28120314853594225,0.8248181050760044,0.499219742860551,1.9442952361688806,0.5
0.3090152711660182,0.276470806136455,0.8336442793288934,0.4952158081546629,1.970241355247459,0.5
0.31509999474445183,0.28130255698762296,0.8307200844205209,0.49911712611060133,1.9464393610112238,0.5
0.3108261011386132,0.2770953581556867,0.837033860212626,0.4964812163968403,1.9635350549776038,0.5
0.3094765334680288,0.27732316897512177,0.8282976553579448,0.49526811668832843,1.9686005861009976,0.5
0.3148563624997711,0.2748116763685912,0.8144982815344346,0.4973215631352945,1.953137180468276,0.5
0.3170709478385673,0.2765771159760219,0.7867226741685259,0.49374422364198883,1.9678200963706616,0.5
0.3157140337635877,0.27755557079310866,0.8039871301387622,0.4963789806247344,1.9563131958882216,0.5
0.31146227444529273,0.2786977620138982,0.8347950753992568,0.4968356902324736,1.9606217293902652,0.5
0.3119648838909954,0.2760085086436705,0.8172847433691578,0.49589070197146123,1.9622965548866127,0.5
0.31078535299192284,0.2774372618333712,0.8237823205407058,0.4958158539402616,1.9643583345938025,0.5
0.3157622768104596,0.274508619004761,0.8066805439513913,0.4967541254025087,1.9547200438692751,0.5
0.3098099430128999,0.276557135470282,0.8249938477560981,0.4952608929521684,1.9678677252951913,0.5
0.30941540484417496,0.27739177708420226,0.8261171118551314,0.49501029079731773,1.9694244024477934,0.5
0.30920459887450225,0.276942977869186,0.8299298045216033,0.49518953324005754,1.969492887664372,0.5
0.30974625162196057,0.27772299117303034,0.8324945080193697,0.4956343163727552,1.9673222808314486,0.5
0.3112761051050899,0.2772962450576846,0.8208981930285769,0.4958726266318368,1.9634006641543775,0.5
0.3095969918126818,0.2766521405530122,0.8342345265214062,0.4955907400130114,1.9679633973538484,0.5
0.3102312743015307,0.2785048317226665,0.8345977162536208,0.4960409086928486,1.9656353156781097,0.5
0.30991509542040613,0.2777254283740142,0.8319287291416029,0.495759063235735,1.9667096088822522,0.5
0.3091078991184921,0.2770869089844349,0.8309851521705302,0.4951775953248271,1.9701203869958936,0.5
0.30907655964172254,0.27691585817278697,0.8331661605745323,0.4952399732545146,1.9699722855220325,0.5
