1.0471399478628296,0.8284253299652982,0.3038315833448799,0.5473202157901045,1.083391608766672,0.0
1.5446753856467768,0.5830262115227838,0.3585466503371146,0.7256110993792674,0.5419113823147497,0.0
1.3851891193993984,0.4982255266062452,0.04201898805712424,0.5010235143713033,1.7347924171662057,0.0
1.0142564563995151,0.11545736209122093,0.49927960944647054,0.7484779720913107,0.9984619661448764,0.0
1.2748926077591387,0.6591927244321086,0.30460161783559314,0.642409736243636,0.8497930735274613,0.0
1.0889200723205272,0.17289554458608974,0.23749598398355845,0.7060091158505092,1.2754279713371268,0.0
1.180924528708523,1.3131813603200009,0.32267285730301043,0.548352618676079,0.8829592177943372,0.0
1.007325677876855,0.19522426419539707,0.2486218977298246,0.702909435132195,1.2714424868665306,0.0
1.04477492307682,0.5538997545336479,0.315163141279025,0.6084977419624847,1.062301751270922,0.0
0.8370663976515992,0.21326800452110167,0.41772365183305393,0.6776528902001967,1.4277728980225408,0.0
0.9705370884783626,0.10104225262651756,0.49269461222348,0.742984542728822,1.2225883839499287,0.0
0.5644472275367759,1.730895605708388,0.25963064611579684,0.2755823328352392,1.8549283544395734,0.0
1.3055392278000792,0.22362356989310897,0.0882327483256499,0.6662755164824972,1.5059054519957167,0.0
1.707731003736478,0.7313871046237681,0.41590437419659654,0.7538401938027214,0.39071074292019153,0.0
1.4726985300038153,1.547069377377056,0.04242151149554124,0.359123963363581,1.5069931031717785,0.0
1.2054396976906063,0.9793747436489949,0.34413402290621375,0.5848043349366804,0.8644938802760481,0.0
0.9111558358639733,0.12980873620305622,0.16035933404925717,0.7077053101674963,1.7529282582015615,0.0
0.7668538789862642,0.11697857585418031,0.21859669991979275,0.7119573087884006,1.8095609143042368,0.0
0.8453239727922123,0.2940808567237306,0.4096939921938445,0.6558961297841248,1.285643421156037,0.0
0.9076641964974131,0.25383423247273357,0.1528410590981109,0.6188009432427464,1.7493262841455617,0.0
0.8206707802685849,0.5458091557466398,0.448848855367557,0.5636938777682319,1.293646480160143,0.0
0.9308545577077557,0.6888533330454629,0.4688459544986409,0.5864581368007802,1.0257495213466998,0.0
1.1996364815061757,0.8420922905635868,0.4299367866979192,0.6350697558918615,0.7519392567658756,0.0
1.2667219336329998,0.9217374562698828,0.17334680502456015,0.5165821969242651,1.1477389962323494,0.0
0.6957847029451013,0.15731973409235034,0.2539075155683937,0.6774291723792566,1.863521305981992,0.0
0.8257269549220683,0.38732643182887155,0.26019259305328357,0.587647999177009,1.4719740924369504,0.0
0.911341729522152,0.3286418352417356,0.3153226767608054,0.6501998256649684,1.2372314400058342,0.0
0.9461068685720138,0.6281481070384267,0.2818569862851538,0.5576025702218279,1.2234080325762198,0.0
0.755208718200435,0.9012493472461953,0.26940592626988674,0.4302732310398493,1.5395844215238743,0.0
0.925516293456582,0.9587948155180881,0.36510414600481966,0.5224412050392034,1.1056844808766257,0.0
0.6941492574084234,0.5450486269010044,0.3405944937553409,0.5060983921423906,1.607719915615444,0.0
0.7960835102833841,0.25671269559676846,0.37547984021880065,0.654077132234555,1.447605517166197,0.0
0.7618119892591855,0.5154488169226997,0.2907650668396182,0.5360164702663828,1.4977645532132393,0.0
1.2395501802646494,0.1325283536905962,0.4424866560079253,0.7613572467422955,0.7106228616272426,0.0
0.9368334463202863,1.8530854419486598,0.21207104469139704,0.35100738755986405,1.4424115894969525,0.0
0.849343319224074,0.18239574815818252,0.41245706998692794,0.6996713269152508,1.4006699122733215,0.0
0.926087220440275,0.16753400417438385,0.4851777502614691,0.7165755592842015,1.2566723617325788,0.0
0.7704343305641896,0.12246799380663591,0.28396519061444925,0.7095672734269236,1.6975053346414775,0.0
0.8631592605220921,0.12033828813618214,0.40399015974076735,0.7194871895211706,1.5247157666613864,0.0
1.3633575112133802,1.1479902040783831,0.4738534184922528,0.6362953328812475,0.6441370187700388,0.0
1.048013186187293,1.1369810315933047,0.35373148992682113,0.5369675949358381,0.9728019718575941,0.0
0.7423356431691344,0.1996412408976069,0.23588316091577527,0.6545804506491179,1.7465885480942434,0.0
0.9879790571479309,0.3105567828988602,0.23715058202006198,0.647000400691605,1.3018712356360054,0.0
2.1459538429031575,0.9219707578046124,0.48700534754255914,0.8221410161759111,0.1422089190031216,0.0
0.7987926175046246,0.3829072218025456,0.2102254234450291,0.5618391986912266,1.6568971211751118,0.0
0.7778545949266298,0.1023295911453849,0.18175036562382546,0.7155723007273469,1.933191362601724,0.0
0.7688738219592297,0.25039460482639425,0.26648934451415385,0.6395481981061335,1.595346905865738,0.0
1.014307351113026,0.4450735052614625,0.23750825361425196,0.5927160131324476,1.2968252377222764,0.0
0.7663204055027184,0.16439381436311076,0.2747013249821337,0.6883981068909228,1.6430775781338252,0.0
0.8418120762045251,0.16354153397587914,0.38102998498503243,0.7092803784280465,1.4010792762264495,0.0
1.2004585844484088,0.9598788516433718,0.3087972708224381,0.5846529758159233,0.8859521107970985,0.0
0.8702163150088208,0.11112854587708493,0.38625401842523094,0.7333258380104096,1.408354434485814,0.0
0.8615101840835563,0.31578490288383915,0.45859643942464284,0.6408612468737499,1.3109452646573172,0.0
0.7484428221613776,0.13230503429762547,0.33494527321964235,0.6974067059526066,1.8390466293871834,0.0
1.8371883200425174,1.2758072504961042,0.16615485677560302,0.6720345315761993,0.535538114359645,0.0
0.7700157772136109,0.9526852596314193,0.20385610065997029,0.39174125967671136,1.688084842152412,0.0
0.875805967906004,0.22922900509423963,0.34251741480187337,0.6885662306704323,1.3007609143619012,0.0
0.7504581232870094,0.5889033680898026,0.3266225037327891,0.5150665777313078,1.475549196166451,0.0
0.7369229334978398,0.10490686705811349,0.21570393016357958,0.7174210441604593,1.911287035833827,0.0
0.7255708671678363,0.11768895287203919,0.28718186876333646,0.7104113297297961,1.8364212247165106,0.0
1.0923313866377498,0.804776336631005,0.21040862218775422,0.5227662439550984,1.2110918229622452,0.0
0.785186323766039,0.18413431592204685,0.23871679762804754,0.6737078973067044,1.6602872386219214,0.0
1.1521791082020185,0.5462154135050253,0.0880046741659083,0.48543492632653074,1.7206107001481743,0.0
1.1618995406914956,0.8978692398185555,0.3050849935129011,0.5799066508759517,0.9329110849067075,0.0
0.865584542608082,0.11392605600276923,0.3955025083933865,0.7290500481127309,1.4479128741367409,0.0
1.088799353811519,0.9345759520133998,0.27598781278477846,0.5295135711756818,1.0883203062078686,0.0
0.8487500963884922,0.23657123925844237,0.4265482384841064,0.6748224713016419,1.3459039654256926,0.0
1.3105726269994609,1.32887227468704,0.20068717178570014,0.5159250647928205,0.984158339956849,0.0
0.7428653034533512,0.16998310220683066,0.24686885954922247,0.6771109848353056,1.7402854413764541,0.0
0.8805053618492427,0.33654843975340326,0.4872025832644035,0.6426081138867097,1.2585798915582467,0.0
1.7482753690002002,0.5154966997028401,0.4825052286819527,0.7859230881978048,0.3560596790200359,0.0
1.0340911754171287,0.5150028033356593,0.15989830416438694,0.5349471608865777,1.4948980007209414,0.0
0.7627532418389016,0.17279131876583914,0.3300412179495127,0.6806299609573121,1.6405672202133608,0.0
0.7832545057074181,0.16910787660045545,0.34476038161408695,0.6925556564554974,1.5664169463336737,0.0
0.9813634696336382,0.10720509777814002,0.4999298625241692,0.7376306371325687,1.1943771351621315,0.0
0.8015717733027181,0.10066896091015139,0.1947759065265644,0.7253005405967644,1.8413580687055258,0.0
1.8769658385595318,1.5102415366406166,0.19320986132828702,0.6862578644196032,0.4680584599778269,0.0
0.7678593074605364,0.6462115042230948,0.42895679334935444,0.4923273547952807,1.5145668142279938,0.0
0.6988210506900856,0.10088128115593231,0.23089718716959484,0.7162630014753717,1.9895069470076991,0.0
2.144422429203697,0.2502189467625513,0.47057356643606096,0.7545898523076762,0.14388033141601345,0.0
1.4192658030473915,0.9753209782273805,0.08302498198241046,0.4740085106736756,1.2955371654275107,0.0
0.8758977376478603,1.4114127202327773,0.3254558592586274,0.43693260062303124,1.2317287175699365,0.0
1.3541167187500274,0.7205465515110265,0.06190274628840145,0.4606151332467916,1.5802085314921228,0.0
1.2946014234601546,0.29124529631327745,0.4879366028484485,0.7445318265409233,0.6279780835136377,0.0
0.7971458503438987,0.12297274392368998,0.34337534045496393,0.7178151450875961,1.608285594142655,0.0
0.8694392768491989,0.5355259787452484,0.24872272113534472,0.545252816870351,1.4115246802769172,0.0
0.7723816936841531,0.38251462974472217,0.3682387144234412,0.5956877556238743,1.438320093628458,0.0
0.7275564771125612,0.2712514663158534,0.3573160721892375,0.6110485459883078,1.7256442759375226,0.0
1.0848603653634719,0.4111246287047103,0.35229386433601706,0.668941518312744,0.9527236642368775,0.0
0.7559305574977918,0.3564334464038377,0.36762586926285756,0.5956827212468375,1.5192931973607775,0.0
0.8577789756454202,0.28831231981161654,0.21384900935428014,0.6207208631321729,1.5684810673379366,0.0
0.8357643569573494,0.4681570256820455,0.46586539378281683,0.5788214540687457,1.3468691877891592,0.0
2.1709949665626898,1.7636491246541173,0.45427846342395184,0.8285728116945987,0.14329823551205542,0.0
1.1645156168187825,0.246775313668949,0.18754423356932118,0.688676379259028,1.225267308372553,0.0
0.707963970155376,0.6547627420964323,0.34334073603548637,0.48630096454703153,1.5376142556330143,0.0
1.1091302626062558,0.8111182639350514,0.1540977716374988,0.4822778522830872,1.3888273729551872,0.0
0.8151029387271735,0.16471087878114715,0.1787079089103953,0.6725893508639869,1.8232090369811056,0.0
1.9739537900934008,0.4747212358300059,0.37007315500203514,0.7905509213826756,0.26021614137868854,0.0
0.7674705000870798,0.2551468612988202,0.36688058613514984,0.64228507024104,1.5560520704313654,0.0
0.7336528577609241,0.41513605298519984,0.3333410433672332,0.5653579205264055,1.536174124943593,0.0
0.7018621850415092,0.7792013588566049,0.3680370010106962,0.45441869805519475,1.5453939903743852,0.0
0.9535086428604029,0.742577585496871,0.312081982395481,0.5316719194037072,1.210803590038064,0.0
0.7539866387493337,1.0025460534989385,0.4164772112702043,0.4465499623303445,1.3893682817274793,0.0
1.4380552284994605,1.1742957452736964,0.14977967558468047,0.5208056965952884,1.0130694850561106,0.0
0.9830634004654873,0.7346578822386921,0.3805406670933501,0.560931283946003,1.0892108591033622,0.0
0.8143723651743089,0.4974478279678731,0.4188127605953553,0.5762841994229031,1.3017958619490502,0.0
0.960281339238054,0.5954395575880885,0.2843434811148815,0.5709247897232503,1.2015680217637474,0.0
0.7805623849471686,0.4680022410106514,0.3886018627372949,0.569988204971411,1.3917710293522814,0.0
1.2781012830670426,0.7240565569617248,0.14951112984490544,0.54486558193077,1.1852346094550987,0.0
1.1267429159668332,0.7095279796230479,0.19906735720869542,0.5432719795935601,1.2050958562915397,0.0
1.3643747584928678,0.6132302510271069,0.11618563425802916,0.5641993400792371,1.213667009716149,0.0
0.8771882266750508,0.6212146965119799,0.2015304087719267,0.4957393477975301,1.5361234403463837,0.0
1.1802917285686214,0.6589448265172272,0.3051628544448375,0.6201115711653475,0.9186042346842227,0.0
0.8739458083744341,0.9786452075285912,0.3026105868890309,0.47540350508755824,1.2807949858530177,0.0
1.022344985185361,0.5471894854815377,0.32196444475783154,0.6128496557796895,1.07125043174193,0.0
0.904266537934409,0.7116171666698808,0.24864655972497798,0.4949598506805047,1.4108199926180551,0.0
1.0311451124487983,0.5847274005744802,0.17382819524769932,0.5290700741372043,1.4254053328277627,0.0
1.081623068438264,0.7310640431476565,0.2339537520709621,0.549262517053127,1.1628473468280265,0.0
0.971641858725675,0.6676615591448246,0.3238116082804749,0.5668886132759252,1.1314246777545742,0.0
0.8569359833756525,1.1515791461509561,0.33019707904758816,0.4602015757752031,1.24806775538993,0.0
1.0661129072481692,0.824390211057904,0.19236231125826866,0.49670901414417157,1.30474893141543,0.0
0.7278676906019423,0.9706746742316924,0.3826421385602591,0.4328563114952798,1.4704271777429576,0.0
1.0590988124135534,1.5680480829226957,0.381774239313959,0.5151712614869541,0.9224337616959539,0.0
1.460873311264779,1.5387204907866734,0.25982989208915436,0.5854518296566515,0.7243256146384042,0.0
1.1737773162765313,0.9574673218837046,0.12809986602308104,0.446890706323442,1.4215478278171356,0.0
1.285590190016786,1.822095175786189,0.26618068378917165,0.5156631822778603,0.8749028265200028,0.0
1.1186193341437405,1.5358973915892142,0.33532727689688674,0.5171295590502009,0.9254003812817617,0.0
1.210059230553588,0.7222480233338215,0.29029879399481484,0.6115413807425255,0.909506904979626,0.0
1.2802579010147361,0.8642437746712326,0.26397128853675356,0.5962290667771236,0.8851954104595916,0.0
0.5482186087783685,1.2805731424334195,0.2816443334478262,0.3065766482868683,1.9036461545094643,0.0
1.3253402218014054,0.7031557459883908,0.14207379709871285,0.5565820761227877,1.1539494812568645,0.0
0.5913230510971583,1.555458710036096,0.312031203628543,0.307014492428066,1.7560022707730985,0.0
0.9816165209538432,0.7330270717060823,0.3348582537339396,0.5676695862663318,1.0804292381855443,0.0
0.8160515888969886,0.4448514597874207,0.17861465915063246,0.5131273393813587,1.7739674059400028,0.0
0.652367157129484,1.4904082969470935,0.32545088276167344,0.34432461528896313,1.5977691642393135,0.0
1.2032452246650875,1.350382530804442,0.16730388958344827,0.44872150921353704,1.211928735640491,0.0
1.058593812681604,0.7186632826507606,0.27804336121255435,0.5685274639449962,1.0906896614297912,0.0
0.806542542805085,0.3403685089304037,0.26241740731910085,0.6044990291779145,1.5176772950909276,0.0
0.7954495102198553,0.6070856788066072,0.34719922294568417,0.527749369117737,1.3808179967177407,0.0
0.8993286722076468,0.5407039131997058,0.4577583755547392,0.6034369738059184,1.098931739912561,0.0
0.7744852838243905,0.2864509939075797,0.3635378536928333,0.6295737584829763,1.4991108434169442,0.0
0.6733109508998705,0.5953852523516582,0.3165820249893476,0.48209659139186434,1.6481448213637293,0.0
0.7980499451874805,1.3454445366826024,0.4186551741187406,0.4400604053897292,1.2448547657742937,0.0
1.2864860137556224,1.6152124698101364,0.20595886236588842,0.4893614082953765,0.9962436957999229,0.0
1.1756379250290638,0.328278068097236,0.15404406464370815,0.634141948594624,1.3334167976347036,0.0
1.3345809293516406,1.5252030544639097,0.32467095277906943,0.57971656427768,0.7415357882788959,0.0
0.6016986800831869,1.2087521113765107,0.2659345920490407,0.3353523160174862,1.7913962578345104,0.0
0.7397004303679834,0.7258865511639934,0.3880006617391745,0.4848016769771223,1.4522410248930906,0.0
1.036935146286974,1.655956817070846,0.369560259504185,0.49660279598561724,0.9635133870215212,0.0
1.0672361690159295,1.0767899168671478,0.39754219856899947,0.5633161142804255,0.9119061199121505,0.0
0.5629097893509734,1.5881496003241318,0.2966386046004016,0.2898740554258286,1.833752497868238,0.0
1.24148145435861,0.6438674580017336,0.2436390433214395,0.6109936620183124,0.9699033414735986,0.0
0.722805938958063,0.9341422231859038,0.21920373460421086,0.3935819380150709,1.699295276716657,0.0
0.8100194056892125,0.3366606337783058,0.33177202220939533,0.6229658899586471,1.3860738271200101,0.0
0.7915915090453327,0.5534673535112842,0.4267726800169629,0.5421337212257492,1.3883382649031928,0.0
0.6414786504717129,0.8697677643985942,0.3436559911881067,0.4023856333910265,1.7159874380285147,0.0
0.8398102839462791,0.6384036776380616,0.1945074424877983,0.47580322719456825,1.6167569888420776,0.0
0.8992900108379029,0.9377179236386168,0.2855321728920624,0.4835971524630087,1.2745898541314995,0.0
0.6438427332628442,1.342532574809564,0.3133573312254055,0.3508092375539329,1.6341685757934739,0.0
0.6751049474543057,0.5483721507830743,0.33360992049273314,0.4913541177052456,1.676979624627121,0.0
1.0521824828879245,1.3517040498070032,0.18231205338333822,0.4102638624890926,1.361657301741141,0.0
0.6023079710038606,1.1814827769414409,0.3161546538357448,0.34468872270008416,1.7600058802323415,0.0
0.6481693384974735,0.7227341941176101,0.27164308936133014,0.4327814628222998,1.7300769355601966,0.0
1.0520044370092847,1.717421837214436,0.2545575111388892,0.4382991086436971,1.1425543061720682,0.0
0.9011756656687699,1.1892295311832388,0.26499641926526046,0.435202245969212,1.3294332736441608,0.0
0.70346567680833,0.6081617972864645,0.3015156824117808,0.49072320254937885,1.5824678122545217,0.0
1.2070021942387807,0.46973673740160227,0.07976016743556617,0.5166161521652777,1.7020389156053584,0.0
0.7066150235782642,0.7901147674397784,0.37564834782993106,0.45278633220979086,1.5395888273901874,0.0
1.3052197682490125,1.6696852196399874,0.18381503664311977,0.47427997674199796,1.0332696764199722,0.0
0.5600465831513635,0.9583516644567532,0.279144883667204,0.3507436911298075,1.909669238468687,0.0
1.170749942838481,1.193820818612975,0.2226335253900225,0.4973246663947497,1.0907231107127446,0.0
0.7441916173966397,0.8905948281460723,0.24454419832764301,0.4228645338356342,1.5923865757661164,0.0
0.6706832169794239,1.1286353113795036,0.2905844942258673,0.3792468603096657,1.6182389356606934,0.0
1.2114496451085912,1.3522910291328314,0.3258739230108291,0.5559859823713346,0.8478864572967321,0.0
1.0676024133365556,1.3332197260243404,0.23115447239445028,0.4595572278669511,1.1783573226149704,0.0
0.9535917658724526,0.6903997215342135,0.18179683228435967,0.4856336625767834,1.494313049960444,0.0
0.5593474322054754,0.7905448378939799,0.27522891783639913,0.37859100792207234,1.9434757694782807,0.0
0.991080013957172,0.5440652609102267,0.18275167509667656,0.5362086961031131,1.445513928517337,0.0
0.6979791372697115,1.008534857799168,0.3284422566893582,0.4155804201597086,1.5269682885651863,0.0
1.1460620842552842,0.7397946239576494,0.18169538957164702,0.5299599471367502,1.2356449054469698,0.0
0.8150247960542119,0.7401954246146403,0.37531386123687743,0.5096382701644124,1.3130833613575734,0.0
0.8558142373308797,1.2997453714770406,0.42087167382500124,0.46837475194302064,1.1517880179011437,0.0
1.1353388129962052,0.6776744142287147,0.271874177255887,0.5942802090896061,1.0182864852311007,0.0
0.8540773886903551,0.5183974612070441,0.25584047619617883,0.5459517225937366,1.4290566354946663,0.0
0.9282797846824744,1.0756285553938116,0.2837943612445845,0.4751052386876777,1.2299733535633157,0.0
0.7105679523287158,0.6192789694900055,0.3566771960020434,0.49493126861180087,1.5418829856765777,0.0
0.791559433618333,0.5244802409195526,0.28261088794886274,0.5366028335740276,1.468583326500981,0.0
0.8520604389039063,0.43860949034437247,0.18065896189484532,0.5338312818557102,1.6743035119001808,0.0
0.9369131778732843,0.5829125237729876,0.21196592769717312,0.524904661999996,1.434625994983791,0.0
0.721666549455532,1.2568284766840225,0.37012442305794957,0.4037775083305994,1.4324861220562968,0.0
1.0906615716385542,1.2223563072006605,0.25921415904088274,0.4929142877135225,1.0950974176037682,0.0
0.5703751340482497,1.0544526018957383,0.28827295640712747,0.3430152468387562,1.8643191428248511,0.0
1.240542207528139,1.2496253761762959,0.15472488843806229,0.45858867772284123,1.2131495005114092,0.0
0.7204228084534723,1.3939146822720014,0.2781638525695149,0.3672095914618706,1.533784884406858,0.0
0.7565001468398727,0.6541829382453141,0.35120955678452137,0.5104708798132318,1.417372611891174,0.0
0.6829537472602094,1.2009153438775453,0.35968809873193186,0.3859534164026208,1.5448641121828766,0.0
0.5834772155652115,1.0502722321569224,0.29020438608656096,0.3506123583219749,1.8261664090484906,0.0
0.907424037544709,0.7274434865817095,0.23508280145384522,0.49940294165783233,1.3839430179538144,0.0
0.8202380360610677,0.7509317441498302,0.3101123200383251,0.5035355673074656,1.3419902361177052,0.0
0.7073288005034,0.5334080785294623,0.3272494044886338,0.5163982648841383,1.5683670463750168,0.0
0.7909889601737609,0.44358949078312876,0.34996478974872025,0.5812910269003698,1.3797260121906598,0.0
0.6406168257372207,0.70229301109872,0.31071589138438466,0.4385963131858134,1.7210101705461494,0.0
0.9452910891816113,1.512245056653586,0.26395384006175243,0.42445209657012395,1.2487436170655355,0.0
1.135756582074388,1.59846325419406,0.2525756190594087,0.4740772801332575,1.050301812763642,0.0
0.821963273069632,0.5935506026509474,0.3613511613702192,0.5530826020577306,1.2841035028079628,0.0
0.6830886550301398,0.8994579267535142,0.2886945070627473,0.4176655878750231,1.6087037125087247,0.0
0.8346078200593199,0.5258425192362662,0.4399018398349853,0.5805538427401482,1.238814029808689,0.0
0.7734587932516646,0.6486138690839033,0.2661484032692999,0.49233882753125907,1.512272921148487,0.0
1.111573968102736,0.7806985107547012,0.21695301135635908,0.5359806414579278,1.1728281020637197,0.0
0.7076541926715041,0.72583049133431,0.3718642809249101,0.4669129927500663,1.5428747576242807,0.0
1.0861190356444168,1.3542661682952635,0.3925384391494773,0.5443840314088507,0.8821060708115334,0.0
0.804435763347451,0.5220290207438593,0.42447508479589363,0.5652206301515518,1.3244664950300675,0.0
0.8419775671723979,0.6354572287989328,0.219222755061299,0.49375464596988616,1.5287477375008913,0.0
0.7068666185043586,0.9157713652925723,0.3426698567135803,0.4357316998120762,1.5046332945127443,0.0
0.7550048149444835,0.6399335081671983,0.2919139627434729,0.4945455003830552,1.5082030806175597,0.0
0.6915664237025769,0.9421066517051462,0.3824664888888174,0.4108516219248403,1.6005315199242194,0.0
0.941952617184427,1.5348620784949376,0.3191730844268298,0.45045443016057196,1.1494212250374507,0.0
0.7840041531021777,0.7877573363872595,0.2892294062919337,0.4679587715760848,1.4637457049948492,0.0
0.7908215294344348,1.4963412796643858,0.35422164606420964,0.4071783238080908,1.3180497552686616,0.0
0.6978422740830337,1.332894674277271,0.3052546104956502,0.36943515224825363,1.5476117315133615,0.0
0.552866104067964,1.305684392628444,0.28670126735828244,0.3066809891620711,1.8871521961759925,0.0
0.698032669637681,0.6109027809585499,0.32245377397727937,0.49024590006260704,1.578122982941681,0.0
0.753812837590865,0.9256258863368851,0.39565765093937144,0.45682569328499856,1.3961003656292634,0.0
0.930590983765524,1.376305384143343,0.23660906087914457,0.4102860935073822,1.3509388162227984,0.0
0.6279844750031369,1.3077405715946877,0.31805951763385343,0.3467478560542238,1.6734425895693286,0.0
1.0879055468262124,0.7813795675315833,0.23859184508444228,0.541832882165464,1.1467375326797948,0.0
1.1880546026407524,1.185846526786521,0.16651932799209165,0.46265193032262414,1.2272075569228007,0.0
0.7667837351282676,0.7921651453222981,0.37139117575801817,0.4877995332901987,1.3772721305131628,0.0
0.9091359112053027,0.7614797619847573,0.37459041488368267,0.5519627361444638,1.1194398177046179,0.0
1.1089805989486283,1.5052172663262544,0.20429465664169214,0.4363958105590273,1.2063646918887718,0.0
0.9076928568036597,0.6897173378607082,0.26631789839064635,0.5248441161599018,1.3060266283774196,0.0
0.9756291426321356,0.8533160123926522,0.30151468950788674,0.5313465311517731,1.141121296175466,0.0
0.9795043238551593,1.3299387817233446,0.24689797645089107,0.4427547327331437,1.2435580885473687,0.0
0.751833616702851,0.7293971773921996,0.40378306813581105,0.4082340650726609,1.854924069175107,0.0
0.837030920842258,0.9810301789380156,0.19044803204324562,0.3963378332549492,1.6397720879662772,0.0
0.6796717382417539,0.6836582461985216,0.3341822498007437,0.4646571487830379,1.6097908276279986,0.0
0.8781248776293987,0.8420585422698768,0.2939362659168531,0.4966754296797948,1.288632389213039,0.0
0.9374977530683368,0.9300311839640987,0.25754865800023724,0.4824233674593771,1.285312889803489,0.0
0.8374542922909114,0.7919431533636712,0.36701003980897773,0.5171695889757127,1.2397537390326532,0.0
1.0045018828117833,0.6817005902289847,0.2191874995442824,0.5284070653162983,1.2995642049645746,0.0
0.8572667924032422,0.8169416096392574,0.24673934067099484,0.47387229038846324,1.419614480202968,0.0
0.9173547201679153,1.2377595887116575,0.3218807765139459,0.46850437945219653,1.178206658654676,0.0
0.8318337109255203,1.0317212789509882,0.34217754485458896,0.46349083737667574,1.2950132722152086,0.0
0.9364490074486469,1.2199999517624058,0.16230774687464933,0.3735789851054411,1.5899809085089904,0.0
0.7468739438049254,0.4913399867836996,0.37040921320413145,0.5447362109756028,1.484960712335992,0.0
1.1533557991334602,1.458085877798238,0.1553880474486748,0.41479278309358886,1.3076321123581789,0.0
0.5468223361514408,1.1840738599600917,0.27940656463171853,0.31545956491955573,1.9186670205175644,0.0
0.927215100416998,1.2862029320639563,0.31915562304357686,0.46760517718843386,1.1641865498523372,0.0
1.1268518162700072,1.373902688566998,0.21317649334785926,0.46257923994694683,1.1544400503730017,0.0
1.0201430831058347,1.2048776864485151,0.311047996246843,0.5021509920284941,1.069245099059108,0.0
0.8374887405383518,0.7039596014031411,0.36295674480439727,0.5347098459896492,1.2492502334825164,0.0
0.9415521092765281,0.9752853128345328,0.34393592411757307,0.5196905173762669,1.1109763486349735,0.0
0.7020782829170664,0.5369883469460325,0.2850298929101734,0.5065254807158284,1.6211926929487364,0.0
1.1248037417040397,1.1562482426971905,0.2148043838151183,0.4849672231733698,1.1547264983319587,0.0
1.065409926456392,1.432325508320097,0.2324552120964453,0.4506470296930975,1.1773443441203117,0.0
0.7627268817248418,0.7489904373370495,0.289814563095971,0.4731030080745639,1.4826883121649863,0.0
0.7367835466559362,0.6164233621753159,0.3032633743101348,0.5009119729952503,1.5130938312054774,0.0
0.8125478420324332,0.9037242524768554,0.38845589816933856,0.47831999888180776,1.3129272994627443,0.0
0.6467225335207718,0.7881340409182025,0.28644005990253635,0.42230643213782565,1.7025189729484194,0.0
0.8762914703722302,0.7556170940905762,0.2650987847721484,0.4968707958815496,1.3626443473098104,0.0
0.7989233448468616,0.5603137786449626,0.21021862962628426,0.4956313871559976,1.6342932246838766,0.0
0.6967215552297751,0.4710317733644146,0.2883295900216037,0.5215179733327595,1.6611571061957686,0.0
0.7975045228583695,0.5926829154097705,0.2158051979061004,0.4891415077091066,1.6143027495619349,0.0
1.0702761919031296,1.5717807396972006,0.19518887784297517,0.41446596991399504,1.2719502183750233,0.0
0.9281585394455611,1.0882595293648833,0.21025933451481146,0.427321339003506,1.4217233144356796,0.0
0.7234438391987492,0.5054489045220805,0.3625217044774677,0.5287470445917656,1.5487218693423517,0.0
0.6127014331701178,0.9648549662168792,0.30389023635563905,0.3779612904192571,1.7524753105155741,0.0
0.7140256481417495,0.7748076166900724,0.35783337552902483,0.46145439091685647,1.5111485473022945,0.0
0.8035732695844684,1.1105242780591786,0.3402715287889142,0.45064125669287736,1.3090972536615786,0.0
0.8966763539776732,1.2059730576146537,0.3095304490976119,0.45846756773366126,1.2297032719430956,0.0
1.003189006609516,1.368967809803512,0.19412218416432148,0.40967558648178837,1.3621829236575396,0.0
0.8440665977080462,1.42408466074861,0.3713122522890723,0.44500937650395034,1.199526779499412,0.0
0.9783295391486179,1.615317130541322,0.3555808236869674,0.4740014376638778,1.0441933799009828,0.0
0.6679995678531112,0.9579850668453758,0.30559799562562723,0.3974967955984266,1.651092921408646,0.0
0.7276479993632323,0.6677453933264514,0.24511588102012297,0.46423397202188743,1.6368530944118251,0.0
0.6676853349787278,0.8804788187054238,0.35455301001631,0.4162838110754841,1.6311076353876695,0.0
0.8227824021374537,0.5346175770323502,0.3478269716459379,0.5631563490512971,1.3118823360911749,0.0
0.7308121402022869,0.9215508047735164,0.3338738477414861,0.44498503469890205,1.4613929649785828,0.0
0.5665628233633718,1.1306620347019896,0.28743866594961553,0.33184671047026904,1.8657606389056305,0.0
0.5625540017315305,0.9703778421326217,0.2794163022364232,0.3501965418910943,1.900345711117449,0.0
0.8865152157313947,0.7163997251088159,0.25134123171399975,0.5028129057991704,1.3769801195678482,0.0
0.6864501793800861,0.8937597875503962,0.3492953014788877,0.42886973244895865,1.5588037414165408,0.0
1.0891339744850166,1.5041757325819443,0.20860514606618863,0.4362365333087603,1.2102203308633905,0.0
0.7448124065759316,1.1765533781309876,0.2469401557633048,0.38287749046067626,1.5727297706485999,0.0
0.8652879942180043,0.7427823088697333,0.2318469200871345,0.4829086829342027,1.4503154355688939,0.0
0.7010584253347313,0.5549385085792248,0.3526502000944858,0.504385857271198,1.5937368746576663,0.0
0.7249234335391146,0.6514103347082034,0.3137804230617712,0.490485189113399,1.5178731726470156,0.0
0.7837534799510488,0.4589367749803744,0.35402867701461327,0.5662025554019667,1.4220668934859306,0.0
0.8091103414886477,1.0823377655393485,0.3041401824153292,0.4434217998361709,1.3558872510669742,0.0
0.8833508490557969,1.2262347948925736,0.31104417297259906,0.455709062177359,1.2342987641392233,0.0
0.6964656788307765,0.7440091501163449,0.2896373492086787,0.45281907161423207,1.5954129979321268,0.0
0.933048486604988,1.4948160517860463,0.3826600112159473,0.47696884968633607,1.0641202922423847,0.0
0.6551909746340273,1.3613526398028297,0.32915530456805964,0.3543058177783587,1.605889399614775,0.0
0.7357126709113517,0.7212200971280188,0.31862973306008446,0.4740563719336594,1.5064584837821666,0.0
0.7375276099062729,0.6309691434508068,0.38667246543972933,0.5028763095913311,1.4818270609820026,0.0
0.6992261634849019,0.7115462083765317,0.36718879143990935,0.46422119253368727,1.5769190769856454,0.0
0.9050459720246424,0.9639873433252975,0.22616107414964842,0.44792951624615635,1.411225073341291,0.0
0.5725410157300349,0.7273655440950435,0.2731890266615223,0.39835349122966573,1.9169032597301325,0.0
0.782416806527384,0.6108828401409179,0.41311885438899015,0.5326357459581726,1.3606378743754175,0.0
0.7938391820344753,0.7339802035147684,0.3387943093932122,0.5036998906463918,1.353155064625226,0.0
0.6637698206147618,0.6508071973323025,0.23181178942168207,0.44060037756149695,1.7920428820648548,0.0
0.6490549517761006,0.9465179728997025,0.31969949829381994,0.40015734229463285,1.6531426773376259,0.0
0.840312539814082,1.4867301533759785,0.35532334884904176,0.43328539243974623,1.2232159834032106,0.0
0.6773005613775671,0.7740202579258908,0.2767684635037194,0.4349499911415868,1.6535422934538166,0.0
1.0389740748554182,1.5677852102492118,0.21856350663911653,0.4226557011368219,1.241776591589211,0.0
0.7288275674641109,0.7587968412950149,0.26293038255256346,0.45039302131490205,1.5953913204102803,0.0
0.9598269109480417,1.3057506190604948,0.27635137506558716,0.45635325758219836,1.2017338311917658,0.0
0.5715665630705817,1.0741810920685766,0.2836249357203171,0.3410906078182988,1.8588321776772645,0.0
0.741008248481388,1.1445324759895805,0.2917945271921612,0.4029984099375177,1.4948666898694236,0.0
0.6225371400802426,1.1695567871671537,0.3278827242457614,0.3536341782376998,1.7178745952947796,0.0
1.0360567046192584,1.5568675479458667,0.20519882214744534,0.4120408156099221,1.2847011750736825,0.0
0.7666018750891871,0.8923405198059865,0.2763264768418498,0.44501808787749597,1.4868318884301566,0.0
0.8870934605391105,0.703624286340139,0.32558579394302845,0.5410688595372948,1.220744858440904,0.0
0.841013485865457,1.1208875362825546,0.3088732817046872,0.4520585819156191,1.2989235889014037,0.0
0.704321536527682,0.7816393643040992,0.38441463147551513,0.4465965374277103,1.5824766139614468,0.0
0.8885763127793096,0.7371764869985011,0.34339940891550463,0.5407200682497033,1.1895499375167011,0.0
0.7983223410573557,0.758780789451269,0.24977631832035252,0.4686478991644751,1.500256132347086,0.0
0.7194583732447,1.0752083709774904,0.3278120921652851,0.41130205833041006,1.4978009101920193,0.0
0.5959210845456984,0.9742282753347419,0.30012600269253215,0.3675403137164263,1.800058400170723,0.0
0.9387788930266495,1.2869835662986742,0.22158874032765102,0.4173162212703703,1.3632818272719835,0.0
0.6597935298998707,0.9708398346758178,0.2932262187845135,0.3933871438598472,1.6630409971750246,0.0
0.7507231064763514,0.668409101219397,0.2828946154905998,0.4877990194296997,1.512522538836246,0.0
0.8157191207634121,0.7395164168989359,0.23217956605091422,0.4657344845371138,1.5309481134367924,0.0
0.6752567484702405,0.7633368951300448,0.30282612519172913,0.4427814644198644,1.625856805920103,0.0
0.8430197263922921,0.7666955200697012,0.2036346956387209,0.45205147056977246,1.5716108516978726,0.0
0.6682245460318574,0.9885582226878311,0.36976985846405314,0.39421609690465464,1.646877293237904,0.0
0.6222446096309961,0.7097430031493374,0.23241803612605527,0.4115260256283179,1.8671461743119298,0.0
0.7412371396109494,0.7011119028747221,0.25248469166151316,0.46414293337979795,1.5910754534077656,0.0
0.9707303156153871,1.371798887765471,0.19437719812783913,0.3993010266931942,1.403686668688456,0.0
0.6866509985148901,1.5169935292522032,0.313565851921542,0.3558391854825273,1.5337663304977291,0.0
0.6202484796530565,1.1129859638523494,0.258719298644154,0.35127322038570297,1.7727148621062865,0.0
0.8367603413562608,0.7796865971613732,0.3608510953431057,0.5187124905002174,1.2450508736781298,0.0
0.7786639262504413,0.7018436467768341,0.24008238362938558,0.46931404736969295,1.5616032343291602,0.0
0.6903490944841106,1.255084939455948,0.3632240093398977,0.38592875827185963,1.5131134319103399,0.0
0.8384284663348138,1.2411869121178745,0.2828088215012589,0.42612501714781625,1.3477104976323482,0.0
0.8287086829610499,1.0449827036919406,0.22114825929156504,0.4059991415575098,1.544185403939594,0.0
0.8251266370798569,0.8897805151751199,0.3045203458582994,0.47602477301930896,1.3418831133172262,0.0
0.7191349059747851,0.7149116343711492,0.3725714122774127,0.47705833839706263,1.5049071413038013,0.0
0.7861551655371892,0.6630027522674261,0.39813484094433355,0.5253050011110859,1.3305519891809177,0.0
0.7037772631204156,0.6414160416130981,0.35962522233899763,0.4843794865574135,1.5631232847421028,0.0
0.558937185327978,1.0521795081839254,0.2797882500787453,0.33728614651911537,1.8992239351052662,0.0
0.649958687575505,1.3461092176685154,0.2811473737761127,0.34542950950844586,1.659130123123978,0.0
0.7585028312916298,1.1397461642512683,0.35758697234779674,0.4333126491646056,1.3677446555448924,0.0
0.6932477821283427,0.6193046972557269,0.3287426208080897,0.4864171848742772,1.5859674219743762,0.0
0.7923136863271949,0.6595680951704994,0.33405941999910826,0.5165192181294431,1.3734728295486254,0.0
0.6930465752464403,0.7879647416531899,0.31947842534608994,0.44179616588600756,1.592660183328894,0.0
0.6681109942148182,0.9397274812855612,0.2021624029765718,0.3642678442605718,1.8520826036677025,0.0
0.8386538776826329,0.7759214871970386,0.24377344071948084,0.47355775106178444,1.455824827806345,0.0
0.7272177888248124,0.5533206341954593,0.25526682360012537,0.49239699126283115,1.6568446342255942,0.0
0.6940564628358581,0.6433896035791199,0.31044919318494574,0.4780668605449126,1.5928334460874556,0.0
0.8994769962447682,1.4441261617404384,0.24279472344583122,0.403873482608296,1.3546490888553837,0.0
0.8631270489222145,1.290353670607215,0.3500592989827795,0.4575049381074864,1.200675564091081,0.0
0.8311778215976338,0.8066696602715893,0.21003704209906318,0.44534357712507133,1.5636380346422283,0.0
0.6853183190745884,0.5781945143503623,0.29102900363205275,0.4875389440939201,1.6456532018425167,0.0
0.5764471211641711,1.060680213755913,0.29399869150364166,0.34550647330942924,1.8457798387019735,0.0
0.7509483807996853,0.9508661320776728,0.23208317916420101,0.4081093515407968,1.6122368679003451,0.0
0.6030782642982171,0.7260245408190461,0.22189379152780753,0.39580435023764254,1.933618027277189,0.0
0.7466516836449885,0.4688356225283453,0.24855003260421188,0.5285932871769201,1.6272945758413617,0.0
0.5722625716455172,0.8272450773682202,0.30950192155310313,0.3697321927319042,1.9465018520534647,0.0
0.6594611699259567,0.9762409421662802,0.30922725560626,0.39572251170514516,1.6466518889410715,0.0
0.8249459749056405,0.9862285370043568,0.2640455320752384,0.4426028226432548,1.4198916872708263,0.0
0.7497131543949143,1.2397309263716356,0.29284844036571095,0.3980249287096985,1.4666263353057796,0.0
0.6073640030291065,0.7508904554228024,0.32152200344079473,0.40515663609190755,1.8426275227313558,0.0
0.7387692795640175,0.8170410931601771,0.3169105922575179,0.46260754495800904,1.4674607689717274,0.0
0.7839365811151668,0.945479527839896,0.2562413975529615,0.4317198823197986,1.500369850778978,0.0
0.713509564757562,0.6301761664315071,0.2999622810315027,0.488180523129144,1.5668374506718032,0.0
0.6196584724203773,0.8750702727529407,0.30457898315945897,0.395158999585157,1.7472931656005228,0.0
0.6519417024555171,0.9916222852234367,0.2241571843829423,0.3577216787627081,1.8323765998748978,0.0
0.6858766613118058,0.8771863278289069,0.32493024051710917,0.4265759414073196,1.5804475487653131,0.0
0.7284377772612974,0.9486175583214165,0.3318001664668944,0.440054123124501,1.4609132372730294,0.0
0.8576090406376207,1.3301491603188924,0.2803022423053601,0.42199818091940006,1.3250227218191983,0.0
0.7592348821159679,0.7864415380735376,0.2404889503865432,0.4454293592000299,1.5853597729030051,0.0
0.8019028974574793,1.0902026095001771,0.3232931543861505,0.44769867285652054,1.3348983841299042,0.0
0.8659884755013932,1.3693335523430925,0.2079382688827767,0.37686983153467146,1.501640614167906,0.0
0.8941304690025879,1.1530865288467833,0.25063855655074946,0.4372939879136289,1.3457528896574085,0.0
0.783609081799594,0.7099396570326667,0.2678903890136153,0.48304239594076587,1.4838759912635096,0.0
0.7025873000321962,0.6668345837431788,0.32718206472984807,0.4798299097003732,1.5562214444852573,0.0
0.5654888855448353,1.042437788988275,0.29525773367400693,0.341246431902959,1.8848565853571353,0.0
0.8149627572428612,1.1989256180417793,0.3310915119363942,0.44183433215563606,1.3009219119347135,0.0
0.8000974078973689,1.1584693476928338,0.32509904125383154,0.43877439309392385,1.3336267377168205,0.0
0.7113109819902219,0.6697893602215992,0.27458944407078845,0.4701652486564618,1.6001533906530283,0.0
0.8524740499431587,0.8668198701132064,0.21193740944228942,0.4417089697945737,1.5227238046340414,0.0
0.703353390600778,0.9455928001442021,0.20479691987394225,0.3765524529030239,1.7805016421533602,0.0
0.8505969197056962,1.1152116623246389,0.2714877952566924,0.4387643485276514,1.3581205397194316,0.0
0.6047255647251923,1.3265123467723499,0.26741861072530204,0.32464839449433414,1.7759357353505458,0.0
0.5770253099781775,0.9979569789100424,0.25932257827357225,0.34630043308961767,1.8923263497563918,0.0
0.7524740027455599,1.335585639538515,0.3393692063072747,0.4061544595497085,1.3875721694466274,0.0
0.7179796814749375,1.121073172336251,0.23724836816417771,0.3741800591943781,1.6486262005471917,0.0
0.7318699797182092,0.7476524423326949,0.36347032727295703,0.4780904060000752,1.4606792585027415,0.0
0.8182376271386416,1.3774789596894994,0.33306972806082547,0.4261169728357512,1.2885479578118677,0.0
0.6505298772769994,1.2284168626431196,0.2745576733345204,0.3556846181362274,1.674115128428897,0.0
0.6903605718194313,0.6195913139160169,0.33369328909300017,0.4839408621560518,1.5971501063410243,0.0
0.6756530124650784,1.155232697136662,0.3676048345905929,0.3847443293715036,1.5760932220554724,0.0
0.6246535067443988,0.7108219503970419,0.27803875738964345,0.42682739502628025,1.7757544484839265,0.0
0.8650337886978847,1.2176801671606636,0.23612302998277396,0.41170979698428145,1.4217428247058208,0.0
0.7661826525887308,0.7313197412474033,0.2820823247026709,0.47824821381904853,1.481824733778767,0.0
0.6870430993691861,0.7652916686119514,0.36814513659682835,0.4444601554181836,1.6109542287406629,0.0
0.564965974100607,1.4478269107282693,0.2680041505395525,0.2979284285167164,1.8562385375527668,0.0
0.7671943824838974,1.2042006728580414,0.33192183389352875,0.4234211367872898,1.3754778817333317,0.0
0.667746206298728,0.6863446542282609,0.3363473350391943,0.45629334885091516,1.648918128844913,0.0
0.7217688396932712,0.7324685016406814,0.24197822955876908,0.4429294345481949,1.65646506228223,0.0
0.6722722352774576,0.7045133780741615,0.3321396386238302,0.45522645879327606,1.6290782493653257,0.0
0.6532283143261919,1.0125110576935918,0.3295125205276129,0.3935211634125974,1.6333892649982755,0.0
0.7147662585781643,0.7284415599167514,0.34699193119069305,0.4740719690077865,1.5060174759127742,0.0
0.6689586423094979,1.0360632436495911,0.28693938987220846,0.3886097323930914,1.6366121230614616,0.0
0.6681827906491693,0.76624789125301,0.32362449074228766,0.43767360806991645,1.640882344844399,0.0
0.5780869271843562,1.4295721976756128,0.2927549906095288,0.30865419937351757,1.8055338058205301,0.0
0.6738268137706,0.7884422074002464,0.27409098519014846,0.42979048508102613,1.6614437284137675,0.0
0.7556700911397264,1.441297419808591,0.36536237697031115,0.40396479599141427,1.3536356918138162,0.0
0.6392820256780376,0.8837402083349604,0.33666513672322007,0.40179743257172157,1.7043410099320695,0.0
0.6979981709528165,0.9950983882464637,0.35561971789012986,0.42043441820681904,1.5149229195429927,0.0
0.6991818796577659,1.2738785188417379,0.35228372118588375,0.3890972851688661,1.4892299698036802,0.0
0.6841003235980487,1.1364129934566916,0.24269001322085337,0.3647608186498983,1.6868778123022121,0.0
0.6711130823703679,0.9614294121757875,0.22107003686488222,0.37357466224173497,1.7814858664263953,0.0
0.6917754801700031,1.0878746995225699,0.30237624134848395,0.39610857029842556,1.563598051778727,0.0
0.6203985481950032,1.0904982687447538,0.30539850923364165,0.3647031054008994,1.718116607572763,0.0
0.6770342736022159,0.725704625511377,0.3316740214730922,0.45422461455309304,1.6084886032665224,0.0
0.7008178869244728,0.7099750867851604,0.37309748858766434,0.4634845499531394,1.5799441354000638,0.0
0.7021450381702712,0.7863447811109421,0.25949978575491633,0.4291482428979749,1.6604373048701093,0.0
0.6844915227937589,0.7862222389022614,0.2110159899222703,0.40388540147129337,1.8032862181231204,0.0
0.6650312738241386,0.74469169762857,0.29730975041291896,0.44134053619527586,1.6528723242517585,0.0
0.6414913247471379,1.0314268930385089,0.2223217915936136,0.35285621876566103,1.8287780346333498,0.0
0.6774493339489867,0.8729287068152257,0.2746367807509425,0.41560743663153044,1.6457065903621182,0.0
0.6507579611531721,0.880440134380737,0.28406253501756235,0.4063262721998879,1.6846466148140335,0.0
0.683757289430447,0.7655531854458754,0.312309024587441,0.4480592266730577,1.5929182510796112,0.0
0.7256170680376072,0.7499423673352512,0.301018712817292,0.46115362380324104,1.5390519065540555,0.0
0.7218242615025505,0.8195959584916741,0.3513474139059709,0.45996483699304047,1.4800860805952096,0.0
0.8236551460236521,1.4712457794337308,0.21353111891185547,0.35859284630775173,1.5411296180249363,0.0
0.6801378300599736,0.6563717826154276,0.33887301206750337,0.47052500795692165,1.6171623421512908,0.0
0.8255302886050018,0.9793286722343173,0.22958893148625026,0.4260224034542962,1.5033845277451268,0.0
0.7781807845811586,1.1529109192617206,0.3139613983052594,0.42763231084078723,1.38449714613896,0.0
0.7692135527181989,1.3428093074270475,0.28217285922390806,0.39146801697118766,1.4489860428012789,0.0
0.641398915253973,0.7294465642339869,0.28390041179715014,0.43164150656901434,1.7249043493641374,0.0
0.7593881823417082,1.0002426828089361,0.30207531731168374,0.4360592888005199,1.440927595942585,0.0
0.5996487967851313,0.7151453485225019,0.2453038879271004,0.4065838528467469,1.8852354748464533,0.0
0.7299605345180784,0.7861961109155694,0.22086359581498685,0.4236440962555616,1.6943726301077549,0.0
0.6762176729068992,0.8666054726955008,0.23757319537899924,0.3974692161944351,1.7416599169206297,0.0
0.6022438927333793,0.8994561406772894,0.3000158576866346,0.38233898594736376,1.7925702269762271,0.0
0.7436433614322568,1.3258832859191603,0.36382514760879703,0.4067533581383155,1.3868453424436078,0.0
0.6231634356005727,1.3140210765507734,0.29229827804068537,0.3371566189991008,1.7151260937641761,0.0
0.6870142436332014,1.3192571482828033,0.25668507845940414,0.3526064562112407,1.6404692423268152,0.0
0.6613810573185013,0.7284331548437553,0.3214214966366067,0.4441886099675225,1.655677294091229,0.0
0.7304698404147514,1.2165441012220806,0.29395391867091664,0.3949621907578502,1.4941387272011386,0.0
0.6624783999675146,0.7623750935545317,0.324607760197777,0.43884237379691565,1.6430973067563885,0.0
0.6844836363758882,0.6327334221800113,0.3243328096524011,0.4785845977740793,1.6074997244826552,0.0
0.7907778203906838,1.4978570613945832,0.3562284595039092,0.4128940962994737,1.2987001419991224,0.0
0.6223633574712067,0.9270744061170271,0.30609439575853337,0.3889767921471983,1.7302141378462628,0.0
0.6976963628854046,0.6726252340665213,0.3233007486182299,0.4748220453586324,1.5689418494216483,0.0
0.6853966126585559,0.9698455613000906,0.3105664355348763,0.4133914730178385,1.5699680711805934,0.0
0.7506988314142741,1.104004720085229,0.22883094345114574,0.3832962378526281,1.6166579832409949,0.0
0.6138631611454797,0.7698710165053205,0.2775275757098371,0.40770482992197743,1.7996770279625403,0.0
0.6419004939748756,0.744830842067574,0.27301981539457376,0.42591931336694105,1.7363717645792156,0.0
0.7189292099937103,1.1941585734799411,0.34454873165617406,0.4046732056378063,1.4595495373403575,0.0
0.7147110226512295,0.984709526798663,0.35043374219393497,0.43072624619430233,1.474816014695213,0.0
0.6881875429891331,1.3614670666296975,0.24882863523798038,0.344950296251292,1.6545302266077806,0.0
0.7084077732360352,0.7152952314161597,0.27675682335376023,0.4590875677435355,1.5969723036735797,0.0
0.7469561760274599,0.7900247201618028,0.2523380706565915,0.4466945998619469,1.5747735631926978,0.0
0.5795903089256713,1.166391629765135,0.2753748197959224,0.33300153799838983,1.833892614587687,0.0
0.6605953849646027,1.011452379587422,0.3309673438828434,0.39779666146865905,1.6126829930423443,0.0
0.5956534350531122,1.128252621059512,0.3066389049530737,0.34754430416675963,1.7824294771180567,0.0
0.6172698232675644,0.8903089903721724,0.25134827985861935,0.3807102119655927,1.8114698742807651,0.0
0.7050307277925751,1.0025955340038215,0.34271590454596534,0.4216732432223774,1.5025419197813974,0.0
0.6857780949851214,0.5729755672604461,0.2856352523033824,0.4897524883955394,1.6478551106437243,0.0
0.664767444394226,1.2520689887697634,0.3233155707089977,0.3685925124690161,1.5939896748857916,0.0
0.6670112520344004,1.018652064928588,0.3461857135028147,0.3996354076766221,1.5976246402178456,0.0
0.6484770523934955,1.0836279345430981,0.26000938479528934,0.3668849763456143,1.7148833294416677,0.0
0.6771704314965368,1.321108474957727,0.3072381212117018,0.36697566129098047,1.5684682090255315,0.0
0.6985162956065161,0.8708483884251234,0.2830064732022278,0.4269652755769932,1.5900483546280766,0.0
0.6285846111116711,1.424464973152692,0.3541270718025187,0.3296784123522034,1.6982642898621798,0.0
0.744794987381362,0.8524085766324323,0.2671518916976772,0.44089199965488185,1.539898860153125,0.0
0.7015449781906076,0.778827190471321,0.307344422692128,0.45036026485032327,1.572077369734365,0.0
0.6407506662843063,1.1433115326901109,0.20949603437525657,0.32980432217796946,1.8663328688922503,0.0
0.7220893845284957,0.8753613458170675,0.28472022641096634,0.43570565097410696,1.544511922880247,0.0
0.6535392818604399,0.8138006640817124,0.3281931453472655,0.4234695929467131,1.663179795218637,0.0
0.6509770080786087,0.9957849065395642,0.2551263981729614,0.3753844444604956,1.7361993313137944,0.0
0.7326569335589068,0.9683797486247795,0.32242916957806683,0.43674177904012385,1.4614731164629393,0.0
0.6306908232460818,1.022123855407456,0.2898411985067072,0.37712101569778345,1.7092506013364823,0.0
0.7085158910100569,0.8816857612553908,0.2687247657958741,0.42305315811475824,1.5982563332025768,0.0
0.6387526773124571,0.9247989304637533,0.3250943040390323,0.39771120334044624,1.6872874543162795,0.0
0.5767616189632634,1.168197880313513,0.28545252088594525,0.3319019976991399,1.8362648126930956,0.0
0.6735976345427281,0.7044822728040363,0.32046843843379913,0.4517218506589654,1.6436886400172066,0.0
0.6450410955250037,0.7921222957922429,0.25388700625132854,0.41033326226158096,1.7595378406090458,0.0
0.6407773114338249,0.9738214569963011,0.3243619927672598,0.3912773491387631,1.674133681563827,0.0
0.7324869185889455,0.9861162124375056,0.29115584122428984,0.42409119252692123,1.5084538842550659,0.0
0.7006382159143092,1.013386190037205,0.33297957185863253,0.4181072083430136,1.5134987290473367,0.0
0.5337607752349638,1.2796481976062681,0.27693985059266074,0.29894414601008124,1.947751868119842,0.0
0.6572094829858972,1.2584061080837132,0.281274557035068,0.3574906596486453,1.6479475553463587,0.0
0.5990735583575437,0.9295276127999237,0.2943579662037245,0.37593104807817523,1.7972606635669925,0.0
0.7255367213137318,1.0113974827299625,0.3028691414232311,0.42171143183918225,1.4984094435834978,0.0
0.7345572458306621,1.2150159444692596,0.3092868691724149,0.40213314695360214,1.4626638835784567,0.0
0.6106482957563955,0.9253118786473855,0.3095852994366347,0.3806484947658063,1.7730113352311112,0.0
0.6219331669931202,0.8399419052962607,0.3206885135298265,0.3999867184237194,1.7583542927054316,0.0
0.645171728408477,0.8586528391129696,0.26367717842227634,0.4017087398083748,1.731793252458451,0.0
0.6448899887495652,0.7775467866892933,0.29367588306809367,0.4245100128951902,1.7005111435301976,0.0
0.6569117404003981,0.8621567369538464,0.3229533190241471,0.4165999713112572,1.6470947994149614,0.0
0.7046251348456989,0.7562153412244317,0.35157122765121124,0.46242600543154144,1.5294014867556711,0.0
0.7536884048825301,1.3474272395027527,0.23221062093919825,0.35889221107418234,1.5938665631873445,0.0
0.6471100174664834,0.9982631634394556,0.3507481026344218,0.3864200272407684,1.679224053643622,0.0
0.6805374494990943,1.1927457608393581,0.3263531371330624,0.3847402385470038,1.5524343841751755,0.0
0.6270862626021939,1.5190259211428228,0.2832562922410872,0.3140433753424748,1.7306688660359797,0.0
0.6139330109242118,0.9372674872717361,0.22981081031925826,0.36232257442289656,1.8658900035539,0.0
0.6983785615420225,1.3593191586035214,0.29460287190568946,0.36833264523939185,1.5440894663059221,0.0
0.5515331636699357,1.1241987471477937,0.2811105542315061,0.3246424812592625,1.9120990958921287,0.0
0.5619638141246327,1.1239892140280654,0.2913180984981641,0.32996030888893874,1.8817162826548484,0.0
0.5559325035235075,1.1206786595983063,0.27181237663565583,0.32670247277438835,1.9029227448682573,0.0
0.5901332295865543,1.1781959415001744,0.2941281041442699,0.3389251230624064,1.7923613271479018,0.0
0.5825641263697531,0.9161976190403404,0.31714099448880145,0.3611640355935406,1.89347336008034,0.0
0.726203391613125,1.3570904226036093,0.3401498064387581,0.39283876693332814,1.4357309017205782,0.0
0.5796752048447172,1.1325359125381071,0.2908056278957506,0.33863838015931774,1.827398154566152,0.0
0.6244520561525662,0.9110094340964876,0.3478838842636684,0.3726472403638593,1.8337314817838,0.0
0.6563868351340465,1.1085157260554628,0.27102107570369516,0.3706061648456355,1.6763710840192882,0.0
0.6619278899705168,0.9551787157148425,0.2928226613020576,0.39661995964570784,1.6600851993198917,0.0
0.5779184920397484,1.2706521380523403,0.2777070294274403,0.32158705449620173,1.826624393556917,0.0
0.6549696006527244,0.8885619799682639,0.26834942664921935,0.4015724120339036,1.7007670275089741,0.0
0.6740793331639444,1.2472138151593342,0.345517312300832,0.3723742814322742,1.5770193198191038,0.0
0.6404863223596554,0.9364707562231456,0.25179098156266955,0.3817686798142175,1.7589181940938883,0.0
0.603034086671693,1.3344843236020971,0.30746494990545997,0.32904898540219985,1.746602821539868,0.0
0.6608088373946233,0.9865335267881998,0.21985808416089903,0.3653839858603661,1.8016389852830723,0.0
0.6407894833351258,1.0498856086681805,0.2883876824498876,0.3761093682461147,1.689680403965185,0.0
0.6701002310309387,1.2170069591211503,0.32454102616754116,0.37521828331539386,1.5821736404938984,0.0
0.7024864616315649,1.2802736226004054,0.3121499155318195,0.38259958707071,1.5158454586169794,0.0
0.6644864264339555,0.9599897986974059,0.24976104788023443,0.38618506306398315,1.714845297692434,0.0
0.6741532120934417,0.9162574138326849,0.3511196845517576,0.4174290259048203,1.5937723247406892,0.0
0.6621970960739887,1.4827579566363283,0.23336062423270545,0.3175795427416841,1.7355785995756252,0.0
0.6801331623515018,0.7558807890398407,0.3387508845519007,0.4496899644543643,1.5953519550767186,0.0
0.558142055215801,1.1046613975040869,0.2879693747718664,0.33021107214972445,1.896288250701696,0.0
0.6324824035327947,1.0317744423995632,0.3201627436153611,0.37954333739198093,1.6878698859938264,0.0
0.6603817936005915,0.8910994617473555,0.30935034488498964,0.41385029439678983,1.6374663696026397,0.0
0.6840501337301723,1.3323599633686118,0.30903781450797213,0.36940854920811966,1.5521100298705497,0.0
0.6893832774448865,1.058243983159601,0.2834244850970672,0.39475737567000624,1.5938106630813693,0.0
0.6789894189957075,1.430583265604573,0.2658618054236083,0.34348825417438333,1.6288358604231676,0.0
0.6265297431760025,0.9351035846916722,0.3062288444624331,0.38977311727551334,1.7175797561835107,0.0
0.6178519785114718,1.0904541379972252,0.2451266742394902,0.3479687765372214,1.810906745961931,0.0
0.6675784990972209,1.1362095862208137,0.2334052751196614,0.35456532194809154,1.7413644499780274,0.0
0.6375000470496328,1.3143456252687062,0.23361608847057017,0.32409459714834965,1.7864411244192087,0.0
0.6847388350005482,0.9717952797432924,0.33535644845890566,0.4161602842662353,1.5535518299962594,0.0
0.6883417183606093,1.250470799667953,0.30835110441746744,0.37918026502799596,1.5482975143462523,0.0
0.6056164657980727,1.0570870192102217,0.27805674815335746,0.35868167170662024,1.7777486231841193,0.0
0.6920159849081523,1.1574127722012353,0.26963741111528927,0.3776395736895469,1.6095234798951095,0.0
0.6711130756849424,0.9222625859179054,0.31644075936786203,0.4150357216193285,1.6010016516917855,0.0
0.6825747551717389,1.096929868220182,0.2971896580822445,0.3911876676592181,1.5831298338165594,0.0
0.6379622372938323,0.7900244459208683,0.2914512434732251,0.417310355409455,1.722313477223732,0.0
0.685870957193613,0.9444532819526503,0.3081244392132205,0.4168877835981902,1.5735681482171542,0.0
0.653893312455439,1.0841904496928574,0.3514325347484909,0.3814028407845208,1.6382923644765919,0.0
0.6258756839321014,1.030827836214027,0.26967576920767256,0.36836335529477365,1.746650900876909,0.0
0.6205010469480359,1.0349013524828097,0.2879627858158608,0.3703183597670031,1.7334392144782238,0.0
0.6832829441876941,0.9568540069325707,0.3132751983396419,0.41472065749065473,1.5729191630539363,0.0
0.5616592173070075,0.9857489914563107,0.2567786686150217,0.3442524553931444,1.9216952899844222,0.0
0.6744053662495813,1.1490650926565196,0.3237403601356237,0.3871548940686637,1.568679784171967,0.0
0.5990852520343518,0.929543040201815,0.24681615249956362,0.36532610137774096,1.8560921785723332,0.0
0.6545600201750852,1.087092552234026,0.27799566200518155,0.37506848278157695,1.6691027794009214,0.0
0.6301863723160649,0.9604064590340391,0.3136338346323761,0.3861074162844127,1.7111270275125245,0.0
0.6552446444735044,1.0546209037450514,0.3226729475168522,0.3888350637994618,1.6235654295429227,0.0
0.6035252801856097,0.9372371941676954,0.30898093883034666,0.3765764605742989,1.785996289702474,0.0
0.6774440408257285,1.2309380813433153,0.24279852653173017,0.3511713769102917,1.6947186300712251,0.0
0.6477296080323273,1.0027285254269853,0.2746260071478457,0.3827755577207934,1.6948344400693909,0.0
0.6671824858672911,1.129958121419079,0.28142568629460174,0.3758453659985595,1.6356592314264669,0.0
0.5540882782261877,1.2273529671032812,0.2746791732815467,0.31426072446687797,1.8949143741809138,0.0
0.6615394277050797,1.1965235332652253,0.3419929070112631,0.3760390563524909,1.5932399136461841,0.0
0.5582935350771548,0.9004303877341349,0.2512249167409637,0.3539419117363902,1.9502810512639963,0.0
0.6626503259107732,0.9886219053583405,0.318096194213289,0.4010541954868669,1.6138053190638753,0.0
0.5995097332075716,1.065994182145656,0.30199392698898664,0.35730841357203325,1.7770971510827749,0.0
0.6343830468274048,1.265647044377259,0.3448803646795984,0.35121593686484387,1.673683374502959,0.0
0.5607272013326708,1.4459457499610517,0.2743247508602649,0.297384605980753,1.8599091120167777,0.0
0.6053356440266308,0.9475835649625978,0.3412512592881314,0.3449945746407348,1.9546513258229143,0.0
0.5968176790792691,1.0881674629105822,0.21958099396216246,0.3287613136514673,1.9175641833078187,0.0
0.6033964810460193,1.1664878743080171,0.30505368525189097,0.3475267537875943,1.754662273506259,0.0
0.676321818403977,0.9935141587014291,0.2747947160933783,0.39574996763443,1.6380666137490787,0.0
0.6500430886035828,0.9463245007525283,0.3255486287808683,0.3984161838858655,1.659761838215086,0.0
0.6586676292701125,1.0654726639923726,0.3413640070246302,0.38912918764398585,1.6142211604549395,0.0
0.5501537393021018,1.0501324846286084,0.27995202932214225,0.33287707782329345,1.926121083312465,0.0
0.6478685017516775,1.0281646930954733,0.2898671246374273,0.3836128794274094,1.670039522747397,0.0
0.6465656785201843,1.0105615646069321,0.3078318298810994,0.38896029101305996,1.6568211674973723,0.0
0.6121733021877198,1.3687636750626395,0.26383953185954384,0.321345014004104,1.768999151155652,0.0
0.6672581013222504,1.0761217571762653,0.30836720680417606,0.39012100546456213,1.6029012001030187,0.0
0.6218628340935789,0.9233643241643099,0.301300655716026,0.3890679276602321,1.7331670273378466,0.0
0.5996373696441897,0.9751338187173524,0.2532442751864039,0.360614756504111,1.837526575850359,0.0
0.5939524435056455,1.1747851633415167,0.2808466055544843,0.3395924152972052,1.7918383045255577,0.0
0.6468688894020589,1.0232323844993132,0.275423019124567,0.379834535791343,1.693471877042957,0.0
0.6255517157822288,1.06863775861324,0.2530232905654426,0.35730627357243205,1.7755470424342235,0.0
0.5371783901070668,1.2768681470479526,0.2866051035055903,0.3005719187294346,1.9404918806782516,0.0
0.6412547727295348,1.0272270712636864,0.23539701472336352,0.3609864741614005,1.7901001645778138,0.0
0.630512139635284,1.0759173249465563,0.3297273694715377,0.37124693516358703,1.6950182709730028,0.0
0.539843641202755,1.286572844318868,0.27401522780105,0.3003614381556015,1.9336691310412377,0.0
0.6301969721893106,0.9834569138775778,0.319765441123402,0.38478397337720954,1.7009283729676843,0.0
0.6217033133389469,1.0142955206372495,0.3046960843495629,0.3758671681050498,1.721077353480639,0.0
0.6082175884095563,0.9916574779845663,0.27093693132743557,0.3672108349508561,1.7870358868405045,0.0
0.5813938763629252,1.3052173553469206,0.2978232876987963,0.3218377566710361,1.804383470349562,0.0
0.6417170479161425,1.2647423240974145,0.30582612707025386,0.35601925015949976,1.6501516440233204,0.0
0.6440275352524227,1.1716208010640574,0.33241167708222363,0.36905195985482897,1.641943735286381,0.0
0.5953376989936038,1.4185606581322525,0.3000885465232176,0.31776509931083496,1.7616892978108942,0.0
0.658481016708877,1.0367224226119542,0.3017955212018225,0.3899479280985427,1.6320042533738603,0.0
0.6265194433854373,0.9122109920753741,0.2934808797203477,0.392291762556621,1.7275717663125998,0.0
0.6226717122497348,1.0175759527228738,0.24749803657295272,0.36100022066055615,1.7974461997950935,0.0
0.5601249924599627,0.9707784661984862,0.25470065651127993,0.34538834069993696,1.9278758515205332,0.0
0.5629645593636371,1.3359275057189022,0.3004941759939044,0.3085225703235825,1.8592125281522376,0.0
0.6337778045917333,1.397572985240918,0.29065265697191217,0.3371383214906792,1.675023035723254,0.0
0.6517462166284737,1.2142185787197153,0.3002846739577166,0.3651037304752912,1.6355611406605295,0.0
0.6056035813748122,1.2692470379834968,0.30129435016209344,0.33784692730070526,1.740043428960391,0.0
0.5997758589194888,1.0759298581142511,0.2790111595406787,0.3533579508804192,1.789608657300634,0.0
0.5901070685728522,1.0500026677460799,0.29726051741608833,0.3523056408493915,1.8143852875792987,0.0
0.5890585011320383,1.3448091527211883,0.28917784006275415,0.32149728221371365,1.7833960041877046,0.0
0.640916936448308,1.0176552228567861,0.2776692630792854,0.37899747388604166,1.7025896022825449,0.0
0.580307121617873,1.0998391599477566,0.2838173639225582,0.3423179546418656,1.8316074998469611,0.0
0.539193277578758,1.4070663360931104,0.2814215838416103,0.29082316949022147,1.9181186694351158,0.0
0.6175764127263643,1.1695526639711522,0.2871998369142425,0.35165460025662154,1.7306855019798375,0.0
0.6538319189144624,1.2346080595462,0.26576218776692684,0.35304472322053304,1.6837713629531417,0.0
0.6208737193532938,1.096733652746742,0.30223992321356463,0.36439793144622135,1.7159372510422306,0.0
0.6428128954833421,1.0117775833273863,0.29821567966611795,0.3856902558533806,1.6733485298836863,0.0
0.6234741851891661,1.2596024419700065,0.29477653531359155,0.3465951917880436,1.701597802882563,0.0
0.6404524616657791,1.3138501278971633,0.31106176219642573,0.3517935822037506,1.644823816270625,0.0
0.6019393742637242,1.0959128300753365,0.3041055400712059,0.35497037190225167,1.766790365769838,0.0
0.6416212686089533,1.0192693851324215,0.29490077598563613,0.3834225978764826,1.6785789560590179,0.0
0.6153138055073353,1.0457076457549863,0.30496728899279485,0.3683800680343541,1.7346686795922674,0.0
0.6038682575134122,1.2802036294367076,0.2761083790320374,0.3310402535394474,1.768502238869206,0.0
0.5427064546578532,1.2802099465549241,0.2795900172465779,0.3036967038703782,1.9202295410214911,0.0
0.6368304153719129,1.3296370709063414,0.3153192024219293,0.349072458323938,1.6499347924296668,0.0
0.6397870393977604,1.1801727096294345,0.31765129855372665,0.36564089205852396,1.6531577190986828,0.0
0.639030042981693,1.002163835238396,0.29210624117499134,0.38410975992441565,1.6890424426835027,0.0
0.6386229272956647,1.245234242566009,0.32838887463526906,0.35854929354073656,1.6493331710707306,0.0
0.6352833860675229,1.1785257000925669,0.2843686385850125,0.3581333151215118,1.6930567136275732,0.0
0.6339217229979924,1.134418197240452,0.2991948056209606,0.36518294766529,1.6846248496493086,0.0
0.5708884562794571,1.0219633358642548,0.2992889907440194,0.3464105832816857,1.8736337027821155,0.0
0.5788519346662886,1.2596495021892296,0.2982370277109172,0.32472965056990427,1.8155657270183665,0.0
0.6256424843648669,1.111160325337271,0.3127870961699856,0.3658563365903121,1.6981290599521712,0.0
0.6153389854613934,1.0644402090821259,0.2924355441602373,0.36468370085191804,1.739158528161702,0.0
0.6108079825076338,1.0772798734891864,0.2608867283653461,0.35232373801399913,1.7934169684344843,0.0
0.641848337965927,1.1172347405934355,0.27927558718078105,0.36666440015453866,1.6907011927495348,0.0
0.5905010598330223,1.043172277511915,0.2708266425837104,0.35220857130192207,1.8236180828082305,0.0
0.5998123879993895,1.1459184208430926,0.3040674195571003,0.34794074214023163,1.7669625895160175,0.0
0.5591518891203969,1.0607898595572747,0.26033697707772635,0.33354243670953,1.9125688454594263,0.0
0.6190820956883256,1.071559515176903,0.30569560100612503,0.36467022529281984,1.7309449267864865,0.0
0.5754271522550336,1.1998391258146583,0.28753951738364064,0.3288532696455714,1.8328484739645472,0.0
0.6208699895073986,0.9890095239216207,0.28062877774689293,0.37539026559889593,1.7452733636280455,0.0
0.6099535935309315,1.2028375366097823,0.26185873940336285,0.33810493493078986,1.780983566927762,0.0
0.5896280699354479,1.1517166750718364,0.30581570978796185,0.33706761512890865,1.8173702188558445,0.0
0.5832238578075971,0.9888735254980779,0.32398613333822496,0.34680334708971405,1.9020229769665773,0.0
0.6320426606296281,1.2584843097908665,0.2911517602082012,0.34947655822189955,1.68904782975498,0.0
0.623102542004462,1.2181610425235427,0.28939646035028865,0.34927385594918764,1.7117700811131866,0.0
0.6040808344797668,0.9769887835371068,0.3064578985167206,0.37137426954767766,1.7766263283682204,0.0
0.6010721139954835,1.2058198875821087,0.27686847498189937,0.3384648820195856,1.7769992868324267,0.0
0.621006855650185,1.148847642761825,0.3143322347923489,0.35706504961736957,1.7147938779587455,0.0
0.6136019655170037,1.099725406804673,0.28899953417822494,0.35872091666912886,1.7433548169789765,0.0
0.5619620938261597,1.084279826561669,0.2574961031420209,0.33117115348353254,1.906770194539127,0.0
0.5433290851286972,1.3150413174870272,0.28504061621720744,0.2999927387507965,1.9180629910075861,0.0
0.6259602621759444,1.2368324697621584,0.3010160282096813,0.35106753061833995,1.6918710530535979,0.0
0.621873615753859,1.0409944420793482,0.28876606436442537,0.3703107111901014,1.7288096087284146,0.0
0.6282088596879795,1.0497052287507713,0.30069636155976487,0.3740264532951445,1.7026076949972697,0.0
0.6340306244269996,1.3019460413559225,0.30773362889035477,0.34943235131063544,1.6630903058987714,0.0
0.6301469315910093,1.1127610144270184,0.2723473536468553,0.3602933701659866,1.7265273380623014,0.0
0.6127920078909698,1.0681157432035395,0.3262717649337805,0.3618095368468038,1.751224928391319,0.0
0.6293469761903765,1.3181014246888276,0.3133259189886194,0.346194732918903,1.670256876555184,0.0
0.5687368056973361,1.046608862694576,0.26123332884337047,0.3399057869381299,1.8888207649554944,0.0
0.5342651736846495,1.3531949636990228,0.27509330339437854,0.2927075989291476,1.93856600784917,0.0
0.5462215086303215,1.2849113390040592,0.2782663700236774,0.3050126695284963,1.9096415564400546,0.0
0.5969056406632157,1.3708598127132567,0.2463302989903202,0.31029970694624964,1.8295744557686815,0.0
0.6036317462845673,0.9882236165676191,0.3090094837787996,0.36786240998424363,1.7834561005751948,0.0
0.5369353884851862,1.1997016007205132,0.27487289688585403,0.30806925380987055,1.9489883253868037,0.0
0.5944328484238838,1.110929952893695,0.2887172932565716,0.348269809915438,1.7904131097547946,0.0
0.5893076782810043,1.2637940565267491,0.30263530645261794,0.32879777571335134,1.789442174295587,0.0
0.5426562487608019,1.2870372048314793,0.2745585291014226,0.30286141223487034,1.9211143776529376,0.0
0.5373670306247544,1.2126568854152149,0.2884827808986445,0.306194851155696,1.9510319494130166,0.0
0.5745808511595851,1.1459776023574162,0.29361907880463,0.3341493563311863,1.8408509052193753,0.0
0.6202637029504794,1.028738743523195,0.2750479736280719,0.3680407097489988,1.7504453575812664,0.0
0.5833794544073574,0.9935507250421344,0.28807443605300764,0.35788136560199646,1.8348892665593646,0.0
0.6107116546524931,1.0487760624965772,0.3218778741267218,0.3638994606207771,1.7557777470960052,0.0
0.604235960165402,1.0502082049708037,0.2791858682883034,0.35917000782488934,1.7800697204910776,0.0
0.5869942966145253,1.1722995911722343,0.2811537841200205,0.33670509120788156,1.8089531573313642,0.0
0.563733124441163,1.1403365597763226,0.29048040753952564,0.3271775058274411,1.8820426619886153,0.0
0.5664521283546522,1.190620865825884,0.27247771615046773,0.3233031398036836,1.8686798391359305,0.0
0.5925721792651428,1.1261009769236634,0.2986901388983215,0.3461902678037153,1.7902523478581316,0.0
0.5806663629910246,1.357804283160299,0.30093156763356915,0.3165827473750043,1.8014465851734511,0.0
0.5948798731199321,1.0495757891103168,0.26699148702486625,0.3511097466026195,1.8221022812750804,0.0
0.6242633387274873,1.0852211120848956,0.2963078404814621,0.3668724544567252,1.7121718821967882,0.0
0.5878131175554762,1.139494151859581,0.2914815021986765,0.3420322443693008,1.8034459076662783,0.0
0.5460054296277111,1.247358242243071,0.2704825012176561,0.3078403013255593,1.9178897340897052,0.0
0.5453563663215314,1.4088319495276749,0.2839093821666883,0.2937189986473256,1.9000217023062473,0.0
0.5937807604195384,1.2184682690702004,0.2707123003788656,0.3324582329060782,1.8010945625376873,0.0
0.5898022256482915,1.1188473726894825,0.28682498282807023,0.3447645121801571,1.8031653915996197,0.0
0.5794364647015915,1.0684933745270404,0.3065540936213517,0.3446024225158432,1.8440325038820844,0.0
0.6048797423262433,1.145975405819044,0.3097637719308532,0.3506097347131366,1.752895253763238,0.0
0.6043491079362632,0.9929037787436474,0.2638002621754123,0.36339082417915736,1.806540917946272,0.0
0.6050114781900815,1.0653750293290611,0.2812898959261341,0.35799364051489757,1.7746396334120378,0.0
0.5361958358420773,1.2025887719542694,0.27817474438466433,0.3077665754532364,1.9493632794372362,0.0
0.5453539876589948,1.1334578111333744,0.2881733011419878,0.3195407073413992,1.933569295294527,0.0
0.5940418823297583,1.0681464656390038,0.26190153816533984,0.34807310334524044,1.8263858379871947,0.0
0.6090566926651357,1.2941750258588056,0.3101937333424901,0.33753259492167476,1.7267762039069487,0.0
0.6156610497877322,1.052766073914523,0.2988659509982334,0.3672819641190557,1.7352879248465773,0.0
0.5469580596611119,1.3628979972299855,0.2842705621471935,0.2984804295713448,1.8991533229897954,0.0
0.6150387369899162,1.0229038137555106,0.2954746964486587,0.37055459032134647,1.7419105356384652,0.0
0.5815361257276437,1.1145994185325858,0.26677329154285,0.3381102508500783,1.8435710714195435,0.0
0.5501826165581511,1.0781773736897498,0.25645550990654703,0.3265623696681563,1.9382781492351018,0.0
0.5441397012177758,1.2136891872132147,0.279263346794046,0.3109653950493805,1.9232900499037615,0.0
0.5896337869012493,1.1643606078139908,0.3034907634361066,0.3402951761710507,1.7947853935612095,0.0
0.6004818225101587,1.1222743598644496,0.2678218917774697,0.3454878415326683,1.797529446538579,0.0
0.531542706455491,1.301840832508554,0.2773325101479163,0.29587334257136716,1.9518734375338198,0.0
0.5714571522556149,1.0706419884932525,0.3001044703745114,0.3405341344301357,1.8644845611870136,0.0
0.6017897094388691,1.225154273596712,0.2798423729513662,0.3360007436692192,1.7753421634923503,0.0
0.571904508191736,1.2108426946159483,0.2897789090154409,0.32598718350454636,1.8411086972833046,0.0
0.5769194894564953,1.2403799456687994,0.2727374400958186,0.3231950499344285,1.8365775412027974,0.0
0.5638027686653204,1.3297956209089545,0.27271919104533326,0.3084238779498222,1.8624151424264748,0.0
0.5938848657536246,1.079871500565691,0.2695231619239635,0.3484648229059092,1.813850857049269,0.0
0.5894755169302605,1.1682060581510638,0.3115529738474899,0.33875346907575743,1.8012381753014293,0.0
0.5892470464049031,1.1382944996641096,0.25841917432102196,0.3360414598742728,1.8368606912635281,0.0
0.5822835133019642,1.0638115726686799,0.3048172571873467,0.34715590624256876,1.8331744332290905,0.0
0.5920089605061762,1.1281027985547334,0.28267808516403686,0.34433820892524936,1.79916421234735,0.0
0.5513917609788326,1.1332154898840927,0.2844029910797422,0.32344298956027523,1.9115286779030907,0.0
0.5897075014247586,1.2092017039415144,0.30905270079420155,0.33502498416063564,1.7920964762970626,0.0
0.55226113130801,1.1838683901127678,0.262687710519271,0.3162147043395048,1.914597684783689,0.0
0.5676437787099229,1.083063604437051,0.30294510070579234,0.336071262757101,1.8797519617497118,0.0
0.6089095088780458,1.1054887351189235,0.28471029577499507,0.3552410932247033,1.757877908002691,0.0
0.5472678084011442,1.1929875843611477,0.2535735670303436,0.3107806104984304,1.9388561936753141,0.0
0.5618266670648892,1.1044442890953317,0.3054565639464598,0.3286693082144948,1.9038857887059264,0.0
0.5383761099274864,1.2315006011641532,0.26292275531123604,0.3049339407719348,1.946076714875118,0.0
0.600391038859792,1.1786078028588731,0.28950391986389284,0.34358247899229133,1.7679943783340475,0.0
0.5996295001675463,1.3825705748122625,0.31843046721356644,0.32411148259584105,1.7482839313118217,0.0
0.5408750924628405,1.206300191320162,0.2743818426090726,0.3093737797866158,1.9366139954028316,0.0
0.5822228313478677,1.1636473261973863,0.29826514647458574,0.3363717028914087,1.8161668287140604,0.0
0.5990088784250589,1.291467618234674,0.30276799956113376,0.33245689532305855,1.7551842130566357,0.0
0.5788971010644247,1.1714057567605929,0.2892600314325647,0.33348074269056843,1.8284854065019098,0.0
0.5616567117226245,1.1862016253416836,0.26794312433175793,0.32102075644576583,1.8850681209747957,0.0
0.5819365320985024,1.3833989479832207,0.2656666189297398,0.3098060181758903,1.8245722958232204,0.0
0.590019819745105,1.1565964208693844,0.2819192901292848,0.3400381799719191,1.8021449854435314,0.0
0.5964677032466366,1.1466026329577477,0.30455784242516865,0.3459447136547578,1.7767966678621339,0.0
0.544895008695701,1.4321751382418013,0.26720458971606376,0.29027186095006463,1.9079261011474717,0.0
0.5893791681645784,1.1192950905058239,0.2811463929284583,0.343959734667093,1.8079066785351952,0.0
0.5664906329450099,1.1291186979801886,0.30067310060712055,0.3307208902125102,1.8732410188716662,0.0
0.5470088371294259,1.1603670148940346,0.2926758518150181,0.3168421664211596,1.928641822279699,0.0
0.5364929359854195,1.2884878637638186,0.27919509119923236,0.29950583465790415,1.9386186491367996,0.0
0.5869306659591991,1.175339411449941,0.29099848640015297,0.3374598308811579,1.8024032760595265,0.0
0.5516289307665018,1.1593901534868805,0.2798618025219447,0.32062603753524194,1.9072498971464587,0.0
0.5550421524648089,1.2212420459578002,0.2798290159528561,0.31566805657470753,1.8907470479194963,0.0
0.5884119175526249,1.0955838032835359,0.3164973418431832,0.34466221158469523,1.8219161845383849,0.0
0.5669328055363794,1.35243869913929,0.26400710615348094,0.3059304670742226,1.8634075895573785,0.0
0.6019947463036565,1.1380090605313111,0.30445772132632676,0.3499480988712589,1.7617144644790812,0.0
0.5503844778568228,1.1352222370100944,0.28179349543423615,0.3227407555061144,1.9138957630951339,0.0
0.585738416167417,1.1705437280604163,0.3019416322778036,0.337499478038255,1.8054441022155505,0.0
0.5879468290008797,1.3918681804583324,0.2999502459241899,0.31773933518887437,1.777716134534156,0.0
0.552465398297894,1.1313458261408655,0.2668670712035394,0.32305840173838746,1.9150188804362098,0.0
0.5677102326031455,1.1344432738764323,0.2882555202256298,0.331698898564882,1.8628630703900853,0.0
0.5928677539476521,1.2268760128403646,0.311816051762752,0.33494327819995334,1.7814975661134695,0.0
0.5894462941937105,1.1553723424733537,0.2910165563898147,0.3408279696075687,1.7979180888926316,0.0
0.5673639279987595,1.2648639454336734,0.28596595123488183,0.31781913522223015,1.8497926223346843,0.0
0.5422143328808265,1.1761680660306448,0.26808566975781456,0.31327375677067987,1.9371363320209973,0.0
0.5511906770610514,1.2057809503893422,0.2790244284190368,0.31544593516318314,1.9033386780142822,0.0
0.5751098136592451,1.187664751109869,0.29155701445988524,0.3279564023252532,1.8431157115258014,0.0
0.5623586880108744,1.1140194832101984,0.2841416888642844,0.33150975362423857,1.8804698618563043,0.0
0.5682803516528327,1.3381833382361925,0.29669449961937616,0.3117183178828593,1.8391752813113558,0.0
0.5699708051567425,1.3071485413377244,0.2977864809688727,0.31532881906404087,1.8375222268322398,0.0
0.5674576929113169,1.2416225567292707,0.28080361307697077,0.31989053816392105,1.8536981466113926,0.0
0.5397280441352734,1.2723312178554556,0.28525773521285525,0.30243320591939915,1.9321030445117517,0.0
0.5349639871061276,1.4130927296275442,0.2879625969204931,0.28766257317961474,1.9333062381341473,0.0
0.5299628807102214,1.3865477017554801,0.2796391022374044,0.2869740452189268,1.950971641637433,0.0
0.5782699187863216,1.2536410494618606,0.2878735014884984,0.3242714413278901,1.8211049371637762,0.0
0.5397791294247152,1.1491741891843368,0.2681935053808116,0.3148898081373152,1.9501407187159703,0.0
0.5592505687249346,1.3594190915623174,0.2823865251907402,0.3049748260071868,1.8646313938002606,0.0
0.531156940862805,1.3127887655545267,0.27207094042805013,0.2931660687143311,1.958648950025596,0.0
0.5625071285513743,1.2354927612119564,0.29324502947697395,0.3181914321297881,1.8684006191783569,0.0
0.5838688324212508,1.1863798993576793,0.2983126165595648,0.3349480535388045,1.8090321932835138,0.0
0.5915945360260655,1.1639358591501912,0.3010110440237751,0.34150175033297675,1.7886051400158602,0.0
0.5451398259534247,1.3035945397745212,0.28362287655973245,0.3019833698841442,1.9136917945229137,0.0
0.5834243718439274,1.1467593608189044,0.28935192285892336,0.33881158072899265,1.8154864690751122,0.0
0.5644754283107106,1.1577802602573417,0.3015820623279878,0.32559222605683685,1.8791661907789505,0.0
0.5679560589361352,1.1514213235665574,0.31061638659838525,0.32615480665993446,1.8819153892961922,0.0
0.5654127268067113,1.2012949656151901,0.27003277105287515,0.3217010210830627,1.8714929520105408,0.0
0.5605975623837283,1.1390769881048093,0.2655614611413832,0.32564941917352586,1.8943682360691585,0.0
0.5409133774041511,1.4305346379923995,0.2810720383632931,0.28986593490913565,1.910892537555816,0.0
0.5631061379081624,1.2297631686180248,0.28683723197431826,0.3192865499976063,1.8648329377243034,0.0
0.5436601556757906,1.2175030725063387,0.263662664824331,0.3088559246458663,1.9327415470184488,0.0
0.5633757232734142,1.2056488996620904,0.3019034570175513,0.3204894943189934,1.8745440492044678,0.0
0.5637052220932897,1.271685103533673,0.29630795010488553,0.3152376955367643,1.860136390537458,0.0
0.5335320129294308,1.402870934040775,0.2734879087552972,0.287937241599081,1.936911726793372,0.0
0.5215078573353842,1.4166500483438034,0.27563712355014575,0.2806097065038386,1.9719312535917035,0.0
0.5667518351244365,1.3449528479909265,0.303413029425268,0.30928547232422454,1.8480810480529768,0.0
0.5474694859600318,1.3514399871663323,0.28487896886716235,0.2993506517750409,1.9001447888921885,0.0
0.5571189693513819,1.2713536689124605,0.2812912116193939,0.31197463828401034,1.8789400201687898,0.0
0.5377744767994703,1.2913429666351908,0.2528405149737763,0.29660373356717906,1.9545547974460462,0.0
0.5402660396156858,1.3031224925186204,0.28480539234234803,0.30013627864984993,1.9261250920584723,0.0
0.5835321895859025,1.2385410185823034,0.3019279133911342,0.3292923643945552,1.8045221406263265,0.0
0.5592060378747623,1.2553773487091648,0.27861378692249045,0.31431752806367735,1.8759220315764875,0.0
0.5638077952965137,1.2244838102625115,0.30841887086682596,0.3169811472137024,1.8811776930777515,0.0
0.5616743388893597,1.2175800576080806,0.3105170262488389,0.31510546403763656,1.8965756462445977,0.0
0.5444582365109281,1.268412658322867,0.28431265560572555,0.30568468394007636,1.9166577076015987,0.0
0.5326367163352776,1.2691782617196377,0.26949629177009554,0.2992424944382868,1.953561435595195,0.0
0.5717641343812074,1.276107994121942,0.29477555443735953,0.31940372858430427,1.8344488318848546,0.0
0.5518337309845855,1.3147730561899185,0.2903326225870919,0.3050522253233503,1.890381752505761,0.0
0.5780713584169761,1.259883723824662,0.30225455311356614,0.32410776471465136,1.8191047894092516,0.0
0.5604676070973218,1.255551590793356,0.27789174518808474,0.3148841246694014,1.8728514337286368,0.0
0.5509986561103081,1.2336154700886706,0.27994590338825576,0.31246707364187015,1.9007483307023627,0.0
0.5462462137831523,1.345432350336568,0.2874013092063674,0.2995571006944231,1.9035267178416841,0.0
0.5524361327833467,1.2203191912996654,0.3094855628818814,0.3079677468794559,1.9362463863409,0.0
0.5564305358069073,1.4000218919129022,0.288568754280439,0.30043422315278984,1.867848175416154,0.0
0.5462866230358525,1.2386599396156117,0.28680098929488623,0.30939148568210717,1.915292261215244,0.0
0.5604422881506982,1.3371049452133321,0.28198794278534434,0.3075372376619919,1.8634001799397195,0.0
0.5454245013614176,1.2620560628055948,0.28120571941131367,0.30687660437300407,1.9139747812748238,0.0
0.551773543123308,1.3928184522226117,0.27058445789535757,0.2970969151199933,1.8900717165789969,0.0
0.5641315530402844,1.3106061079736293,0.2999940534260386,0.31118923355917183,1.8578104929637624,0.0
0.551071816665393,1.283442223966866,0.30440443559995173,0.30423744549817583,1.9146380442777386,0.0
0.5663414336749125,1.295440113137017,0.2797735697753197,0.31403080065838956,1.8523868280356044,0.0
0.5558624545014703,1.3003921049764366,0.2802827048680573,0.3085267716751466,1.88009257021646,0.0
0.5606425139379367,1.3604814457874932,0.29048489715714315,0.30591528346917374,1.8588192421950107,0.0
0.5459524186964493,1.3136953761377341,0.2673498695235531,0.30101929751592593,1.9144276971145942,0.0
0.5252770076668999,1.4275320689604651,0.2762716615332353,0.28200006364646685,1.9582890404958808,0.0
0.5383491350363382,1.3766378424684838,0.2705963765843791,0.29234569821877465,1.9268658711106992,0.0
0.5440245090784178,1.3593509460233364,0.27961790305197415,0.2972820870871996,1.908518403669141,0.0
0.5584033120301898,1.3092839678546933,0.2773743322124394,0.3086478759188093,1.8738981390528244,0.0
0.5700601569799613,1.2056775411224274,0.2952430242983285,0.3253538080612426,1.8474127681980899,0.0
0.5336732989160646,1.3283147003118334,0.2685565456026152,0.2941366060023763,1.9453792903130684,0.0
0.547024273963172,1.2895179297257604,0.2952190101321131,0.3038016489588304,1.9132702670642796,0.0
0.5244717906457355,1.4474530095663323,0.2790900625834475,0.2798917940920417,1.9594928842899302,0.0
0.5492581054537844,1.331402624832679,0.2657699542184748,0.30067207597386775,1.9063275667818962,0.0
0.5669476681536025,1.2981946708560546,0.2986910700713913,0.31446620174509576,1.8480982617777435,0.0
0.5136317179301533,1.4944322387577984,0.2709029983586562,0.270753927744303,1.9886729388890083,0.0
0.5554798427110762,1.2907951354573215,0.284732070893253,0.3094025404634682,1.8809296973087803,0.0
0.5406880914066541,1.4558386304813005,0.27366958030776817,0.2872637261933355,1.9121619070473528,0.0
0.5157324717005077,1.4731531552143744,0.26881864111669596,0.2735093461457914,1.9838710969145221,0.0
0.5276377890236389,1.312227838203991,0.27073119085193154,0.2928004016879461,1.9632384842281447,0.0
0.5561184172620013,1.413103175463597,0.27740452148139666,0.2985056453080732,1.871689670193296,0.0
0.5577511495563403,1.3156225625055644,0.2791411797656372,0.30782669276227853,1.8742758449017154,0.0
0.5194901772805087,1.3863591356168017,0.2693887424078576,0.2818743988911725,1.9818010476824288,0.0
0.5513240554930954,1.338757798452404,0.28253559553882357,0.3028626735115336,1.8886845667321046,0.0
0.5365128590821617,1.3108375220014545,0.2691110204407705,0.29711415104692507,1.9387745791067308,0.0
0.5548590372930925,1.2921560086072932,0.28451661965761554,0.30897098882484814,1.8826220994208234,0.0
0.5506498394452641,1.3058265910916984,0.28575872658650625,0.3054158323908742,1.893867948709346,0.0
0.5557025090508005,1.3434033694268397,0.2881390409790777,0.3047660482814585,1.8759994929628687,0.0
0.5373485374178641,1.4291799682200226,0.29252399850806415,0.28699494687666227,1.9276321566477599,0.0
0.5357237158449062,1.3734798754516915,0.27386242588086807,0.2915985814478218,1.9328295044615775,0.0
0.5497230126325255,1.2677648019548988,0.28190035185025114,0.30853697727562895,1.9005070760146399,0.0
0.5460061689592882,1.2876639873169666,0.2881329204719013,0.3044543115217654,1.910940392828013,0.0
0.5544175336654013,1.350249588368346,0.29363804659374454,0.3032208383315909,1.8797823177208108,0.0
0.5413312483592237,1.321173370174499,0.2801029484979926,0.2991869729390107,1.9201375344834215,0.0
0.5436284212043077,1.527173034216612,0.28184760380264823,0.28401695779608693,1.894910996493719,0.0
0.5378864354233294,1.4793680379106393,0.27851346816453654,0.2845086080237601,1.9159889846952947,0.0
0.5167624278793318,1.4829544435486004,0.27278045577568955,0.27347023786482677,1.9792080580142017,0.0
0.5365158167528912,1.4605541031234248,0.283787992509956,0.28522673722067327,1.9215649446263232,0.0
0.5458622926606447,1.4332386515490863,0.2742446831672789,0.29161967173629183,1.8994309620470649,0.0
0.5286936110043963,1.4246813043152606,0.2746274129019981,0.2839726197308306,1.9483978741545678,0.0
0.5352894064356698,1.3444675128004029,0.2828004032383522,0.2939035848776138,1.9366925791377194,0.0
0.5230999470038665,1.482659496284337,0.2768006456436158,0.27667971827652166,1.959917531192141,0.0
0.5470284072486731,1.418103293911974,0.2864443665204374,0.2940076635444832,1.8937971550286419,0.0
0.5407298599783922,1.3551966779138893,0.28484125874558947,0.29579274458479643,1.9190799565434007,0.0
0.5341068099608629,1.411777824184201,0.2764617172646795,0.28780488832874496,1.9334043021370564,0.0
0.5428777469350767,1.468480504704777,0.28109502501234757,0.2878833512289944,1.9019717108653813,0.0
0.5242932653967127,1.3991069788069952,0.2783839615140033,0.2836908540669539,1.9648598877282994,0.0
0.5463480716166699,1.3402261252261771,0.2999696777108127,0.297858330637184,1.9159996501711745,0.0
0.5306273120684074,1.546446973688846,0.27659149589411003,0.27597179427990487,1.9320699411415923,0.0
0.527527528733037,1.3428069892779133,0.28212640424515684,0.28980251065296775,1.9619169426635634,0.0
0.5135795149601321,1.4903525749662747,0.2729356544136811,0.2712809810912736,1.98833621373812,0.0
0.5375565464744823,1.3725687807904285,0.30243620456168785,0.28818301978363287,1.9533946475132802,0.0
0.5178540228540891,1.4181459772798914,0.26794944184925407,0.2788107178698649,1.9827108208135897,0.0
0.5138649901588912,1.571206526626039,0.2704633049299693,0.2656392349804111,1.9811012892582642,0.0
0.5157258194516655,1.4515123516009822,0.27072091009784827,0.2752421373741304,1.9853631640570977,0.0
0.536131398909368,1.433743340959222,0.27481847435708695,0.28695470880733376,1.9259992761994074,0.0
0.5282918777619374,1.520116554977514,0.27316775068323146,0.27642599039136284,1.942110627821872,0.0
0.5338368536265982,1.5485503884550749,0.28880467209227223,0.27554003004578487,1.9315032215149124,0.0
0.5162182762523069,1.4275582758753373,0.2704761411367499,0.27735681539817164,1.98614062227677,0.0
0.5199415327724025,1.4589809982971298,0.2714714084822265,0.2768138453241715,1.9718931901748682,0.0
0.5274811511755981,1.4162264470023864,0.27478224992497535,0.28401619994285526,1.9527477625405427,0.0
0.5468999526492089,1.4276725173785396,0.27898142051752706,0.2928160994711463,1.8949873062922675,0.0
0.5230419510936337,1.5240386031766129,0.27404041556068487,0.2736965321028216,1.9566121204912739,0.0
0.5212915821980436,1.3709231926848835,0.270743573819321,0.28452285804011224,1.9762877420897207,0.0
0.524979064659489,1.4287559627425244,0.2765778897717365,0.28176183378738456,1.9591028256408816,0.0
0.525660915154279,1.4388599009627943,0.27403421509091425,0.2813050508904159,1.9562080718937462,0.0
0.541241770515161,1.393121811323746,0.2882713638825783,0.2926011890860631,1.915211929880483,0.0
0.537889975936602,1.4502183097776808,0.27932551643198433,0.2867302034490723,1.9182793818408703,0.0
0.5336095136879461,1.5097302733328193,0.28229219326791216,0.2801119115663699,1.925872633017702,0.0
0.5360405851568452,1.4547181178455566,0.2869815209617434,0.2851068761764417,1.9249355141474924,0.0
0.5317972238397428,1.5132457500662466,0.2780076820957512,0.27892977878497427,1.9310546708341862,0.0
0.5407660918814379,1.469422546949903,0.28180646237392243,0.2867869603612348,1.907881078504142,0.0
0.5299572196011302,1.3944979009295995,0.28953209734524066,0.28579081030862813,1.9542904729379407,0.0
0.5358354784203946,1.481365083489532,0.27456746731252835,0.28292323082007403,1.9235809038177194,0.0
0.5309065430035034,1.4033677590639282,0.27374741935028735,0.28672407959003704,1.9440609718189545,0.0
0.5364802121787721,1.4338970577162422,0.28078186232128555,0.28726768010406933,1.9238279622184296,0.0
0.5179277173617443,1.4743224834124622,0.27148200205118017,0.2745023787794138,1.9769824697758438,0.0
0.5426725248767758,1.3898614681895058,0.2882105216973784,0.2938174470229433,1.9105517286099336,0.0
0.5153030732494571,1.437921816775996,0.2675323435791368,0.2759751524606069,1.9885673712216716,0.0
0.5349461131392252,1.3693924344465869,0.297554527313645,0.28867826956591003,1.952076267297834,0.0
0.5308840184877175,1.493001899701999,0.2772056009317958,0.2799477263647565,1.9355279924188604,0.0
0.5287791887955361,1.5176723811726194,0.2724520762589128,0.27687445408916417,1.941015818353342,0.0
0.5279809172506695,1.3742489080971156,0.2944865679491667,0.28464784827031164,1.9729686997782512,0.0
0.5330290216344925,1.3690146484194283,0.30221138814739434,0.28503096721858195,1.9738240409070869,0.0
0.5320235620850702,1.5099265329400549,0.2733768016478285,0.27906067598875034,1.932056048982951,0.0
0.5251461106636132,1.4874693936150816,0.2782109896224369,0.2773716223827887,1.953312531833693,0.0
0.5222790643707704,1.5220937754692074,0.2751516756485354,0.2734687346522162,1.9589132965863383,0.0
0.5282971210021433,1.3890527546309244,0.27926051532928103,0.2866006297211834,1.9531225140197803,0.0
0.5215190701182143,1.4291621414576736,0.2698911460111322,0.2798332767597075,1.9703140765537577,0.0
0.525017027265023,1.4346239991447627,0.2753557453754536,0.28128968530607584,1.958452513068918,0.0
0.5323181485664468,1.3722265119661385,0.2970292716758514,0.28686309762389445,1.9612896759983884,0.0
0.5236641872044359,1.4066089035696128,0.2751923412087909,0.2828580188891671,1.965266032853316,0.0
0.5228786954371161,1.5530541344618753,0.2746441659891009,0.2715970155598865,1.9546337946470387,0.0
0.5358345704927614,1.397457583719468,0.2884062561737018,0.28927763839214937,1.9323147871436774,0.0
0.519391498232086,1.425182718742198,0.27364912262102525,0.27918732368271443,1.9765491504781836,0.0
0.5177917429264354,1.472450531892437,0.2753425295187658,0.27472938196152674,1.97714940600791,0.0
0.5239817870003076,1.36670679349457,0.2775706909177693,0.2861954591291474,1.968692991460811,0.0
0.526461855294393,1.5613008612588386,0.26977592897789116,0.2724927964948565,1.945589023296493,0.0
0.530228900056076,1.4936954588204219,0.28109745705011785,0.27952635021210237,1.9374657046445172,0.0
0.5269903603321342,1.4662304658927552,0.2753919854179944,0.27990796604642276,1.9496182487845979,0.0
0.5325181929334692,1.4507994207417045,0.28379170791381225,0.28379919806295933,1.9350108404146258,0.0
0.52160307457172,1.4791727663249634,0.26948172544280136,0.27598730469044486,1.9659294273977617,0.0
0.5164560700240233,1.4369221866628563,0.27799123501247197,0.27639862313191094,1.98610889899533,0.0
0.5266702375291958,1.5173463915373047,0.2796542973084044,0.276005316839895,1.9461321743016895,0.0
0.5207135004469661,1.481292453773355,0.27088905325173585,0.2755218790091757,1.9678128671192667,0.0
0.5237358111487149,1.4417702383616657,0.2815579914616811,0.27974695189865173,1.963444405014935,0.0
0.5244942586835117,1.4454434429254253,0.2723662901680558,0.2801772368306709,1.959444879402047,0.0
0.5214803045709928,1.5026275434065157,0.2726221089786403,0.27439159450467826,1.963299292943088,0.0
0.5250408896571817,1.4349761481562804,0.27214850657521505,0.2812433888564081,1.9587990811504055,0.0
0.5188883786529296,1.417982040054969,0.2803325328449419,0.2789594957247657,1.9814172439322373,0.0
0.5355270962223726,1.390027015348366,0.28381946403800407,0.29019852880163777,1.9315537414789528,0.0
0.528090023309371,1.4473095732020667,0.2784870538748635,0.2819269608576472,1.9479426233505834,0.0
0.5171464442780644,1.4410940919305097,0.26986472474861034,0.27674182407832276,1.9821764241723536,0.0
0.5201284920473837,1.4441691296004184,0.2729955962005177,0.2780423200762094,1.972511944693292,0.0
0.5250575952648641,1.38702065507576,0.27643248945587023,0.2850246836132283,1.963169542412077,0.0
0.5149026669673596,1.4699554221711495,0.2726871479484426,0.2733925424665776,1.9873722020298141,0.0
0.5269976615111402,1.437618477607184,0.2754755662057738,0.2821075063880102,1.9521459690397376,0.0
0.5188856093809014,1.4672612183673985,0.27221006474405274,0.2756808562740387,1.9741967660530069,0.0
0.5186865118419695,1.415388129378247,0.2860262209933385,0.2781332631420764,1.988189814421154,0.0
0.5248804073961753,1.5205607950938942,0.2717304383454155,0.2747165769623867,1.952213343390998,0.0
0.5267266238096838,1.5255839068683075,0.27498483527758016,0.2754325853823512,1.9454640272783046,0.0
0.5254999285838513,1.4813730346071932,0.2776737145398297,0.2778795163205634,1.9531190988172749,0.0
0.5133465016825671,1.6156145162967577,0.27414459880185166,0.2625540283473478,1.9787398698853413,0.0
0.5249346434026787,1.3978519601455999,0.2755696754583168,0.2842000010168834,1.9621778819971551,0.0
0.5251989426894963,1.471566632512306,0.27165161813269684,0.2784970825861428,1.9553439587107062,0.0
0.5260924668519199,1.4486379385549126,0.27612022117921886,0.2807891322724614,1.953836543858368,0.0
0.5199275201169797,1.4741385700943275,0.27102922135001883,0.27567399267750664,1.9707128189592922,0.0
0.5228626761923896,1.4430581634386939,0.27334232619675347,0.2795520455148688,1.9642887732649934,0.0
0.5164247480542252,1.4290404930200749,0.2765416601873276,0.27719674546861994,1.986136164570153,0.0
0.5293302950225502,1.4560967813760877,0.27571445901056557,0.2818683278174988,1.9435176097305105,0.0
0.5236291526489385,1.4914430218958892,0.2770501420784349,0.2763451387145949,1.957487119727754,0.0
0.5260054021685473,1.5116060956246067,0.2834635532155226,0.27561703059089815,1.950715315631615,0.0
0.5223531431624759,1.4291425984120365,0.2759520726080233,0.2802765042866004,1.9673199903270437,0.0
0.5199789376848093,1.445149112830076,0.2809974623173886,0.2775065033519558,1.9751044351121478,0.0
0.5191996169850608,1.6286197064775196,0.27558293518013616,0.26485883038108016,1.9595563408519536,0.0
0.5207595424019249,1.4360593898504375,0.281811446145387,0.2785658712451109,1.9739901675116238,0.0
0.5200748497879955,1.4423855809748012,0.27548004860558045,0.2781647938796454,1.9728879520216998,0.0
0.5127917972738121,1.5905537433341488,0.27354112347596216,0.26398829837368404,1.982108679629572,0.0
0.5217453202962781,1.4453411559407028,0.2781157471672283,0.2787070454327083,1.967921030715409,0.0
0.5162649152241512,1.5392943479276124,0.2738029083171964,0.26909689172735596,1.9760006314650875,0.0
0.5114687295023401,1.5285033252452147,0.2771147211081157,0.2671730069742518,1.992991935263071,0.0
0.5214182708479147,1.432384648538811,0.2797080477553519,0.2794217637058728,1.970901433958127,0.0
0.5208020101221325,1.5403062912654069,0.2680578500621306,0.271059576733544,1.9640267664180582,0.0
0.5150427551378876,1.5710120080867849,0.2751711202029683,0.26639977578961677,1.9769073264662302,0.0
0.5103814202753553,1.6231325999639483,0.2730062350606332,0.2604141530646433,1.9879293770368776,0.0
0.5242802763724275,1.5770302064418384,0.279363279660669,0.2707010347667768,1.9483754774938806,0.0
0.5164623624089345,1.6687304444805702,0.26944817657434905,0.26076377135280454,1.9662093733126345,0.0
0.5193045922214515,1.5930679605934976,0.2726885917791875,0.267118012983853,1.9624023197798999,0.0
0.5193736598618818,1.5763777448569054,0.2729074616794195,0.2682401324142649,1.9634452870107655,0.0
0.520516476706138,1.5777944409036697,0.273500202142033,0.2687533641055668,1.9598527373750774,0.0
0.5152372424285222,1.5992632751033287,0.2700187568238823,0.2646136757162794,1.9745895294071878,0.0
0.5140281881006826,1.578279101228417,0.27309481759490456,0.2654572175347893,1.9792907209410935,0.0
0.5201567158645222,1.5871526315795372,0.28079299810340186,0.26777605193744497,1.9608669449686846,0.0
0.5161979969220756,1.5839288226139285,0.27346764288622943,0.2661716707467781,1.972234564462635,0.0
0.5217445439088633,1.545065208428794,0.2808695856762076,0.2714119849124176,1.9594988824626272,0.0
0.5169202714452297,1.584609903621571,0.27893491983583,0.2663460620889722,1.9707055799284738,0.0
0.5191252956705514,1.572944761900996,0.28199671939188187,0.26807119754446457,1.9660023182488178,0.0
0.5165194293280301,1.5301537149850304,0.27154695653985444,0.2699521305895016,1.9759389602145656,0.0
0.5186844098310504,1.5746048910969266,0.2764360641931231,0.26806898013708824,1.9655233174739857,0.0
0.513249365677883,1.6038679942030016,0.2735391615685759,0.26341291869063754,1.9795879641444238,0.0
0.5131931164184169,1.5901008165170964,0.26735997965602026,0.2640296182999736,1.9822093464244261,0.0
0.5119740354004898,1.6279927610930733,0.27266744014826055,0.261232721571745,1.9815492478009944,0.0
0.5136531985086313,1.5839324729726125,0.2707761349391131,0.2648537371679704,1.9802260295525829,0.0
0.5171811859371789,1.6402599178839317,0.27380581953742894,0.26309285771791374,1.9648617243685331,0.0
0.5163706622055337,1.586798130380009,0.2790124036435797,0.26593442984238397,1.9722803334852637,0.0
0.5137338654443531,1.6138145232265586,0.2735302928400298,0.26300977252235075,1.9772938384998469,0.0
0.5101510097580468,1.588868504319569,0.2735657992730819,0.2627863785333727,1.9903978305520205,0.0
0.5107352770483385,1.628025102750147,0.27234743786247384,0.2606107177671281,1.985327364988922,0.0
0.5095942013732306,1.6883910508185938,0.2721360988570482,0.2557960041416081,1.9866191785501477,0.0
0.5140684916819065,1.5454429550241653,0.2712654058269656,0.2675527622486324,1.9822830919533532,0.0
0.5111042602790398,1.596376292127859,0.27263469147873143,0.2628019622713439,1.9867481234357258,0.0
0.5118583170843002,1.6069852135069498,0.2732139987717652,0.26249413163154456,1.9835736627843368,0.0
0.5129194992297794,1.5866980458167157,0.27634995242148414,0.2642427534114569,1.9824402218933443,0.0
0.5115975920547943,1.631560509568679,0.27067378705750733,0.2607868595029572,1.9826501241288066,0.0
0.5117091706367611,1.6274635592372886,0.27342887338517985,0.26113680125930905,1.982389739702408,0.0
0.5122777933955613,1.6180008733171636,0.27291810155006224,0.2620114356907979,1.9814063414235785,0.0
0.5112527809461924,1.6090335475282298,0.27229990143291194,0.2620510174790035,1.985270969144623,0.0
0.5087487405803415,1.6942486517193844,0.2732317393162675,0.2556391208089385,1.9863022497535605,0.0
0.5068781940339113,1.6876602608477729,0.2709663411022827,0.2550372384018629,1.992580970014496,0.0
0.5117430468863899,1.6040775502019622,0.26997797514157257,0.2625768334375119,1.984485229795186,0.0
0.5116045591439367,1.6806820634643167,0.273265877381765,0.2578744121595202,1.9786899806898974,0.0
0.5137553200952221,1.5993267465380707,0.2778344678677076,0.26379722804766315,1.9791538584498602,0.0
0.5090792041380641,1.67435593109601,0.2719265570482686,0.2569498174113546,1.9868015928355407,0.0
0.507539332758427,1.6482644148358054,0.2703311877515203,0.2575191740579701,1.994319167796844,0.0
0.5127390900199915,1.6707182707675994,0.2750009019157064,0.2590107626429242,1.9759116432135735,0.0
0.5160928843362158,1.6333240123350594,0.27297233543798216,0.26295999544882315,1.9687415614165633,0.0
0.5075898737153595,1.6788037556095743,0.27230700865119256,0.2559520809308879,1.9909905343893317,0.0
0.5081422032882045,1.6720891536117373,0.27292197146274183,0.2565983927408169,1.9898494612874382,0.0
0.5090616193771774,1.6761486527706706,0.2706600874124858,0.25683308648904796,1.9868759194567591,0.0
0.5062882262313461,1.7337946846149195,0.2701205247765873,0.2516923220771706,1.9927452167565034,0.0
0.5099554072009036,1.6739304504476262,0.27247966775874366,0.25742603314660123,1.984142915690236,0.0
0.5050740084822289,1.7260462510436505,0.27168032095623296,0.2519363701075805,1.9952159910310074,0.0
0.5086499814546755,1.685812815564921,0.2731132458639775,0.2560725832280414,1.9872221553912348,0.0
0.5070733325674968,1.689648360860782,0.27170359443889,0.2550638608989595,1.9917594174056594,0.0
0.5091504851766734,1.6825059058760463,0.27239129482755864,0.256489699466742,1.9859705020339788,0.0
0.5074821383922878,1.685952871538388,0.2717872603633485,0.2554823995320557,1.990786443270003,0.0
0.5059631015496195,1.727039723210514,0.2721405276364648,0.25235764742638744,1.992361974826736,0.0
0.5058390825024712,1.7240011059752511,0.2717529331277537,0.25243988078539487,1.993010575953833,0.0
0.5054410233525538,1.7244655986794404,0.27171452265120055,0.2522570801559318,1.9941563629684316,0.0
0.5056530313377148,1.7355829451876104,0.27023593853934713,0.2512095971882107,1.9948660057440524,0.0
0.5055068685913537,1.7248026899068716,0.27095593108063926,0.25224744570923163,1.993964316348319,0.0
0.5050953783462966,1.7242100137535057,0.27171585300675666,0.25209632835651735,1.9952283590543565,0.0
0.5053395602174191,1.7221515874747486,0.27162790996386116,0.2523288402751482,1.994629721094718,0.0
