2.81713788373969,1.4290251497144155,0.39562181459472184,-0.7919504506724473,0.4679117866816699,1.0
2.83199876834715,0.5278669272426663,0.3003428244737991,-0.26741670364973064,0.6073924420413502,1.0
1.0536728025247941,0.8363781459039665,0.4529140581013804,0.7320841437362897,0.6090127160281431,1.0
3.083189053240962,0.705899355987134,0.3899007417208726,-0.7659974054151728,0.5017913984884443,1.0
0.6525118254094336,0.33538440379332046,0.4984656176136899,0.8330417198511113,0.7456298820647516,1.0
1.481557164258282,0.29987988753805983,0.41357732661459284,0.5504946749732392,0.7470574996609689,1.0
2.718339027117474,1.1632760649400968,0.4085544831496307,-0.5510760778343327,0.5005121031953363,1.0
2.8621208877162423,1.2674759415257295,0.4511752230525423,-0.917132267896665,0.47242901843483076,1.0
2.7865052761035454,1.2200736735001356,0.450373880723569,-0.7471698534857231,0.48475169322831035,1.0
2.020070469522448,0.7309929604412819,0.2631086164468388,0.37480880628962876,0.6106971037150754,1.0
2.884350601771928,1.1966433598983317,0.48261598062421845,-0.9476336462045513,0.47355553944758,1.0
2.5465555881062927,1.2864734060216734,0.3405859265871223,-0.189598375510688,0.5062050197513478,1.0
2.666921042932621,0.5696020694048989,0.41146335448615096,-0.2505939313099335,0.5993516519067139,1.0
2.814751860652211,1.3653888328645638,0.38391230023075057,-0.7330018881531655,0.47426532025996293,1.0
2.8584485906855908,1.3544506701507597,0.4914407703707384,-0.9772865712435472,0.4634258332919721,1.0
2.861124291540962,0.9874891423931212,0.3586962766759752,-0.6430470697797908,0.5108113360178754,1.0
3.133998412671387,0.812463837191647,0.38580055895171317,-0.9651388470248898,0.4596251250458877,1.0
2.2307432295116953,0.9303500853192975,0.3115203810320587,0.17784491955310222,0.5663370329148338,1.0
3.055401184150277,0.9027182239863394,0.27250155751636157,-0.6633038064169197,0.5232940121911311,1.0
2.292387343417517,0.8551241682859712,0.2105560302038629,0.27267352153910573,0.5830150105999885,1.0
1.0046970074555228,0.6728447938964885,0.47348927572159194,0.6913031049352101,0.6371876927915142,1.0
1.198184989606337,0.6107174137274164,0.1735668398445448,0.7978394251777532,0.6590959951001686,1.0
2.20780375179984,1.3817899136254448,0.28018392071071907,0.24991855964586007,0.5150694225445821,1.0
1.02640357925511,0.32494804649827597,0.3683468269325896,0.7358110572297764,0.7499937731743168,1.0
2.885194784128168,0.8174927620572272,0.331772994920449,-0.5429482685078414,0.5380787756399061,1.0
2.7270214418620515,1.9232199505096341,0.3975275925437009,-0.6533190357895288,0.4451296911292478,1.0
1.1977489541757214,0.4684529878578229,0.3174207246892966,0.7153562081133202,0.6976362655417949,1.0
2.831508886691954,1.6128901791728545,0.43674904163972034,-0.9479354000898104,0.4498905678520785,1.0
0.9605135099075797,0.9547002377033088,0.24558234155655628,0.8148651283546222,0.5899582803644602,1.0
2.892922345333189,0.7929986801911717,0.336990913729185,-0.5422373766824269,0.5376672343728702,1.0
1.7256161953252318,1.0131801245882515,0.1741986904700758,0.5855837781626869,0.573063480969143,1.0
2.473432323392188,0.43990520615824125,0.45443665346414125,0.013502362262412415,0.650403734597577,1.0
2.296149268486179,0.8310706061423854,0.28051779145580846,0.17486418771053758,0.5812082384711418,1.0
2.805034460400215,1.3795617418325363,0.4503624403253601,-0.8395028229548958,0.4693362752449325,1.0
2.2842918191604173,0.896489460037059,0.3890986908348105,0.07823410488468341,0.5676765141748707,1.0
3.028807522953319,0.11286511779273067,0.21222754385737197,-0.3183903808222722,0.2769039842233142,1.0
2.918194902426097,1.225234994428528,0.35310941604505874,-0.8211985319642005,0.4782715837603258,1.0
2.7008450357380593,0.9622840996575035,0.2821596931248041,-0.23798853279611745,0.5399989149295662,1.0
0.9018233497086408,1.7484537128419344,0.44430810436589196,0.7555050111042665,0.5085417601856593,1.0
1.8816456347042232,1.1883743445779045,0.23931646420594688,0.4538642073199999,0.5450342444016911,1.0
0.7969661591703558,0.8517898042823608,0.40606193699317883,0.7870220630322312,0.6043336602750425,1.0
1.7991556098621937,1.1718790989866985,0.496782490796528,0.3726192588685092,0.5395986328137095,1.0
1.4926379411002775,0.5328312712522809,0.21470764037390316,0.6472721917667559,0.6733136733920912,1.0
2.232538014483038,0.6204026770841553,0.3350339306805731,0.19784219715898427,0.6217110151536991,1.0
1.6516745367496937,0.24083188814358394,0.10862534325652809,0.7106062784129641,0.790325500348453,1.0
3.0352486676797175,1.1248962327518373,0.32633745943887404,-0.952846890215646,0.47658652381925365,1.0
1.0404348059034159,0.6889723331014648,0.337528421943722,0.8187709642042326,0.6419563488665275,1.0
2.885137232464175,1.0013346196433015,0.36733787408919355,-0.696044973963624,0.5040958025841088,1.0
2.0802565098624926,1.1193762617721332,0.43768379171099436,0.1960419870286273,0.5390685143026447,1.0
2.103087089392,0.4874238873822424,0.45824151868118357,0.37199370566243006,0.6603920694262086,1.0
2.1606731624618645,0.8623375710707099,0.3365563463954206,0.27024590628311373,0.5840951753763965,1.0
2.827760478848405,1.7185861757139151,0.43173121427859396,-0.9470910129612925,0.4446236722665944,1.0
2.6643095171023696,1.232005980541648,0.43708823112748246,-0.5105713804643089,0.4963637523887972,1.0
1.0000016909643848e6,1.2618848263919513,0.3577990519447694,-0.40843103332526876,0.5514221449577199,1.0
0.7414930969471295,0.8422895428864903,0.399102132719242,0.8143691254292276,0.6081985578772907,1.0
3.1622007180431995,0.31777182326894116,0.3423048968498235,-0.6114134993933662,0.36032490806312856,1.0
0.9228543499682438,0.17304394516959876,0.3231538411189119,0.7889214683554754,0.8281666311591138,1.0
3.3283139215434425,0.2799854520030903,0.2269195340816808,-0.3661409944460461,0.5305936712861536,1.0
2.896785934779872,0.846695565054125,0.36231498471679624,-0.6260210435634642,0.5253320137547569,1.0
3.1589253168238667,0.28006835431140426,0.3575986317193377,-0.38321442652280413,0.5106084962543966,1.0
0.8374608922810094,0.12171501655603645,0.44693628383035255,0.8214034451240313,0.8631756343535876,1.0
0.955262669470308,0.1785137690299411,0.2205046042114912,0.8641672877258324,0.8277193953553446,1.0
2.5645206217517558,1.0194346769429505,0.250797328936639,-0.0071763541717092955,0.5434031043884421,1.0
2.625128988785056,1.135194318999012,0.42655842524648396,-0.4075337672785622,0.5126757259092616,1.0
3.165012425636599,0.31175893419500406,0.39237066618636623,-0.46222329268495116,0.47019950796161086,1.0
2.6808669331273007,1.2528711861206219,0.33595187643303454,-0.320595795533007,0.5020594951667752,1.0
2.2090646634818647,0.7876168331399523,0.30378951479312727,0.21198845525578985,0.591433270652147,1.0
2.441578339038852,1.1071570259351469,0.40150336779623064,-0.13793287441783433,0.5271518045155701,1.0
1.0000017886824652e6,0.627500539052064,0.2862212823843725,0.022323520846997708,0.655566296034468,1.0
1.241984664875477,0.9848842316162981,0.24899550602590473,0.7102990763561942,0.5807170331882701,1.0
2.511737665146213,0.9586484638596992,0.32638063520544985,-0.10146944368164101,0.5480614705906699,1.0
2.363143692368735,0.5469258375971198,0.32011310173911883,0.10652268795408475,0.6370858554561436,1.0
1.0000015255920748e6,0.7276175947810081,0.49149679192606266,0.5612581431776967,0.6307402679525396,1.0
2.601239767382143,1.0850842395765874,0.2975717158041077,-0.12353578668533935,0.5288533595427832,1.0
3.0676052076652893,0.29590942866473596,0.2663598811288361,-0.8247579585504281,0.23081963466017047,1.0
2.0820359666919908,0.42014637183905323,0.3104515317899162,0.32057457316574683,0.688442309298219,1.0
3.1298965595114545,0.9006618669609487,0.2004901379434157,-0.58590338743579,0.526838915681982,1.0
1.940350076931571,1.2246897378178478,0.48881663380391105,0.252622689472219,0.5305459166091134,1.0
2.591584827495458,1.0069590165900757,0.4864116038874744,-0.3617692940484263,0.5251588120213813,1.0
2.926588857625874,1.1149484075713483,0.4182358271449881,-0.9218507176931102,0.4779844393386602,1.0
2.2929781675561762,0.9207446145622105,0.3251523327621134,0.1377802440323616,0.5673601111193082,1.0
0.775247587084533,0.5325423847423874,0.32244999942751473,0.8515022885789167,0.6797551397520051,1.0
3.171093428194429,0.3053808318342139,0.3663625858229214,-0.4838820620377892,0.444366916767615,1.0
1.648492223477644,0.8639658211559155,0.28598391794936495,0.5533670854973575,0.5917465929513525,1.0
2.832064005942989,0.7700299272699653,0.2889827412417715,-0.3702062486721335,0.5591257705493118,1.0
0.8191686533618311,1.4132263548495994,0.4013956363684955,0.7765609413845387,0.5344742191242414,1.0
2.887710864361897,1.1460420784080294,0.33906857760163245,-0.7173509468017781,0.4927071170934319,1.0
2.2981856223268937,0.624956255768016,0.3521027600280957,0.1251506556171679,0.6211637051039762,1.0
0.9597881406377544,0.8109330286495757,0.28461864816885546,0.7843687502700121,0.6127648765300843,1.0
1.0000017740214956e6,0.8828137424174157,0.29404288469250056,-0.05034039064824687,0.6029375987993217,1.0
1.100534908940586,0.4255494174478767,0.16147758122018618,0.8527400008591888,0.71470330725268,1.0
1.0000017054476413e6,1.267604080964126,0.3482454150952673,-0.3652355411359371,0.5502589068330629,1.0
1.3037135038268537,0.4663419520913052,0.305992429775754,0.668192134266952,0.69031570946439,1.0
1.6567313711157827,1.1439702765318969,0.27816328773664317,0.5707264824480481,0.5585776540394616,1.0
2.0605981363066967,0.3618747512711137,0.2922441378374464,0.3540274290885311,0.7109621242023706,1.0
2.9367898042592904,1.1371010265360444,0.329553384359476,-0.7821914289459955,0.4891872390608836,1.0
2.9884139317430227,0.1453878789320708,0.47429014723596813,-0.10780611512257657,0.6823095848106449,1.0
0.8712794869061044,0.14220381657229983,0.27591140052163904,0.8599776411679572,0.8489573723975244,1.0
1.2317716332202162,0.678588871436256,0.15284001789608376,0.790907962788659,0.6411485063300303,1.0
0.8733850756849066,0.5126274249826143,0.43021996398908563,0.7504091527916803,0.6807056058998716,1.0
1.5039731868877961,0.4914116856882981,0.4904588771825371,0.5483265911270481,0.6730358777851153,1.0
1.2245201050217502,0.8798338392795445,0.16713430644499916,0.8124484298209254,0.6006287163564068,1.0
1.1431228400400555,0.5884557362042684,0.38160868153725297,0.6919919123266396,0.6608605773769273,1.0
1.452262861659693,0.745564129924414,0.422208818146349,0.6044157136514128,0.6134199119089849,1.0
2.6544679867925827,0.7359105164825503,0.33319368590414117,-0.2274293421081537,0.5757119206462717,1.0
0.9295892292988664,1.1924987932542337,0.45271595222964583,0.7186562056335782,0.5532349008603604,1.0
2.5674144335188696,0.82564356233487,0.2999204066027957,-0.09657919068522312,0.567599967284853,1.0
0.8128893221050592,0.5667866912915323,0.29371791464613883,0.868347512439299,0.6713306816728246,1.0
0.649431773249011,0.22370834582503868,0.44171200890553913,0.8689905952972835,0.801121342968589,1.0
1.0000016842493799e6,0.9365862614474124,0.35506513080077473,-0.11489837416342402,0.5938879791036658,1.0
2.5760706208178177,0.8298479651081517,0.347121297294259,-0.18287164375039297,0.5617457556911408,1.0
2.2888863254111005,0.6175268731394997,0.4172129692681989,0.06853703381779741,0.6176899016269535,1.0
1.9251985527587527,1.1261270764889888,0.39047531349271947,0.31047144524152315,0.5446496277164804,1.0
1.0000015936911998e6,0.6924465853309367,0.4532563006224409,0.042470142397148906,0.6388768748969398,1.0
1.0000017018619479e6,0.7587550861641283,0.34533744945200795,0.17370988352272135,0.6251433911323143,1.0
1.4088854779408762,1.3089667197384827,0.48418574616571414,0.564789472211931,0.5382859338552571,1.0
2.4673442398849774,0.5526569455955498,0.4749550593906736,-0.09813122664725488,0.6203158210070773,1.0
2.9132458436749773,1.0264531759757443,0.37935517833074633,-0.7858849681403635,0.4954691044915116,1.0
2.8030202686372765,1.2119563365824557,0.425902037042406,-0.749250602286167,0.4859304926273598,1.0
2.5730210407092757,1.188317541352499,0.2040166701920489,0.06554285250676467,0.5273791195431486,1.0
2.6922681205334085,0.6750128908162331,0.3031382744358389,-0.2009190198248993,0.5885353069000708,1.0
0.8621360385227514,0.4438466209254619,0.2724790685438361,0.8480964359188896,0.7077805585529785,1.0
1.0000016005096517e6,0.7675193046665173,0.4414394216321432,-0.0019104062117549234,0.6231641658390351,1.0
0.7152717131346045,0.1838654610303043,0.3649048039652551,0.8762188258590284,0.82401861745351,1.0
1.0000017063279533e6,0.8459991129082218,0.3391003877372256,-0.12606224744930988,0.6091603121624278,1.0
1.0019615851842909e6,0.8289377717169522,0.4590550837295525,0.0054469656526630605,0.65311590125527,1.0
1.0000015892213138e6,0.9208249470997476,0.4563093413150371,0.01796357657034109,0.5956955820370377,1.0
2.7894153234375962,1.6466605251721933,0.42149174077269735,-0.8188973869326827,0.4538951465626325,1.0
0.8542065782598918,0.5245905818588317,0.4999711031794127,0.7523343462552086,0.6754529140012,1.0
1.0000017302847777e6,0.4529050088262349,0.32042461650000975,0.3226051810530188,0.7048242790804494,1.0
1.9348599940353064,0.9218790515326414,0.28731310611135874,0.3985087757389747,0.5763508253996572,1.0
0.922255286589885,0.48018676821122,0.28597553339150883,0.8018417528885181,0.6944134650021756,1.0
0.7572873233769087,0.4197563937244769,0.45229951970822646,0.7918406508394591,0.7129068042450886,1.0
2.123652523712233,0.8174265190320986,0.3838136519711751,0.19971426395607472,0.5835782950175573,1.0
1.0000016346652998e6,0.495415091572656,0.39030948810105676,0.3590927443322885,0.6910527226964565,1.0
2.785349439244132,1.1677429388169933,0.44468250407805454,-0.7206742814746412,0.49098937725846126,1.0
1.1863501165590329,0.7116555973913421,0.4617994487568046,0.6369072796342785,0.6243531762240924,1.0
0.8741391421727503,0.5204296423567162,0.28275732310264023,0.8277535675082737,0.682997215659241,1.0
1.0000017483027511e6,0.47483244468882646,0.3026665261040263,0.3634195322604938,0.6981720588471695,1.0
0.6796289716425886,1.133741398655105,0.4171067474969331,0.8358987072363331,0.5650320353754984,1.0
1.000001619724067e6,0.6406462764314258,0.42648157527064634,-0.26039191312475685,0.6508632366735254,1.0
0.9683102405656162,0.5011985780274271,0.2272332591944202,0.8457922979601736,0.6887336028594857,1.0
1.0000015938588539e6,0.8954470778416285,0.4534682629319305,-0.1749779702454358,0.5996287347893494,1.0
1.1994127274830835,0.6653843348343751,0.20629269567598796,0.7748285018043228,0.641626301045933,1.0
1.0000015894338422e6,0.6879494810728825,0.46174439590437744,-0.01591260068542122,0.639803772937171,1.0
1.0000016709597785e6,0.6030267721615358,0.36753396405602173,0.07121354584284295,0.6610927431716715,1.0
1.000001692730716e6,0.5767132312048937,0.35034149995342756,0.044964806217029606,0.6681623890308485,1.0
1.2445939073157088,0.38918089627734964,0.21735849222345813,0.7360456184975209,0.7245060704633363,1.0
3.1975723942413015,0.2589316722324845,0.24735779616268427,-0.5068274010293019,0.3706187728429538,1.0
2.1201736022737325,1.515296305588419,0.18430240931311287,0.43073105478395424,0.5157308167201053,1.0
1.0388866477260283,0.27621130145341716,0.1874877581733715,0.8523911838256175,0.7754284755482771,1.0
1.0019616026464516e6,0.8143437521412233,0.447977652989418,0.11396981233527155,0.6436113732794283,1.0
1.3923357143346666,0.5090707199980207,0.288601924372596,0.6464168564348565,0.6761756874841448,1.0
0.7168772348836099,0.25427093137407863,0.360214418585347,0.8791877791613183,0.7860788361159797,1.0
0.6739611850748862,0.38395335052565654,0.3961018296589537,0.8747608639053145,0.7292318142997547,1.0
1.000001736842032e6,0.5390413876230182,0.30911601005690065,0.3627057939195711,0.6785966402962904,1.0
1.0000016018057937e6,0.4710017469588215,0.41255539747730785,0.4493466913308746,0.6985565068315136,1.0
1.0000016464764877e6,0.5760873211802656,0.38379904202247633,0.3259924437212893,0.6675216510673794,1.0
1.3029548078061592,0.5188581381561045,0.40014272743987545,0.6123453651072028,0.6720459953527977,1.0
2.786048503127125,1.1751943631338688,0.32516427328936937,-0.5114835521921989,0.5030336991515642,1.0
1.0019614617265633e6,0.9915724609726174,0.3605149322246962,0.5366096553939096,0.6422817729883135,1.0
1.4570972524883432,0.34050120410893525,0.2385088283323731,0.6465122532412816,0.738514313572422,1.0
1.0019607289096713e6,0.856820329799916,0.3819436038954546,-0.010457705596080169,0.6697733908694143,1.0
0.7071084501166316,0.2526608480869627,0.37724001024854603,0.8931053408500941,0.787461266247907,1.0
1.2166337894001131,0.590657877445598,0.21868452375063355,0.7396720167417066,0.6614793758956504,1.0
0.6463005209098748,0.287295586884782,0.43378285186805426,0.8715252125904311,0.76910080977584,1.0
1.7626849447651203,0.5176168894250679,0.3464972322353006,0.4910400433730062,0.663284925277486,1.0
1.0000017112854935e6,0.5264000773072295,0.3363920589394141,0.16263303644574476,0.6823259475236719,1.0
3.1229446147114355,0.1294512729918561,0.28839771430678596,-0.26920337056499716,0.3760246080363747,1.0
2.3709207840590905,0.9599337158532851,0.3061140933465977,0.08022533270097676,0.5584248566623612,1.0
1.00000159970081e6,0.5644051650366522,0.44589181089038166,0.21035646745701245,0.6705403562428541,1.0
1.0019615997136032e6,0.29812443690567086,0.4909929700813893,-0.431272472098009,0.7950044281992897,1.0
2.0014713393657164,0.38202036916920223,0.3080231915576491,0.3692541466548875,0.7039435323636093,1.0
1.0000016931220721e6,0.5898303114939185,0.3495482013856806,0.1002644004492038,0.6645483047821383,1.0
1.0000015918914914e6,0.48691031515058325,0.46233906843673717,0.21503300186587063,0.6931429250475921,1.0
1.0000016150945115e6,0.6460708215568188,0.4234175106581654,0.0843128836962914,0.6498785760751349,1.0
1.2446328127289228,0.3952072155217843,0.2115271136652664,0.7625326127587582,0.7247847905337872,1.0
1.0000016382232396e6,0.5063823659082658,0.39896185375213394,0.29391599936186236,0.6876682353225482,1.0
1.0019616293092136e6,0.726422339525502,0.3871073824793652,0.2819662067966823,0.6740684661588912,1.0
0.7865739189143183,0.22625582271925618,0.31028991478280354,0.8717575000308908,0.8005336691181693,1.0
0.6782752454291728,0.21791295491481572,0.402791031360633,0.8824112024330146,0.8044692209547939,1.0
1.0019615893042374e6,0.55817351647183,0.495675725204222,-0.1391294317008559,0.6946893518815275,1.0
0.740197016225276,0.18740984441475866,0.3456793148124949,0.8854332655202171,0.8227404415840265,1.0
1.000001714242883e6,0.6211328502276566,0.33322716473844793,0.21545695456133968,0.6568271116970443,1.0
1.0000016189684501e6,0.5921166883975961,0.4195454755444339,0.12030618779048252,0.6633919082286635,1.0
1.0019616178418485e6,0.8723385028323611,0.41053790365762943,0.20343281791590798,0.6393834951639259,1.0
1.0019616077719833e6,0.914438515924149,0.40849405427906127,0.21056178113490992,0.6394062471372018,1.0
1.0019607470855011e6,0.7367681265293093,0.3661855483678916,0.48548186013698424,0.669845469909123,1.0
1.0019614815192184e6,0.6649952876935536,0.3007111804794943,0.6566647528113627,0.6858550661987143,1.0
1.0000015828549033e6,0.6000953092730578,0.4564490808425008,0.3401853626342639,0.6604921689611373,1.0
2.1281333328881593,0.467619718527581,0.3255944991331939,0.27380228876483,0.6695547837434601,1.0
0.6597155627666815,0.24959139501014188,0.42060151223971176,0.8698408817709093,0.7878062304227705,1.0
2.432011041946828,0.6477849111842425,0.3770484480086378,-0.032577003479875744,0.6041769191079795,1.0
1.6437747407773557,0.3032669380388198,0.3520970457517331,0.5116526830996249,0.7437019066077128,1.0
1.001960860139246e6,0.6646157267034717,0.27503676598048177,0.5259365213943766,0.6860315865571406,1.0
0.6307800752343558,0.36375657709304954,0.4519561834035549,0.8751410203704081,0.7364643828174818,1.0
1.0219636289639245,0.7024911238561471,0.19340351305403022,0.8509747096543209,0.637734318753502,1.0
1.0000016615764225e6,0.5968526143066846,0.3665114671057432,0.3420364976402429,0.6622173531537631,1.0
1.0019615815009428e6,0.9117868031526857,0.44099520851422264,0.14085370123758997,0.642293810152741,1.0
1.5070003058596793,0.40971090712412384,0.3498957243205266,0.564424880342747,0.7042781713942665,1.0
2.301017365745099,0.5415148560140276,0.4081260039579389,0.0774089376722289,0.6351228643441168,1.0
1.1886629191578386,0.7647465650989025,0.163354347791648,0.8080080827407721,0.6224417391686894,1.0
1.0019607470167717e6,0.9872587805868787,0.35128576590504385,0.7440082720228229,0.6468545662004919,1.0
1.715049037155768,0.9790623849821438,0.4430639490310757,0.40479953741056557,0.568137469580078,1.0
1.0019616280751975e6,0.7351179879317894,0.4148662454740418,0.24190730809805852,0.6579155877159947,1.0
1.0019606598942307e6,0.905067388099274,0.4209532114141301,0.302187804368018,0.6450474741439607,1.0
1.0000015940524613e6,0.6136884729552968,0.4147294634396476,0.5014439873651819,0.6579028474720818,1.0
0.7621413671112294,0.3403537629417464,0.32592931746219644,0.8656433338938372,0.7469784204210571,1.0
1.0019612754595347e6,0.7943878981037786,0.4580344436265184,0.6737424913429103,0.6609973852587511,1.0
0.7617747998443434,0.3249989140649143,0.32432489429198386,0.8787125539910681,0.7539096504117743,1.0
1.0000015778024388e6,0.247275541145054,0.47340444763413125,0.40485957299775965,0.7884068736869095,1.0
1.0000016176952563e6,0.728883470497521,0.40322337373584605,0.3553121891859664,0.6310824282534113,1.0
1.0000016081609629e6,0.5751753105809956,0.4119335822152885,0.37713295600903884,0.6676768859933228,1.0
1.0000016557597924e6,0.7092623541258821,0.3789600328455124,0.23321797882710948,0.6358397775182344,1.0
1.5479215359527845,0.40601639716160465,0.42709760589568097,0.513059265659559,0.7029023808595234,1.0
2.5639623812963763,0.6131587041746419,0.29868106869399114,-0.04920468530609151,0.6114581912875192,1.0
2.6022385680006654,0.8258010337542778,0.31242730419628195,-0.1559935396708384,0.5640842437757774,1.0
0.6468517711369672,0.5052826653288945,0.46879519732920094,0.84273774468389,0.6857648727355767,1.0
1.0019607525631427e6,0.7865781781072624,0.3442424610927149,0.43237764628508035,0.6626796070516907,1.0
0.7574961794328259,0.300238626263627,0.347152404811438,0.8598087781122355,0.7628073531715078,1.0
1.0019615790106545e6,0.8970669510275098,0.46238159103135756,0.19685085666364788,0.634659497350082,1.0
1.486907981099915,0.6015469091217696,0.3632587899634435,0.5608728368045951,0.6467486126323756,1.0
1.0019607191473892e6,0.5405945689436128,0.3651199205616864,0.8331175667442288,0.7021388043873086,1.0
1.001961410855362e6,0.5866790577826657,0.4982333513678218,0.735450257848884,0.694659720990255,1.0
1.5458347538901929,0.6463947075211197,0.3246364140969463,0.5490037969729281,0.636680789362714,1.0
1.6005558777583837,0.5860724827005578,0.4194504988800815,0.48388339504828093,0.6486381761260569,1.0
1.3532288835037563,0.6772944195784032,0.34672395438592346,0.6085345539494718,0.6326537551377377,1.0
1.0000016191797118e6,0.6023686930861499,0.398333014208057,0.3834092514746135,0.6607698316598896,1.0
1.0000016162149032e6,0.6230700228398207,0.4215953010850774,0.24744574399930705,0.6555496109636618,1.0
1.0307161442829709,0.5300010246523383,0.4543494592508045,0.6911055235007962,0.6724149171496119,1.0
0.9344142241069616,0.5081499414769292,0.26455017847142304,0.8139452361427884,0.6863895015611564,1.0
0.9553274653165335,0.6564421256359527,0.4428608360175023,0.7687391087162609,0.6468595531304963,1.0
1.0019616256787108e6,0.7347073243798417,0.41568766767912774,0.42345646940127774,0.6543852757732628,1.0
1.0019615076534075e6,0.9262103358586711,0.31174334384439933,0.5217689779708256,0.6535335568709125,1.0
1.0109461573008751,0.5963354911743184,0.34576423928411054,0.730693748963528,0.6583438371944857,1.0
1.0000015806054712e6,0.6321397664187889,0.43089176843681015,0.5046655353357519,0.6531583868849353,1.0
1.3909374431395582,0.42418240276705593,0.35527450352595025,0.602450868563282,0.7016559619948646,1.0
1.0183155865496574,0.5387336029705116,0.42587823639539935,0.7135318775872792,0.674228732760654,1.0
0.9970818876529857,0.5357402056146832,0.2672573760662409,0.795220589382438,0.678650093840714,1.0
1.00000161517619e6,0.6094043555869896,0.3971894828842922,0.4205166405447631,0.6590439395097644,1.0
1.0000015937956665e6,0.557597025431081,0.4186827905836719,0.45870739431008356,0.6726795282222904,1.0
0.7778058906520707,0.5619456290658729,0.44574356566280615,0.7812104017901829,0.6679519126723209,1.0
0.7033136283870312,0.22640496953053255,0.3731621435466778,0.8719436141892815,0.8001547638901819,1.0
0.7178821812952426,0.20560910116407538,0.3608815688392396,0.8757879985754445,0.8117530433425356,1.0
1.0000016065132496e6,0.6767363260448018,0.4327838797390211,0.3009706237481974,0.6426015906700184,1.0
0.7917271488442219,0.32680832038235735,0.3226750569298486,0.8489136965289916,0.7525667368811887,1.0
1.0019607179979469e6,0.7797075618335176,0.36497780236111205,0.587928412948374,0.65556389076028,1.0
0.7952107350597394,0.3083575820649984,0.309993649659081,0.8543235787686712,0.7600896590756411,1.0
0.8971608730300569,0.4436649390788203,0.3198624718623475,0.7895174120607339,0.705193500616268,1.0
0.7182771342048471,0.28974150106938884,0.35802598640253314,0.8787437687329761,0.7693423932907407,1.0
0.7258677633329711,0.33447541186568586,0.3514013009482332,0.8687528969424848,0.7491441273430703,1.0
1.0000016077930816e6,0.6117446615425938,0.4004414065085201,0.4797368356974583,0.6585057421976473,1.0
1.0019615989703126e6,0.7334835524115179,0.42914313560518813,0.5239005092832892,0.6576305862980494,1.0
1.0000015896092677e6,0.7247611316594571,0.43654569054496284,0.3578165014917094,0.6316326124339109,1.0
0.621561883720991,0.45755460547459637,0.4665318743464374,0.8787648522311411,0.7025118450469153,1.0
0.6205667079749264,0.3294835621307691,0.4746377682869932,0.8765416766490214,0.7504382100266083,1.0
1.1860889910101606,0.4760557258159647,0.4263682111593963,0.6443334095869842,0.6869573202552887,1.0
1.0000015705581653e6,0.6697356546702571,0.4631423156050465,0.3744160691385372,0.6436019034021356,1.0
0.7854156331739417,0.32781163471250707,0.3143331732058271,0.8575557476991515,0.752042933857862,1.0
0.7049730739312159,0.3947577320382756,0.4047732817360074,0.8335637587681815,0.723633373818907,1.0
1.0000013233755361e6,0.49567150773602836,0.433865333061864,0.7226877202841203,0.691391877246898,1.0
1.0019616239761957e6,0.7555805260438745,0.4024247496851841,0.410379256592148,0.6563790266514954,1.0
1.0000015610622913e6,0.5329134146919831,0.4735742228683461,0.4299745349919054,0.6790035491621441,1.0
1.3018739569681586,0.8990967472608037,0.3599408915917319,0.6198712756264061,0.5901278199955837,1.0
0.8712012088701266,0.7723048610721086,0.4041875952334656,0.7608663702568852,0.6179866394458204,1.0
1.0000015544329331e6,0.5178475070229973,0.4806899352076675,0.49767486000573175,0.6833776747776542,1.0
0.6733955925555906,0.5849990521623428,0.419183101747208,0.845673262878279,0.6639363939990971,1.0
0.6431935962307922,0.2536370008228451,0.44116681394592655,0.8692060724831828,0.785209233354425,1.0
0.6596610259323602,0.3910829792525587,0.41459294305497507,0.8682101107607187,0.7258848589417319,1.0
0.6992888320500628,0.11934957250053646,0.4990626605367507,0.8327952575017217,0.8628411958884943,1.0
1.001961580231741e6,0.7156539783200164,0.4596459797458894,0.35957840456433277,0.6661034087473727,1.0
0.8092843651148158,0.7108717128403843,0.3125936142839587,0.8382763567349769,0.6344523560782428,1.0
0.9967433074626301,0.5710082376465717,0.2807897599009542,0.782087552766814,0.6682074923233936,1.0
0.9144722425274985,0.7830189190944311,0.35496998972384575,0.760359042096124,0.6167587859419313,1.0
0.7745507143842209,0.3039582651771483,0.3260445296915584,0.852015202692959,0.762136722363411,1.0
1.4433079028269409,0.7253862520546883,0.3997741462693965,0.5496888585690263,0.6193417614692348,1.0
0.852602493766825,0.43689654393863964,0.2877672292616268,0.835854381845581,0.7095536137097784,1.0
0.7677044555446687,0.4506066276197694,0.34617638612915896,0.8357332305693934,0.7041019428288002,1.0
1.0019616138694949e6,0.6434363928557656,0.39802324207399803,0.5775457243226314,0.6818248920198907,1.0
0.7245239413597517,0.37506203549627193,0.3660045890181489,0.8482848540554282,0.7320172033822525,1.0
0.6596696888553585,0.3254511748321753,0.4163562682709039,0.8717373157670891,0.7521951006180064,1.0
1.37821853755509,0.3970543526243393,0.4285052193195032,0.5794895234708717,0.7116268462150872,1.0
0.7668716102630603,0.5767123961948277,0.45361088144130146,0.7881672392978322,0.6633626404303528,1.0
1.0000015573681676e6,0.5012820079122824,0.4763660823648554,0.4813294452063789,0.6884143602189159,1.0
1.0000015637752932e6,0.47811492724272686,0.46366349075443813,0.49383935187697237,0.6958057507532975,1.0
0.7878121748841735,0.6499586362379541,0.3727824498358602,0.8130502812935526,0.6483460629302787,1.0
1.0019606327623426e6,0.671001343642452,0.460354664784962,0.5097228458379484,0.6830228568479666,1.0
0.6381653646118987,0.36873694014643793,0.44028169178260146,0.8735693590376684,0.7345606641468359,1.0
0.7504840871982528,0.3630267639873725,0.34609863128079726,0.8476442457373603,0.7369227186777626,1.0
0.734912988048515,0.3787594694826004,0.35374479104372825,0.8527154269572402,0.7305425966971243,1.0
1.0019614044300001e6,0.7843598839810079,0.3846502826167563,0.6953326881914627,0.6700522777109368,1.0
1.001960648505513e6,0.7784314302336653,0.44075895962057904,0.7007188239876464,0.6745027434831835,1.0
0.8288011963870242,0.5092289123938379,0.3713317875046518,0.7887804175647909,0.683865726961986,1.0
0.7320568362449111,0.2982123108058648,0.34617898367315864,0.8747940879605762,0.7653117600632815,1.0
0.6699064585696356,0.3316063257400318,0.45449071214855485,0.8427029539172599,0.7474711043297185,1.0
1.00196145167773e6,0.6230658732206771,0.3755823906548511,0.7378837575010743,0.6899692640494332,1.0
1.0000015673574613e6,0.5722561318306704,0.45987026476113424,0.42679175868065,0.6681514619779014,1.0
1.0019606758177276e6,0.6257467600379579,0.406748230857416,0.6549414671335606,0.6883737753592314,1.0
0.6928007945169107,0.2903237446005654,0.38074528555912307,0.8698419287123945,0.7683346684480327,1.0
0.6627644098287965,0.4210820078400903,0.4127556144903306,0.864508854722368,0.7148184520941584,1.0
1.0019607088900607e6,0.656678717780658,0.42140716593808697,0.6150722340528939,0.6841964544869035,1.0
1.0092608115708828,0.47061425203585977,0.4543759752821533,0.6979765679582453,0.691194615372379,1.0
1.0019613250245019e6,0.7376028951615237,0.4459344617852321,0.5470647421368778,0.6748870733839509,1.0
0.6638941860428779,0.32986834681132365,0.41200598637462993,0.865736912246677,0.7505416805807668,1.0
0.6615054657844981,0.24614631867627448,0.41533016779089127,0.8789655697072937,0.7897297658504672,1.0
1.0202665460674487,0.538132470648044,0.4206152555055029,0.7005631072091468,0.6714102819231221,1.0
0.9250512704676365,0.5223756554292146,0.30970659100211617,0.7834697423695276,0.6807501393422382,1.0
1.0000015625768473e6,0.4813287897536465,0.46482387146941995,0.5101799784480457,0.6947984933675425,1.0
1.0019607065856955e6,0.6127699262196027,0.41694311748802104,0.6017067487304658,0.6952219354329134,1.0
1.0019606604148712e6,0.6847192702106351,0.4233501575188553,0.6288482978605819,0.6814944013678959,1.0
0.801208132738544,0.4380704383584529,0.4457922895436609,0.7744214312728537,0.7056433628105101,1.0
1.001960680448552e6,0.5828060282711902,0.400245445983578,0.7325921270257637,0.6950236768527932,1.0
1.177347655721977,0.41710888133739576,0.4340729511866014,0.6493439848439464,0.706174563306618,1.0
0.6872024262087698,0.24164528670265895,0.3938544015413706,0.8665774059133171,0.7913155235325768,1.0
0.6395595707379069,0.36021291636694425,0.4384521361464702,0.8759636878391583,0.7380432645795558,1.0
0.9644915382451957,0.3871657228272517,0.4096919618680658,0.726927272185269,0.7217592519977318,1.0
0.8512039433265148,0.47991961241339853,0.40037631314625827,0.7681504135023043,0.692080559857586,1.0
0.9906017624179013,0.42288447397543627,0.4163466898267255,0.7209843032811574,0.7074141388847744,1.0
1.0019613489576482e6,0.650991223250211,0.435844602120149,0.8217880484622272,0.6901920924387444,1.0
1.0019606523937186e6,0.6446606971030151,0.4318029281265212,0.5580570799853808,0.6873832300393637,1.0
0.8635883352644266,0.5011485946242275,0.43534006244991513,0.7522720535165994,0.6846638551330005,1.0
1.0019606563247431e6,0.5900108081999115,0.42880944443803176,0.732381511517542,0.693103056259108,1.0
1.0019606449356147e6,0.5898534070948094,0.44258615722256606,0.7344605770720237,0.692573027941676,1.0
1.2296686090609366,0.5192741176988043,0.45674696987836255,0.6217796199051687,0.6740750939239579,1.0
1.0019606517431665e6,0.6001328883623702,0.4361929317977731,0.6463679533496244,0.7021484405505247,1.0
1.0019606468952523e6,0.5621152502696669,0.44095646265055427,0.6726068416935799,0.7036136680944556,1.0
0.928928187151357,0.4107172344958695,0.40894189669950604,0.7387911734575213,0.7137405483584643,1.0
1.001960674208552e6,0.6149379845854562,0.41694443069768955,0.8368099632331565,0.7000604207403103,1.0
0.6960597773394982,0.3020416115409656,0.37876449944527935,0.8722009286373698,0.7634190077822874,1.0
0.6231832372818565,0.26363206748456636,0.473850704115354,0.8778686485740829,0.7803009320115265,1.0
1.0019606261244143e6,0.551863104411376,0.4747682813587775,0.6845309730891732,0.705595765557993,1.0
0.6905688176735326,0.39967793293158654,0.4260268824985547,0.8313989165731706,0.7213099072001056,1.0
0.6678841981472127,0.27113950839173595,0.4126680597158304,0.8641396378220422,0.7770701975751446,1.0
0.6953357324323457,0.26539724261112574,0.38282128328425685,0.8647249889118377,0.7801353510599784,1.0
1.0019606585135924e6,0.5524183256674161,0.4263564667653028,0.734031451756798,0.705165297733681,1.0
0.6450268665271417,0.31965491034696314,0.4362311497743323,0.8658308440672735,0.7544413051193817,1.0
0.6867822552423111,0.38887974358576316,0.3976075945686201,0.8513168801139206,0.7264054496688468,1.0
1.0019606550779551e6,0.59306925640014,0.4397002301900403,0.6753052049704593,0.6969374940685504,1.0
0.7206823071514248,0.32969268306858174,0.3683323784978226,0.8514810442757819,0.7500846912863408,1.0
0.6776123717320633,0.4472120730098651,0.39344380850677757,0.8676384971676875,0.7062180543273636,1.0
0.8604264556831387,0.3891060387682663,0.449833058740922,0.7532885968575015,0.7216554384582966,1.0
1.1271275563113843,0.41141021055660243,0.45257488221046976,0.6597937157103152,0.7095437145804058,1.0
1.0019613344848172e6,0.6194741187471164,0.4536323286958415,0.6987708327432347,0.6940000562382087,1.0
0.6711867165787955,0.27303529852345554,0.40405806616681655,0.8686693210867908,0.7761847347136308,1.0
0.6590671962866163,0.3209298274643378,0.4622790282387199,0.838304385283704,0.7525973079324361,1.0
0.7474317481645332,0.4431318286954335,0.4368869667016778,0.7991063670637678,0.7045399565910163,1.0
0.6451567131822316,0.3184922312379797,0.4322829877007732,0.8738233557277346,0.7553818260610065,1.0
0.8872621342571068,0.3421418025654157,0.4431319429459061,0.7461686386399493,0.7404917226736272,1.0
1.0019606437459536e6,0.5586796936955021,0.4447564880506537,0.73157919383134,0.7014545451069505,1.0
0.7139491201043335,0.3633928593766252,0.38068527998456403,0.8451301796659744,0.7359212607788981,1.0
1.0019614444724506e6,0.6351093253109018,0.3819198420605225,0.7972541749931812,0.6981570700600364,1.0
0.6273644856420698,0.35567166314431586,0.4585094453612682,0.8755441595750356,0.739566319717685,1.0
0.6329325881249516,0.2922921520111801,0.4523374328158896,0.8762992421845918,0.7669085220438698,1.0
0.9405452425344313,0.5208485737844414,0.4112314910688216,0.7314116497215986,0.6778061220251319,1.0
0.6721550080053966,0.26767095837000415,0.4080062508408826,0.8626937337892313,0.7786509154489337,1.0
0.6908019170721251,0.3930043748579144,0.38079997117246134,0.86793571571557,0.7257250343575552,1.0
1.0019606824566236e6,0.5183715648883972,0.4041465756690671,0.762192531595149,0.7141769032008628,1.0
0.6419574829820331,0.33207768044432207,0.4363018303984342,0.8730712537780265,0.7494879882543398,1.0
0.6490431687117093,0.26309050594615724,0.43009622831744987,0.8743657951791868,0.7808891871913753,1.0
0.9024352759960146,0.3945326644033689,0.4370863851875508,0.7413990443608293,0.7191870002937225,1.0
0.6441499603820764,0.30600017981695565,0.43422700795724345,0.8763546964254131,0.7609221882381123,1.0
0.7394790287305673,0.4585091123215509,0.4072232309205577,0.8127135237172249,0.7005398320570184,1.0
0.6735411425652953,0.2863579388599994,0.40794064822935017,0.8587928997444918,0.7694532278418446,1.0
1.0019606680156884e6,0.5117055272851319,0.41500920441987993,0.7730927116616259,0.7136352215771647,1.0
0.6340111453516578,0.24745620436639315,0.4543675449767278,0.8764194432559244,0.7884863756197271,1.0
1.0019606330432305e6,0.5021466896900652,0.46474495796546716,0.7838895768753097,0.7155353932741656,1.0
0.627071352131689,0.28646243820129236,0.46336680106743156,0.8747769736403392,0.769440980488441,1.0
0.6396188641687681,0.2664218212193514,0.4440368464625064,0.8777337015226403,0.7791826107171799,1.0
0.6394132062428763,0.2718024499173926,0.44414374924331423,0.8749224237735189,0.7767157292155503,1.0
0.6402613300614333,0.33352918988931646,0.43972811212884794,0.8767360009778811,0.7491600166598398,1.0
1.0019606277000043e6,0.486861457631079,0.47542908282348884,0.8150934700421213,0.7186396234288189,1.0
0.6401884367146194,0.3612323579841388,0.44949544602213215,0.8580762991221953,0.736875479748239,1.0
0.8851105477105706,0.3978942613792688,0.44234994975755576,0.7468536895727399,0.7179703148394914,1.0
0.6400558380072408,0.3041427885919683,0.44350810024507786,0.8822932637412656,0.7620757303109148,1.0
0.6536049680244891,0.28105255249011124,0.4327732655316387,0.8595159119378354,0.7715998930680438,1.0
0.7237873221030939,0.4290815430241389,0.45604645217530826,0.8039002133721698,0.7095404055908819,1.0
1.0019613961748466e6,0.5696006985931277,0.41318234888060607,0.8776014068184994,0.7109136323964871,1.0
0.6557057397404934,0.3636839286524735,0.4220461650965705,0.8860777962395074,0.7371830622962325,1.0
0.6264610346739927,0.2892119187005189,0.4650661506768285,0.8782916960414393,0.7681961339607188,1.0
0.6252648062072601,0.311007817555669,0.4648839182453947,0.8760614080529023,0.7583880636041253,1.0
1.0019606440258651e6,0.4764673564102586,0.44701593308402937,0.8264017108006306,0.7217466528690677,1.0
0.6305194800271527,0.2960291432653999,0.4564323685461112,0.8758102587314293,0.7650912416006826,1.0
1.0019606351274174e6,0.5399723780109907,0.46322928749646236,0.7345962096790013,0.7077631878800482,1.0
1.0019606633660167e6,0.5249859188015692,0.42272820169514125,0.8163201179674759,0.7123944650006976,1.0
0.7080605394960268,0.3403448382776417,0.3758693899454547,0.8536349400681329,0.7458479975678773,1.0
0.6509420898778807,0.28080370855277426,0.4272574112109989,0.8747684943905308,0.7726533725969666,1.0
1.0019613193502853e6,0.5433844293407082,0.47234113111735115,0.843590644053758,0.7118764385995119,1.0
1.0019606250461558e6,0.5628602615499501,0.4769319849189255,0.7583727637747129,0.7026129185610257,1.0
0.6599871124612366,0.38500322182707125,0.4175183900273947,0.8613231666966491,0.7281556734533999,1.0
0.6195482552763365,0.35506778450502996,0.4738743804378532,0.8765813245938909,0.7397082460987155,1.0
1.001961333639488e6,0.5653208691338802,0.4231372430669566,0.8720634762107922,0.7143376888054829,1.0
0.6219044683013826,0.3069688344081847,0.47221000366219035,0.8739705802982388,0.7599802385895893,1.0
1.0019613954117161e6,0.4861942536797534,0.43456360546138867,0.8406720265460615,0.7216754579351911,1.0
1.0019606324457007e6,0.5672019675725628,0.47004654699141535,0.6300064639914938,0.7078377722070343,1.0
0.6197719181621701,0.33431252026134256,0.4745968354495462,0.8746563834054415,0.7481778913412666,1.0
1.0019613356653347e6,0.5625250086911711,0.4536120411324416,0.8245191338399595,0.7140850156548405,1.0
0.6377454861866111,0.3174725192476884,0.4430598920217726,0.8756253322472078,0.7557375853880064,1.0
0.6965071308081148,0.3729769699177602,0.44584778698192534,0.82122856036164,0.7307619971505983,1.0
1.0019606537294722e6,0.5133380621625206,0.4317852671115598,0.8051147715937204,0.7168953784124625,1.0
1.0019606263050229e6,0.5342446651740665,0.47579872031658826,0.7212309103845425,0.7130014549016013,1.0
0.6180200825921831,0.3315940640912633,0.4787678510436318,0.8754598650353376,0.7493133233147694,1.0
1.0019613583665056e6,0.5424864057560559,0.4433153053574003,0.8186843467720762,0.718840135774147,1.0
1.0019606358191039e6,0.4991404809018527,0.4583236560463084,0.7750745340451871,0.720328956445331,1.0
1.001960638060384e6,0.4839667370241431,0.45529612248496465,0.7848826354970619,0.7214393345572799,1.0
1.001961348911579e6,0.5223825012215552,0.4457016873974321,0.8847491814046441,0.7190575018088352,1.0
0.6642567594968829,0.31886308241104844,0.4122358026942865,0.8645527142119066,0.7550281504291777,1.0
0.6335305759291601,0.3439545998660587,0.44876944401681745,0.8749504317173895,0.7445837909635494,1.0
0.6481979825258537,0.42644129005003906,0.4354425541068285,0.8573716034131177,0.7126762195070487,1.0
1.001961383325065e6,0.5138162578822488,0.4448255073189212,0.8292801274488265,0.7217248558022625,1.0
0.6313516637300381,0.4208475357888702,0.4701065458528801,0.8534447944286587,0.7141530431937066,1.0
1.001960635593407e6,0.5118276939987141,0.4583653225303334,0.724520909332842,0.7157509988478029,1.0
1.0019606423370345e6,0.480391723283614,0.45020075647238467,0.811383449186701,0.7225867088347889,1.0
0.69986922178485,0.4148694734664448,0.46417634046183387,0.8131666760359214,0.7148315568373125,1.0
0.624123223445921,0.3116597405311251,0.47691082837413773,0.8838762758618445,0.7579842134378151,1.0
1.0019606297793358e6,0.49047910285676183,0.46974154775659727,0.8409439518654969,0.716141136880092,1.0
0.8945700954180512,0.4406156332146903,0.4720518962403803,0.7356922565653224,0.7023214789934267,1.0
0.6289875979354889,0.3516251819503473,0.45627511922837316,0.8777794832121277,0.7413005655969949,1.0
0.6866759942018235,0.34229920173917355,0.4172846737714087,0.8410535645832757,0.7438417011904797,1.0
0.6388145498547745,0.3817918267118963,0.4596761211031447,0.8526163719647404,0.7285327689509327,1.0
0.6498547589663666,0.37607398425745453,0.45258975009052216,0.8469887226217355,0.7306749927310742,1.0
0.6357413166645589,0.3824766148028025,0.44355637091044864,0.8727346547768047,0.7292095094927096,1.0
0.626145959265055,0.29777619043862424,0.4643626170346564,0.8752105188702435,0.7641888122705244,1.0
0.6250649165722088,0.3443766364165874,0.46378877872866175,0.8718387611498306,0.7439935912383667,1.0
0.6349641722000792,0.4176335546031057,0.44680702245746445,0.8659330513767746,0.7159797395458943,1.0
1.0019606381024286e6,0.44942698235853284,0.45589279344008293,0.8628878107122618,0.7288129898832016,1.0
1.0019606471111556e6,0.5382154326810658,0.4407753850860507,0.8842361134840812,0.7091021094547256,1.0
0.6490425107485986,0.4050734279715665,0.4587384482646295,0.8440096256591458,0.7195133677623574,1.0
0.640890617896543,0.39358205420482556,0.44593893964138276,0.8587148951321694,0.7245153652781611,1.0
0.6187842451088386,0.3131019211031349,0.47868968184207816,0.8755933586989556,0.7572117852884085,1.0
0.6201037724966405,0.3371051997517227,0.47372327208637344,0.8751546396564825,0.7470060726720043,1.0
1.0019613465049267e6,0.5028215105749592,0.4559086616728272,0.8185603081187888,0.7200505706922757,1.0
0.6258916394776627,0.33864125602538975,0.47380143334651237,0.8610694095304511,0.7457305199146008,1.0
0.6197333147769684,0.30950287451093983,0.47663272591465283,0.875803673817831,0.758889987711014,1.0
1.0019612954288273e6,0.5079474121151344,0.47003569046272353,0.8436046569601723,0.7207917533846067,1.0
0.7784175029994368,0.4291427596083491,0.4721985080111266,0.7777475924909428,0.7085277015569592,1.0
1.0019606399200896e6,0.4440361078727193,0.4543449276136859,0.8696625603031034,0.730423335253909,1.0
0.6311080119048393,0.4004707401408166,0.46230006226951537,0.8586412094775795,0.721728177829342,1.0
0.6315872164482791,0.3254201768336913,0.45319837155996384,0.8779662223438355,0.752240131288109,1.0
0.6274826435089009,0.32509254619210476,0.46806531625044895,0.8630178045358804,0.75166210942559,1.0
0.6208382498772029,0.3511631722013318,0.4741933635768688,0.8682242013196576,0.7409965925309199,1.0
1.001960647509028e6,0.46741074455907905,0.44141899078418134,0.8102673699184505,0.727739151702705,1.0
0.631724421179948,0.3552009635957931,0.4564157958001233,0.8650753392437845,0.7395680178239326,1.0
0.6268357054841364,0.3554358098141357,0.4756599185699057,0.8578043510267067,0.7389066317081681,1.0
1.0019606466225752e6,0.4491896268241097,0.4428369062901603,0.8626420689372679,0.7318170779503005,1.0
0.6667067555727444,0.35416593201460955,0.47373128829160677,0.8293482168610992,0.7383272775172517,1.0
0.6239703952078799,0.3562673137890081,0.469231633678346,0.866207909799728,0.7389595422695712,1.0
1.0019606304957741e6,0.4729689374482738,0.47073979641922503,0.8596295435321781,0.7208453067964156,1.0
0.6194531801509453,0.3206471023426426,0.47642878291659274,0.8766229005866126,0.7540356885274152,1.0
0.6264466123693759,0.41150111029056263,0.46848630345634995,0.8601321141293263,0.7177194874507449,1.0
0.6255190743154535,0.3237513845191546,0.46356336498060713,0.8763006219102181,0.7528262066016264,1.0
0.6222989562875548,0.37315700265559193,0.4772121887503684,0.8617987013483316,0.7319829083522316,1.0
1.001960643885506e6,0.4310507897096851,0.44912972048113575,0.8582712682249778,0.7356214947536536,1.0
1.0019606315465847e6,0.458152814864069,0.4675144946580158,0.8522804465827385,0.7304008790488997,1.0
0.6213292000287826,0.3177579920464381,0.47242340873823807,0.8756882921909216,0.7552943967000076,1.0
0.6310006061667895,0.307354973691451,0.4552653975113921,0.8719416949701305,0.7599347470993402,1.0
0.618783851338808,0.3342912303756737,0.47680068166468326,0.8755107450632647,0.7481836881995348,1.0
0.6168337153054988,0.382322740483007,0.4792470844416333,0.8711858047587387,0.7287704229770929,1.0
0.6185942983058559,0.34859025795843634,0.4762404591749701,0.8758102949100227,0.742318338927825,1.0
0.6176956032497819,0.3856135192457622,0.47769873752177516,0.8701590173377033,0.7274881140044134,1.0
0.6204561848174732,0.32301279595971094,0.48047376055032753,0.868913330419923,0.7524271606924651,1.0
0.6192008994903819,0.3248083896282412,0.4765749295842609,0.875047943995637,0.7521932451675478,1.0
0.6213753551328345,0.3274523378219687,0.4716604699502603,0.8749958153273398,0.7511615510926029,1.0
0.62671123309453,0.3510179481329552,0.4656722294108608,0.8646258722644405,0.7410311497795867,1.0
0.6261979005438564,0.3790068167826491,0.4784977654651898,0.8561064324643516,0.7295081978650457,1.0
0.623226748602457,0.37731390554336064,0.46744997453925086,0.8683973648954649,0.7307221872894669,1.0
0.6214150248790389,0.31613385480776535,0.47238404973183723,0.8749076073011759,0.7560035364507041,1.0
0.6183881609702598,0.3378565415019188,0.477433224724,0.875289405750909,0.7466951634267084,1.0
0.6283148557296506,0.36698567591789943,0.47937668137951983,0.8539946822387201,0.7340672827840125,1.0
0.6207848579426514,0.36732352282144354,0.4710894413733922,0.8716253792616119,0.7346953642379972,1.0
0.6192641994713037,0.37245840325931584,0.473344052314397,0.8760714927523384,0.7328644292552432,1.0
0.6210999636742461,0.4097491469256213,0.47850863418000394,0.8611832871413251,0.7182873262971551,1.0
0.6172414437552476,0.3873908067713076,0.4771407346870719,0.8751426030361772,0.7271142406672068,1.0
0.6216498098151296,0.39439044456769845,0.4745244318496706,0.8636896883520693,0.7240231396577529,1.0
0.6184094289368132,0.3992417645490879,0.4740198127376119,0.8728549166039675,0.7225944864592119,1.0
0.6231058734307711,0.39647151836483496,0.4657484305019645,0.8699080689102929,0.7236345509587977,1.0
0.6198417693527112,0.38016825924647146,0.47183387791735587,0.8753491045938226,0.7299310554777138,1.0
0.6316448200503609,0.4068523415148394,0.4705563063623877,0.8534680464643105,0.719050903089167,1.0
0.6173975355426882,0.3774480001563394,0.47724868972237017,0.8760781106449297,0.7309011215090826,1.0
0.6189549482343701,0.37931727920055236,0.4738090495117078,0.8758246274128817,0.7301435040622789,1.0
0.6207433770689398,0.3813215099147347,0.46989344461616106,0.873440574461838,0.7293525122121078,1.0
0.6178308500659231,0.41643588651179697,0.47576191992891065,0.8700180562109802,0.7162797116921862,1.0
0.6232686450352423,0.41757529405979227,0.4783968781381892,0.8581450862331348,0.7153585130479735,1.0
0.617123632510996,0.3634321089999315,0.4788138433168367,0.8749733367825963,0.7362342614109318,1.0
0.6181492817939579,0.3723381274635581,0.47632329727677303,0.872183871336324,0.7327405399124781,1.0
0.6169942645769256,0.40679490066079926,0.47706388431057506,0.8720171985260469,0.719777099131775,1.0
0.6166447523962135,0.3899090786176929,0.47829802219217227,0.8737292004592109,0.7260556118057917,1.0
0.6201679002696547,0.38433584283243544,0.4717280680910561,0.870944409266341,0.7281229530750032,1.0
0.6165806633420041,0.3893649618154189,0.47847600677531793,0.8747046562467782,0.7263254739008629,1.0
0.6168133553130233,0.3786849586828326,0.47846269929201696,0.8754056732730906,0.7303503769940308,1.0
0.6207899412666426,0.40259254833120106,0.47330060371197485,0.8659043236118769,0.7211162677337808,1.0
0.6162534720615878,0.38193878687231947,0.4796133098909307,0.8744153046455025,0.7290512899744077,1.0
0.6179591766978033,0.39469927998634285,0.47502213071907956,0.8742496922594828,0.7242996646006022,1.0
0.6179024773522858,0.39663474495568746,0.47637053146975145,0.8702777114864201,0.723435667304163,1.0
0.6184272401293794,0.3946604624181793,0.4741470439032364,0.8766240639492541,0.7244398745073793,1.0
0.6172033171242061,0.38160258737488983,0.47746254774377134,0.8739267758738255,0.7291883292648772,1.0
0.616324173459947,0.384353164494059,0.4794616121679227,0.8761019386295841,0.7281825656449844,1.0
0.6171827825988643,0.38146581763082626,0.47752216860587754,0.8737521444810507,0.7292465639652493,1.0
0.6165304371778908,0.382469639622904,0.479071951827313,0.8755988766495041,0.7288743264765524,1.0
0.616282801539287,0.38199346366549697,0.47950644849781465,0.8744282989230563,0.7290543489542232,1.0
0.6163220627775804,0.38231428462968703,0.4795756534802022,0.876428285649849,0.7289821933798225,1.0
