0.7061719264592228,0.3843208185208767,-0.6303625269517834,0.48073061254631533,0.7609264063656281,0.4
0.6891164682629534,0.35245660286938874,0.21765472787598827,0.582158567822556,1.94335094847402,0.4
0.7310274400466653,0.42069282227963106,-0.11355397877948564,0.6243027899252986,1.390001631201774,0.4
0.7627184437184323,0.43915564106145544,-0.5537613028587764,0.6056585899263794,0.5464572665515917,0.4
0.7157682097248719,0.46789924292336904,-0.028360734963952805,0.6746970476294089,1.105232056558602,0.4
0.6351480934123733,0.3026845712186107,0.5247380104378725,0.4990447672702372,3.4431270400340708,0.4
1.5675385284805174,0.01779135288631548,0.45012994905520126,0.8033271937459489,0.6836764640838825,0.4
0.6888723661146654,0.2657501237081843,-0.6681318384129831,0.34337250586391066,1.960441682808613,0.4
0.900206769637618,0.2489875081174211,0.3190242326888175,0.6751737606296916,1.2071746637504783,0.4
0.7533464437106989,0.3933482047542536,-0.46808152584402984,0.47047202628815643,1.968905533052864,0.4
0.7102723536154392,0.33690772986387096,0.03525060037814265,0.546082960325991,2.296122515967528,0.4
1.1030427502797888,0.1348807678398536,-0.6418478484511073,0.43180879147680135,1.0637503762142446,0.4
0.621402977484417,0.4236512847200586,-0.7644774855323984,0.405397244694855,0.627894966129474,0.4
1.0209011004966198,0.060280581708986994,-0.9972539812123621,0.1968605314511112,2.3964847612659983,0.4
0.7428451998610048,0.3648721940141044,-0.3461066356683539,0.4734761326178987,2.785617545697855,0.4
0.6841886867244347,0.2498346975169366,-0.647333057061228,0.3105040467738821,3.0673954386489464,0.4
2.330026064229241,0.2490758127476673,-0.8205977302591656,0.5952156085101288,1.693992118120464,0.4
0.6562368003208789,0.28065683006263115,-0.6839782034744396,0.3250886348827706,2.1354411604008243,0.4
0.7699714538926696,0.4089146807424248,-0.6335303727909364,0.3664399716782261,1.8060907686516705,0.4
2.0075041257526296,0.38254380077450345,-0.7712272100123276,0.4812275520259797,3.489157098690305,0.4
0.6839891716348611,0.3764480195062255,-0.042104208174819184,0.5076537284374074,2.8373123872140824,0.4
0.6403439776860811,0.4080861112756048,0.24437245966817733,0.5580399051886673,2.238049584647392,0.4
0.709853425946614,0.4706866973388588,-0.09404605101554475,0.5854138342798678,1.731190666143392,0.4
0.7602831751924239,0.38326996125947665,-0.40119740941858145,0.5093312571634395,1.9402814640675647,0.4
0.7226376454829608,0.35071877426051384,-0.5689844189730522,0.4210096912379974,1.6904901410487172,0.4
0.7578574040626931,0.4068423547262523,-0.4511830040216944,0.49451107825763657,1.796515735207547,0.4
1.0735042692204715,0.2108821840248457,-0.4464371731707945,0.5871817449320393,1.0555107296481818,0.4
1.1464050781435788,0.17444045134598574,-0.4428104489781276,0.5771179191798503,1.1528452787252825,0.4
1.3326293899709056,0.1288996179722986,-0.4251820448292423,0.6536645709116989,0.8128431488594574,0.4
0.7677365267416199,0.4076888218117926,-0.48205491073408974,0.5257101091282942,1.305703989444813,0.4
0.7247923549335653,0.4368912131462582,-0.19678718433733566,0.5483471077285086,2.0410690353196785,0.4
0.9910933643564764,0.1673407023244914,-0.031835398280102456,0.5035710195710071,2.965555083890491,0.4
0.7895206152213015,0.33609231043165766,-0.2640060647327126,0.5632607884305415,1.7762633391323994,0.4
0.747755506232092,0.45353390726663567,-0.10884609028439761,0.6984861742745867,0.9550564143422762,0.4
0.876890668244479,0.2745570697776601,-0.39972533878484107,0.5321776727038641,1.7110006028720373,0.4
0.7097511475881713,0.3473294521799577,-0.686355585911988,0.46361446682414587,0.6238057036478759,0.4
0.7778003497010946,0.4046247402920508,-0.3024989468603747,0.6147952587499659,1.265848606413729,0.4
1.0587522122721873,0.23565923077889683,-0.6034858776348007,0.6489071056977747,0.32787501520970574,0.4
1.7921872083965456,0.4378775696450334,-0.5073885327455643,0.6650932744933881,1.1917695742206464,0.4
1.8259509190186245,0.33201212438901967,-0.5100314394313846,0.5913909604930688,1.7876620152156395,0.4
0.7709341875366529,0.4408454592164301,-0.5260237167820655,0.5792258177882522,0.7314940625532991,0.4
1.0515040592147449,0.2604317549529138,-0.5287020582347981,0.6671171624975513,0.45907779411151983,0.4
0.7468276519604475,0.3119767887198003,-0.39178586260656584,0.42516573219233306,3.6019771826027394,0.4
0.7431592824780134,0.343526444418204,-0.4760940080474653,0.41913549027590846,2.7909731784316034,0.4
0.7148642576434987,0.2881427445747608,-0.555466056830326,0.3537190697231161,3.3091333676139336,0.4
0.6614788042642485,0.3583478066674197,0.05933001394540899,0.489813910725752,3.3142823147624965,0.4
1.0539325435804934,0.21220219196032886,-0.2844405876803662,0.6184888468286619,1.2786831087781612,0.4
0.9957601126072266,0.3089434740946111,-0.44056443105328974,0.7282067683228024,0.5380229317606294,0.4
0.6430360685222795,0.33565168612756924,0.2599403817483894,0.505501600706369,3.137206479455142,0.4
0.6784575075978054,0.3109066941298326,-0.6346034341593957,0.33689132548915607,2.4872277659523867,0.4
0.6568478403921998,0.48686238748291255,0.249775326719745,0.5716377452091551,2.0440729041015273,0.4
1.0283932165475247,0.29668993346761374,-0.6000971969991918,0.7656410750419615,0.19023216435103707,0.4
1.111374954895384,0.1482878632230008,-0.4313582429592466,0.4595922776355075,2.6034500713233264,0.4
0.7496425591094322,0.3620316700231308,-0.4481562379546782,0.4449420331730688,2.570639088053893,0.4
0.7240515106262961,0.3559390225060716,-0.26814518324240766,0.4652418617274059,3.298275900400932,0.4
0.9162181831500176,0.32892235369827494,-0.13970979086264518,0.7538500097087877,0.7356276978352329,0.4
1.9313442375477805,0.31405665617130063,-0.6815250040214266,0.4917568833328317,3.2934085241841244,0.4
0.7409190892074449,0.30121801563332545,-0.5074925725046833,0.39645005459089827,2.911241030639568,0.4
0.935008978263961,0.20720666193335402,-0.5040625658003418,0.447491286919649,2.004722695473203,0.4
0.7120905664980295,0.283329665549958,-0.580091090429812,0.3587742807575006,2.761153145428323,0.4
0.7363701413537549,0.3159740982115709,-0.6026500864192001,0.4396240157560032,1.2266494200870222,0.4
0.7617566022316894,0.29927163081584196,-0.420678293004704,0.42955789910710335,3.225955675654591,0.4
0.760323851949158,0.3171135596217851,-0.22004194250851367,0.5135276660568281,2.4933184351745585,0.4
0.752209471606468,0.37584603836228747,-0.44072699705492807,0.45845453961542226,2.4025863435018793,0.4
0.7372701382340404,0.393650353285723,-0.170113078210556,0.5830107951648614,1.6996664934289336,0.4
0.7395960163793003,0.272275973753235,0.35214507759592073,0.5529303574026606,2.3789177423581824,0.4
0.7804093947661923,0.2936510774290355,-0.4052971609591963,0.4493543299205746,2.9427439159679567,0.4
0.9600051346158374,0.19013636577657994,0.19068194119766735,0.5734455245846909,2.040687030324301,0.4
0.6186093546094463,0.3851364317488998,0.3015516160593925,0.48903891039642733,3.5203704349648635,0.4
0.7484168858222833,0.3597780758455076,-0.4035948052437987,0.4528655352366865,2.8194110849012355,0.4
0.7290463736044421,0.3145651730469198,-0.5085722604892662,0.36894743293353516,3.6417814774080646,0.4
0.6021510534961764,0.39805599165052774,0.4753091515537504,0.4885063049105272,3.6385779548524506,0.4
0.6467564176115981,0.33312030588925184,-0.7029107457697521,0.3338781070156703,1.731741529179065,0.4
1.0714052336809823,0.14012451326817135,0.3399533902709596,0.5662893405170555,2.2056990449432146,0.4
2.0741457107861967,0.37037026522869787,-0.8321615853326041,0.4710640998301901,3.7285891279450323,0.4
0.9823124632935903,0.1531873814004081,0.14595213617938296,0.4888587577797286,3.4668824396517097,0.4
0.9901938961800388,0.24166413529984646,0.33436769981754705,0.773548495615358,0.762851759451552,0.4
0.761252509800722,0.3736045442909927,0.22087791168863202,0.717077563354592,0.9601155286324833,0.4
0.710792928507169,0.33155210528036816,-0.5725238547257099,0.3680963623578265,2.6082901433759123,0.4
0.7836725629912825,0.3259281252405838,-0.19375360618940524,0.563786667167444,1.8696953491406385,0.4
0.8363573137832776,0.431389646763528,-0.5866705460501085,0.7076204117831839,0.26365912324028873,0.4
0.6990239712718679,0.44588590341212114,0.08656158889669106,0.6643528036651216,1.198810168870427,0.4
1.7988337910670984,0.32225486459859454,-0.5377968059980531,0.5258328221995812,2.665015931181032,0.4
0.7016846373503344,0.3463097255534484,-0.14110350082288042,0.4796454196249132,3.2804885492671882,0.4
0.6047063668872759,0.4199622841491961,0.4922875599263946,0.5704752058536373,2.1679752663414997,0.4
0.6013628743076407,0.39562004615329016,0.4575762798060704,0.505370336529321,3.2415105921632135,0.4
0.6978191481619329,0.34251771460785946,-0.62006349824882,0.3446594195487065,2.4723665868994917,0.4
0.9149293642818965,0.28107207291478986,-0.4770609373964281,0.5598052396331502,1.074863548866304,0.4
0.7399340626387539,0.33738378381536027,-0.49287293562415124,0.4119174000863196,2.729690696681116,0.4
1.6522694443998005,0.24956953852794894,-0.31845006694595723,0.6186678452953491,1.5206205971557631,0.4
0.7969738725204587,0.3231848486873762,-0.33427055499038305,0.5302441575574849,1.9963024224828483,0.4
1.062508058433717,0.18053103919018637,-0.45991286919600427,0.5000477070464577,1.7577219802066057,0.4
0.746159467530314,0.35035393505749585,-0.41491976084445037,0.43099248100235354,3.221142348388084,0.4
0.7577642604531869,0.4096267476191618,-0.3951161096803977,0.5138487233469872,1.9125524795371938,0.4
0.7535427579401007,0.38021897980868163,-0.4462406608877564,0.46795992427072036,2.2006989136667343,0.4
0.689676921171499,0.45393841919221656,-0.01491025429606141,0.5679044607618193,1.967047235321416,0.4
0.6122058227993741,0.36138154466331296,0.3860277584248921,0.5054866977666665,3.2101200201926123,0.4
0.689542924759734,0.46025931003362863,0.6869184743128273,0.8647378562418818,0.5449960827064096,0.4
0.7403399579217163,0.39642934911604844,-0.5251935695256065,0.4616040978300535,1.5789420720718046,0.4
0.6670766278392479,0.3591610584122546,0.3556849660029757,0.5970667005984214,1.8266131138120734,0.4
0.737373572691856,0.3723947631288627,-0.29713156426773946,0.4960036815509034,2.575745766039451,0.4
0.7364599387145947,0.41765713135290733,-0.10898064920594434,0.6350057957764323,1.3143371749068438,0.4
0.6891197880282149,0.4671599603403329,0.011071576615795914,0.5815296203091623,1.8253234244871173,0.4
0.6870412223767198,0.36476732249705324,-0.07612483477870294,0.4852528302041462,3.2686973811357842,0.4
0.8853133178260787,0.2475680654108467,0.030720417355499012,0.5832816261274949,1.8316331325765771,0.4
0.8100143281976867,0.3133877893776751,-0.3907085765558252,0.5181309895315033,1.9100236641529735,0.4
0.732945954619275,0.38718106973953764,-0.21303225041499022,0.5484287056540335,2.013353488800173,0.4
0.7974177552441333,0.30318461373513456,-0.40587951425995006,0.47587072462958185,2.458775558585694,0.4
0.7514666546012158,0.3057907693466497,-0.33002567143076955,0.4486633133848516,3.4554712893305304,0.4
0.7945498366067067,0.3451309698553163,-0.12960609077287127,0.6244129403147884,1.3800592979003994,0.4
0.7107280918036856,0.32436118836977446,0.6208806472221292,0.6490915286568554,1.4383880533718583,0.4
0.7009937775550488,0.33520487051046116,-0.0412883288287763,0.5044350934426192,2.8987550089024885,0.4
0.6230883754275038,0.4026276688495814,0.348902407447692,0.5543871789422791,2.330926377441358,0.4
0.7381631102666117,0.3866644886396028,-0.22730725260252352,0.5517012563975792,1.959354881581467,0.4
0.6929552788456593,0.39942585103190004,-0.07409341455700479,0.5269387324773259,2.4777744189545654,0.4
0.8387935376536347,0.24423207211702283,-0.4476767207439651,0.4373686730771968,2.796074204340501,0.4
0.909180277503185,0.27035204836549,-0.0708064181231577,0.6464472542671553,1.2670051521587293,0.4
1.0112593849645484,0.15403833813040158,-0.010314607612588858,0.4892906143124697,3.3059883107821335,0.4
0.6685985016451979,0.3663236568277551,0.02924557736781443,0.4985593211899705,3.093969813736833,0.4
0.7743893082236843,0.37425245671648844,-0.2716049105544035,0.5862033079476014,1.5359940937538075,0.4
0.73655595963267,0.3279240236641974,-0.3122038934311242,0.45301548687983206,3.403042931259037,0.4
0.6930023342577739,0.3450942916138448,-0.12607391684120858,0.4652286362658728,3.6573023284238313,0.4
0.7302441427947548,0.4186267600800553,0.11809823357805249,0.7027763416407093,1.0016068533480347,0.4
0.85757415770683,0.258272491912875,-0.07872351350132129,0.5655309814048973,1.9774941031007323,0.4
0.7170314845628171,0.39633924743591753,-0.18003813459331697,0.530108451061071,2.294093958000112,0.4
0.75152751770317,0.38479563402600564,-0.4762762415507604,0.46927845950687597,1.9181563208584709,0.4
0.7557520784908804,0.3368787935845254,0.013789231076384134,0.5936305910266817,1.7161761695553805,0.4
0.7349026174502744,0.3807574151939175,-0.2631653996924355,0.5176673712215153,2.325583537406499,0.4
0.7962143371090412,0.36823981789784677,-0.3918645821936363,0.568807932495739,1.402453341103028,0.4
0.7653754658403635,0.4043335629498802,-0.339811269836624,0.5713663706126791,1.5292471365132294,0.4
0.7426007071645528,0.3870891803374898,-0.3143756691958962,0.5088111546099532,2.318591496221695,0.4
0.9834546674624052,0.194380014319197,0.012325156647097702,0.5728922132771024,1.9560730656929293,0.4
0.7566668123337814,0.3221118528182336,-0.46792042165526726,0.4387288120837714,2.5145235738856178,0.4
0.905181357092933,0.2650400165054234,-0.10408515058976216,0.6123448641980626,1.4825138525966652,0.4
0.6282360467831862,0.3390136462812328,0.41015851553445576,0.5196655635032636,2.9489064935321943,0.4
0.7104857452318636,0.3796326672058883,-0.18719412493120247,0.4930985653322658,2.9082027847165435,0.4
0.7221241159530352,0.2949741815159003,-0.029108243629514807,0.4905372400585228,3.2083499140665417,0.4
0.7363861596577554,0.35083794866403356,-0.31585716977429434,0.46666860555862977,3.0642262207646525,0.4
0.6022849568607772,0.3471905024020861,0.49541469775390107,0.4924875220669139,3.5722598392996128,0.4
1.0464348698350947,0.16763272953408365,0.4285074191198178,0.6467994124256837,1.4182561795967406,0.4
0.6173275394886196,0.3335447622468304,0.37439346829630665,0.4873337315595455,3.6257768687731344,0.4
0.6850637826941355,0.37782394488465476,0.14194936100582847,0.5870825436687326,1.8506587181926772,0.4
0.70045260195711,0.3195836931402858,-0.06382932245404836,0.4827669130330731,3.3420254412727153,0.4
0.6960324302436156,0.3276710687981784,0.19741628776194187,0.5566235756585409,2.244639984518413,0.4
0.7454004737880897,0.32360502216047904,-0.44297531220439146,0.4162813850957877,3.281693381188091,0.4
0.6974195466534537,0.35983804232505684,-0.09082765228929099,0.5031575784428426,2.882315599505263,0.4
0.6040707740579043,0.37239812698422237,0.498412844366812,0.5240667152146085,2.8921260927735624,0.4
0.7891467141522205,0.27470731532445214,-0.41277550584442024,0.43080875395124835,3.328559704115393,0.4
0.8955398029556838,0.20758831518038784,0.47466750733929075,0.6008546270484464,1.836183423524516,0.4
0.788057298346706,0.3164382033377312,-0.3582235546631696,0.5022243470214888,2.282434161131207,0.4
0.7465294805749647,0.36157265246281095,-0.3467917860475878,0.48337223788232314,2.607872604933698,0.4
0.7489177137736766,0.3571874733862228,-0.4104122474506786,0.4510560163915315,2.80024510553776,0.4
0.7468363231036803,0.3533793558476815,-0.3869328517994508,0.45488729501385045,2.9100091902402094,0.4
0.6258770803611236,0.4063666821718662,0.28644467488324993,0.5078179826104569,3.0842645682492793,0.4
0.8770550654365333,0.24026522841400813,-0.5247928001390872,0.462213013780078,1.6310432781786794,0.4
0.7844172143343163,0.27990044850569046,-0.33770059238525885,0.45780453224925177,3.170396190179768,0.4
0.6926548809739786,0.28742494412163055,0.7125158124427097,0.5116974235877557,3.2617113221957137,0.4
0.7735677700173652,0.41811663092815293,-0.40931193465880755,0.44915113770125553,2.8103357678003587,0.4
0.8818642862171318,0.24287154643173148,-0.4058713797814335,0.48139201205357646,2.3278351587177157,0.4
0.6883180941086272,0.36238007761116325,-0.07217170470744988,0.49434663982573057,3.0657696639195384,0.4
0.6987534822731376,0.3807182965146244,-0.0883450137714302,0.5258659562918993,2.4791495128868104,0.4
0.7648059148244394,0.32340544635015117,-0.27954598599618136,0.5077370944806984,2.45638359342145,0.4
0.7498865715406273,0.36103949727734647,-0.404442195952642,0.45748962359567763,2.7136950787918193,0.4
0.6785865513421647,0.4309226016702508,0.06541028084028314,0.5854071568699188,1.831247516986798,0.4
0.6245565868622558,0.41159408422123883,0.503183060377286,0.6251692208447635,1.5990099119092516,0.4
0.7603470411748787,0.37793247417161224,-0.37901655486052194,0.515319449733105,1.9834930098735173,0.4
0.668537007384178,0.41162113299297604,0.1348227991373838,0.5837840212762151,1.880474414597778,0.4
0.7534330781057995,0.2802240843045192,0.644751912516464,0.6156544363669351,1.7300091568489586,0.4
0.8003945667340352,0.30643178338945826,-0.006270014309632213,0.6035307352655621,1.6248563030989698,0.4
0.7851218048508926,0.2888541327826486,-0.031583906205080864,0.5491420439445008,2.199968199832295,0.4
0.7167559862095125,0.3567445028673923,-0.2209513032176083,0.4784885900714979,3.1304455710316037,0.4
0.6271232918307437,0.35981501695841683,0.29133122343356554,0.507087706959258,3.1220002381686074,0.4
0.6972137425432667,0.38641321360251796,-0.03617322639380727,0.5527678899130491,2.1485301759524766,0.4
0.6515875643628772,0.41353526758743775,0.15984979814339825,0.4873198730813711,3.449308632156126,0.4
0.6426056723490945,0.3954120303813564,0.18445352856112457,0.4848641491767465,3.513659497952995,0.4
0.6791360379193325,0.3568712228196448,-0.051118288056374334,0.47654886054524614,3.488271392502272,0.4
0.8966668894048202,0.21189138665969945,-0.16911911005016944,0.4940415991584,2.9499303197221214,0.4
0.8984856409158933,0.2217145366302074,0.3909938994211174,0.6253226859735551,1.5813838902787152,0.4
0.7514344902127041,0.30869250790847563,-0.34707318034630646,0.4461081312767263,3.3811374090169073,0.4
0.7454814733344971,0.332936626485585,-0.07659902525364155,0.5573616820902983,2.060424280841079,0.4
0.7391401395235173,0.3313622086565299,-0.29598011545780195,0.4691198736703814,3.1075535623470065,0.4
0.7921569206873611,0.2921369706462056,-0.13759783690845695,0.5358111104124473,2.2764513082307705,0.4
0.7100324374853577,0.372453109264825,-0.01567234103041902,0.5714871287041539,1.939445073193808,0.4
0.6550042340151709,0.3871407934499712,0.09945150302943476,0.5052474411237968,3.0163727143828636,0.4
0.7505621387912151,0.3263359419820068,-0.14396693908128183,0.5295280940229583,2.3506082485054542,0.4
0.5983115453130444,0.4177617071319707,0.5897954740137162,0.552017242682769,2.458300013172844,0.4
0.7809852402737901,0.3103119057745635,-0.04781520201544568,0.577122069736305,1.859566259505602,0.4
0.7160301312784912,0.3276382191437275,0.16648415466087715,0.5740537196496831,2.007939207854608,0.4
0.721290396186701,0.3413624012211898,-0.2283245352763814,0.47488976874923067,3.1976228442571495,0.4
0.700789845714632,0.3494630482306363,-0.1433978619740119,0.4782664721250042,3.303437174548956,0.4
0.754567456414365,0.35852259479284243,-0.3308794068755291,0.5082743533132241,2.280817777834567,0.4
0.6192617800804998,0.38832421818461654,0.3288729841405898,0.5209767295287393,2.86496743381099,0.4
0.7267596989586748,0.399204984024397,-0.2176291315969579,0.5378452484177071,2.135411942284689,0.4
1.0181430226376937,0.18896533277706035,0.09659747631016363,0.6119975622898051,1.604950007704464,0.4
0.6874006739335766,0.35740752116543373,0.08771504951759179,0.5510309008746952,2.2580311772930757,0.4
0.6339250595680177,0.3369715841633324,0.6425342135978264,0.4962235484562806,3.5832848205833474,0.4
0.6287079857036851,0.4021173045918459,0.27247160581852964,0.5267982089665657,2.728995015478408,0.4
0.6754051277615328,0.4097399599451342,0.04881606872049331,0.5565316349989454,2.1547988453709483,0.4
0.863904210596251,0.25351684983849104,0.18399429756542907,0.6179436420608989,1.5816072670438233,0.4
0.7617068523049527,0.42851620978339955,-0.40623332033162973,0.5050317701787619,1.9531662965203633,0.4
0.7401394455303887,0.34520616881066146,-0.007222531352394916,0.5861018355727288,1.7883987229056522,0.4
0.7821166116627056,0.3813542800009717,-0.18697043872590602,0.638985658600347,1.235157420916987,0.4
0.67618634623766,0.32378568980154315,0.6468540154814549,0.5933359893859455,1.9559405096246845,0.4
0.9131038057835655,0.19064442416381674,0.4557550662454022,0.5721486802176682,2.160254048450064,0.4
0.7109001005724477,0.39891505082487205,0.03398322382585147,0.6198568177991954,1.4977897073841286,0.4
0.7026505422856063,0.32969539267272474,-0.08720283150332693,0.48719284361562104,3.1948411734724522,0.4
0.7490906325526817,0.30404047061345757,-0.1865887107694078,0.49257651472502423,2.9483814939678075,0.4
0.9193447772204618,0.2119110516880608,0.6114289075622421,0.6558927943057693,1.3918161047587776,0.4
0.6614120335732854,0.39497246919445334,0.10588145763242651,0.5376161238919118,2.455125889412773,0.4
0.6987271142390188,0.3448814519074651,-0.0009955592125588386,0.5274067809772938,2.5489496167342818,0.4
0.6213269049377801,0.41008706393973615,0.34033040597219866,0.5393542742412168,2.5581117954815316,0.4
0.7147617486622317,0.43026969874491905,0.04892140241451663,0.666059471732086,1.1782431155445492,0.4
0.6284021252221734,0.3926598528460029,0.3495762601663755,0.5622865830736893,2.225687997002627,0.4
0.6749539491694674,0.41480510632519635,0.061546364887061375,0.5588543862495102,2.122451301472841,0.4
0.6297760838023331,0.3800407773299532,0.23950206914179437,0.5014792364484202,3.1983822991548276,0.4
0.8358083827253121,0.2698786183882798,-0.24620612334645509,0.5220409385550454,2.3123153889901427,0.4
0.6412053392713316,0.3956445288147746,0.4392724714447226,0.6228186595565519,1.6036135631986121,0.4
0.6026686673075891,0.42028203462895586,0.48702606003489074,0.5536871616173036,2.3955863933307673,0.4
0.7480513362615245,0.4220747221354697,-0.13106670592372202,0.6519885206449556,1.1953373812548622,0.4
0.6674765255726677,0.41077255358062215,0.09145247692102881,0.5578062031854143,2.162126489930004,0.4
0.6520466869458579,0.36579166964811627,0.12599669187942508,0.5027281136448087,3.091065347659047,0.4
0.7111308485337873,0.3112100856450854,0.3061091033958454,0.5759530260119741,2.047062243761179,0.4
0.7040153845373744,0.2893572356701308,0.38035427847306535,0.5479007082513423,2.4585241755203118,0.4
0.8157460309102323,0.3131409590435607,0.11099763588221445,0.6602548199935665,1.244078397049151,0.4
0.6668375270099666,0.4283337377326987,0.10427504690801814,0.5725081486381076,1.9850908377725407,0.4
0.8846006873073837,0.25577541559790323,-0.19158737419472374,0.5624209926623243,1.8958539385723865,0.4
0.6922782713770149,0.3694668457140958,-0.020807967802102985,0.5326670505206041,2.4490837541291164,0.4
0.7587035357211246,0.3625093592315791,0.014104418648825737,0.6414616400632505,1.3317560754965092,0.4
0.6121456121885981,0.3833961472367769,0.5470846563510467,0.5708695792863988,2.1882044429893126,0.4
0.7112611269028325,0.34287756162704425,-0.13645687286398261,0.49819739564159893,2.908871644140985,0.4
0.8074539627643356,0.25492011037713075,-0.0888687874223487,0.5079025641589692,2.8021501932146964,0.4
0.7416270784121667,0.40846404261249497,-0.2862540865887135,0.46674627932422175,3.1798695194106146,0.4
0.6269826792823514,0.407865444356796,0.41275116388615585,0.5401617442194598,2.5907971429242997,0.4
0.718914682646542,0.37114948771228956,-0.2213724370355849,0.49202078715982717,2.850515217234457,0.4
0.6603893545105356,0.39921210117463285,0.08028647140896525,0.5122594906038289,2.866845153248474,0.4
0.6543397582764724,0.4011224722527447,0.16524615418595479,0.5534491589338641,2.2610257490478416,0.4
0.6222865504386581,0.4607894296030818,0.38183435852159475,0.559169968118875,2.2703559598121656,0.4
0.7421003445894617,0.32301270882964733,-0.31079007242468326,0.45895656920468275,3.2927668919028927,0.4
0.8112123645249584,0.28502710795173114,0.10268475460433389,0.6031481745243977,1.686512598753735,0.4
0.6141968661070896,0.39071431150889935,0.4715887268497295,0.5680151227135493,2.1983284404720362,0.4
0.7677659374176552,0.3010835013995293,-0.180881684230356,0.511251821936971,2.6269570595746146,0.4
0.9078579449494572,0.23777296556420593,0.16990151190186553,0.6282722724461528,1.4909387773789107,0.4
0.7709037284139594,0.44447399340970056,-0.3690475627531772,0.48842033611936564,2.376559227879596,0.4
0.6829739930400979,0.3609375632254229,0.07065276798258946,0.5407601242735098,2.387921067595389,0.4
0.6077552031501681,0.40978401352008204,0.6048608334502392,0.5818411016224198,2.070933416691998,0.4
0.601040223697126,0.3677903442748813,0.5155886785680417,0.5117525965342488,3.149321253460767,0.4
0.6799217099649624,0.41071532985317616,0.00028671353884032746,0.5375387618375823,2.3819847542079122,0.4
0.6544677772558511,0.36383027788473793,0.6948562595559171,0.6152056546249685,1.740160794052525,0.4
0.6690151355059857,0.41490900569118394,0.13032998151666914,0.5740899375277743,1.9733392745476115,0.4
0.6855494067846666,0.3590278224801112,-0.05742473567770673,0.4928228937554217,3.1163533923010127,0.4
0.7586080821555057,0.32395968366357386,0.2039147526923982,0.6309650852065799,1.4763883077495457,0.4
0.6683798657089784,0.3305952654241432,0.3197790634978418,0.551804095014574,2.366414911708815,0.4
0.7723293464992111,0.318211260852215,0.16537423678341434,0.6294870945479533,1.4765872461823566,0.4
0.6015236719140413,0.3933453268903805,0.622024663551999,0.532438144004822,2.7952241990437234,0.4
0.6256127474916789,0.39981564147914495,0.3110388262909861,0.5296274237202576,2.691476512519505,0.4
0.668474248091953,0.42390920546025984,0.12118835025709314,0.5844394543749014,1.8670585609446695,0.4
0.6107762378046532,0.35976062769507594,0.47371124599334313,0.5217317636929647,2.924896988616281,0.4
0.7867707993444745,0.2812116595897813,0.2507010820684048,0.599907820313583,1.7664855869400047,0.4
0.663317190438912,0.37470098289208087,0.11664970509827793,0.5332125087712721,2.5351808680306864,0.4
0.6886288459114585,0.344222929768766,0.0607531047391562,0.5293690974155647,2.559570607094013,0.4
0.9080239495072776,0.22830300221420732,0.24893640373453071,0.6235612028033929,1.5573144989561811,0.4
0.796094616461344,0.31443750265851833,0.08677046505703563,0.6335930883219668,1.418569520567603,0.4
0.8697991480767066,0.23176039762233294,-0.04760375437669935,0.5330291214174663,2.4448392149463776,0.4
0.6114002034716554,0.37262908143734697,0.5366997851011976,0.5464990552574829,2.5255449634635916,0.4
0.8784788368016561,0.25789246451905223,0.15537670794132286,0.6364080141155838,1.421965617840648,0.4
0.6385242294211686,0.3838094120073712,0.4268749766481138,0.5992347017882378,1.8222403839615424,0.4
0.8375654135181181,0.22956208730182082,0.6221170820589332,0.6021079428942991,1.8630827976854478,0.4
0.6654322637469127,0.3716232297207741,0.09983393988158204,0.5281934993778366,2.6043228986440736,0.4
0.7735205881243585,0.2698716980642189,0.3868216337269291,0.5920355003072812,1.8972495444423059,0.4
0.7897104831415537,0.3230162909197272,-0.3245232445842686,0.5255569427557554,2.0718210220749227,0.4
0.6841030499479155,0.4179064060061443,0.11991473537162158,0.6199978666369395,1.5295112025663469,0.4
0.8102825993102123,0.316599932781474,-0.35347344451375534,0.5331464926564173,1.894250823914844,0.4
0.6141900359233117,0.3509802175497042,0.4806338437062435,0.5223216604226782,2.929076411048274,0.4
0.5994107484830352,0.421191131586868,0.565962349393973,0.5692916547840602,2.208611810015925,0.4
0.600480253194307,0.4221011227690178,0.6198497211616835,0.5693391670522687,2.226697985225476,0.4
0.6445941207737692,0.3167642386775058,0.6534042756446644,0.5218432133177461,3.022324317505749,0.4
0.682673717323463,0.3076092844358234,0.4199495289562453,0.5574221208695626,2.3313942697946857,0.4
0.6192648842470267,0.37685087132129796,0.3476292388891215,0.5211562834067843,2.8694347008267216,0.4
0.7167087146593443,0.33695888840258054,0.14231415863485541,0.5825561161785753,1.9015075873183098,0.4
0.7810837573033962,0.3366383263917454,-0.2243408332711216,0.56574715932704,1.8115636895615868,0.4
0.6913664389719238,0.38909407430151793,0.1368554617357431,0.6090886576213793,1.6326961272523017,0.4
0.784951386763504,0.3517445143746091,-0.2985661009975956,0.5651700874734663,1.6895715486835776,0.4
0.6328153551547332,0.35770830577701396,0.256001808955978,0.505342821752753,3.1359151862258914,0.4
0.710988439576374,0.3600095001540511,0.11142766558133639,0.5972016345620039,1.7359728390390667,0.4
0.845970856762827,0.25609573478361897,0.22499113354981845,0.6123872865060471,1.6448907429566733,0.4
0.6147761408193518,0.3907498020415122,0.6104311673723049,0.5875711327550056,2.005855475902382,0.4
0.9302742881682773,0.23317716847441666,-0.11180009610851996,0.5824385524974935,1.7654727943488484,0.4
0.6089663939511345,0.3638024135909418,0.48092427131069565,0.5272574062154246,2.830912307741821,0.4
0.6711847220460142,0.4049874259980205,0.07393953732186487,0.555612673231909,2.1809469756719446,0.4
0.7962101497205109,0.2751189407313965,0.11769932892818542,0.5736318822661791,2.001172960545686,0.4
0.6252754900386158,0.3731414216975784,0.3088052883926859,0.5203551679716187,2.8666090603810814,0.4
0.5984646199296323,0.38831398086696933,0.5298143499598853,0.5243827704744366,2.902180621581327,0.4
0.6288439821623052,0.3733873400611567,0.4186306800460058,0.5654838535889374,2.2168736402921008,0.4
0.7724216981876986,0.34486651563289616,-0.235084367423395,0.5603699670615078,1.8460256540517825,0.4
0.7667390816062363,0.30700342355531496,-0.2736392881877532,0.4782090316435834,3.0618920918896926,0.4
0.8544140496660697,0.2707351185054773,-0.26841922316997835,0.5379200860169437,2.058701326252771,0.4
0.5991270688990133,0.4200677144393135,0.5896189231048321,0.5667849023163983,2.2492965855911,0.4
0.6450072400924818,0.4092938101818975,0.33966851786735286,0.6079071837883235,1.7139961896505198,0.4
0.6671551859496578,0.43657223557755676,0.09392875603619953,0.5655535806633786,2.0607401855083376,0.4
0.7161680156462864,0.3633671479195314,-0.1316886971092336,0.5292276772982992,2.382391985652455,0.4
0.6807020814466357,0.29255128659816526,0.3354348763748581,0.517819932921333,2.9457049007321534,0.4
0.7105678017601867,0.38163187375769386,-0.18322732082480764,0.4979736658580499,2.821906281723713,0.4
0.6589352063015784,0.3716589648551481,0.23147097163165622,0.5632329408706102,2.169722575219572,0.4
0.640500552796474,0.3535025121209848,0.30611201439720587,0.532732605228834,2.650758146612906,0.4
0.6360933526339401,0.36310134456292703,0.23360749424731145,0.5079924612075936,3.0677205378203003,0.4
0.6545971867901308,0.41850334387352517,0.1487318087084713,0.5518307346127682,2.2718816267649222,0.4
0.6212985045978522,0.43392425201901474,0.3591026511031351,0.5303432138194738,2.699202778946514,0.4
0.6057436415455602,0.434048499393347,0.5037815483114786,0.5244387233129412,2.877632951579807,0.4
0.7500207205212301,0.32272076627245727,0.18776674272677546,0.6147689020170084,1.6058273321987784,0.4
0.6427098558445721,0.44668859717932236,0.27536642312535853,0.520861943095027,2.8144618217436466,0.4
0.6909480707595596,0.40830769768278147,-0.06801486567414382,0.5230787537722064,2.5403790204934387,0.4
0.7637152242978794,0.3133982374633575,0.01463644585705201,0.5756684574635089,1.9119564484495757,0.4
0.6358208997860706,0.3464701052458484,0.4136171548423443,0.5260777961804004,2.809189496359777,0.4
0.6350761451496455,0.3764269672399165,0.29186058651874114,0.5362176839740226,2.5785170900349814,0.4
0.6095379702031325,0.3585026698182609,0.5029670066794746,0.5266912113633109,2.852135241474143,0.4
0.7182842748713607,0.4231732537167251,-0.1811144344611132,0.5005858057827852,2.7655011599152477,0.4
0.7715869918211044,0.2964036796004356,-0.015022742377722775,0.5530391075527638,2.174741821014454,0.4
0.6962381009422346,0.3955699361576531,0.15979689048930468,0.6322075383434078,1.4468461885331467,0.4
0.7102915266582113,0.3635351755075915,-0.09977488873594278,0.5313212526569975,2.3913971163106624,0.4
0.6670773655205965,0.4319705429196379,0.16856261138646575,0.6141191895718423,1.5947852784349223,0.4
0.8549187099369192,0.27740467956691106,-0.1282900536135825,0.585481943633453,1.7138627081983746,0.4
0.5971261658711928,0.39027168722741795,0.5460863869706809,0.5184467914997352,3.02078255654928,0.4
0.665516067674191,0.35229073444820985,0.32578957387447405,0.5701837416262303,2.1134511999633556,0.4
0.7493540488317746,0.3173723234645254,0.21597877245689592,0.6119390273790324,1.6426794867485892,0.4
0.8114280280983084,0.27125774463696073,0.26971568111171995,0.6135958282813484,1.6462884458008618,0.4
0.6404946108905323,0.3756084902054018,0.22890617037379932,0.5272848738176068,2.697863386026377,0.4
0.607498507229221,0.4648257399125486,0.5078819640575438,0.5660638105134496,2.222823984520305,0.4
0.6097260578466173,0.42192879899147884,0.5428340103458632,0.6099063094344601,1.745210835518103,0.4
0.7175128247191072,0.3423441513123052,0.2906495236166071,0.627823409437841,1.5260234023291852,0.4
0.6728374388971605,0.4038964684449723,0.20758712897965906,0.615869386842891,1.5961746576733327,0.4
0.6318031002815596,0.3758870126502087,0.33730410007319933,0.5498868656760078,2.3970466028309505,0.4
0.6006445188354262,0.3937378132806911,0.5437893576713997,0.5442363242350179,2.563950549056322,0.4
0.617116322893346,0.38117739878050455,0.3634854527352617,0.5270253165497485,2.776902789545215,0.4
0.6542074736277115,0.42156624997207276,0.20433461092845087,0.5884629384864264,1.8553106831278399,0.4
0.6328667325180476,0.3269421285271437,0.40715776025608186,0.5115170536375004,3.096537609789952,0.4
0.6787684777750049,0.4143627510385017,0.17304702056275886,0.6260045853600594,1.49908776225108,0.4
0.7148324197521155,0.3763024468343217,0.13326685733295596,0.6300296211582426,1.4580842024845175,0.4
0.8350407897492909,0.23235205745608992,-0.08250162333658959,0.496384242332333,3.0413988199126436,0.4
0.6421701495812814,0.3995797954637828,0.2684274808904371,0.5610035809557491,2.2017044022245393,0.4
0.8217847484754238,0.3070691773227758,-0.364979687010238,0.5303687026564414,1.8677442121547263,0.4
0.6997017020559343,0.38190332620367784,-0.12001959499168591,0.5094547545283654,2.713356205829768,0.4
0.645405771723853,0.37422743764705907,0.3136537804463562,0.5675851475919169,2.1476974992668003,0.4
0.606438861813128,0.379078201514527,0.6056058337263115,0.5479882758208393,2.533067118674835,0.4
0.6229509751019949,0.4081224044217422,0.3317642279160009,0.5470882182506859,2.428307788573678,0.4
0.7331845668367953,0.3959342256431096,-0.23315337677003825,0.5445138280358252,2.0276300811520787,0.4
0.6494345761296808,0.3992097846348265,0.14575123660329692,0.5184052429708996,2.7948054400911504,0.4
0.7015484156554749,0.382663052854338,-0.09431740694738999,0.5314684425381346,2.3881756528522513,0.4
0.6254527684582252,0.3598670000760591,0.30717455452582926,0.5042556566782838,3.1792290018424194,0.4
0.6002080990388149,0.3884871903072904,0.6033705034495165,0.530567740626942,2.8206758549775017,0.4
0.7162235570080835,0.2974999292560776,0.31799461584229005,0.5633008304289049,2.213180091628754,0.4
0.6233459992704354,0.35597958673212465,0.3947413000501274,0.512059474040252,3.0645557245519246,0.4
0.6061789974666089,0.4116482439064792,0.45916922024680307,0.5544408602654327,2.375245219684311,0.4
0.6779076317198913,0.28312660952149366,0.46595198100368507,0.5184431330337211,3.0002455249575153,0.4
0.7468643468450995,0.28831932480157063,-0.07754718751994542,0.49922596521546525,2.98081401880599,0.4
0.6552776570206185,0.4275393732584026,0.16075591354545848,0.5676277942977969,2.071897189074969,0.4
0.7708429575656711,0.2847204040936067,-0.16360160519120115,0.4977947475221838,2.8970839980290184,0.4
0.6137706351850031,0.4250563738343815,0.3936650525441102,0.5499564372494427,2.4130644105118737,0.4
0.662689319684873,0.38946578454637243,0.18687186241762477,0.5731650553927389,2.0223376672777196,0.4
0.6264493582645763,0.38618906216462984,0.27461493411365234,0.5141581148621346,2.963657598654191,0.4
0.6512369235769723,0.3685448856098715,0.2868247273275157,0.5620999946426303,2.2036128250338534,0.4
0.7969754566851966,0.26336867210983606,0.23849912775591703,0.5753085490740399,2.029044877384577,0.4
0.6450260808399524,0.34330636531243097,0.2930817482529317,0.5264482850615322,2.7583214231474065,0.4
0.7270438708585556,0.27597957993978084,0.4490486527875995,0.5604344250433319,2.303066243500284,0.4
0.6685530055617523,0.3919719720209283,0.051576265451194835,0.525748025923953,2.606237736588955,0.4
0.7706892255767619,0.2891123497226174,0.08228674794231443,0.5622346471896692,2.115536930197574,0.4
0.7169805218822334,0.39015273390239896,-0.1261046222279872,0.5585873581090915,1.9951660052819438,0.4
0.6434681784805968,0.35238217838592173,0.3320535021723574,0.5447071591078024,2.474648666032937,0.4
0.7057056786256913,0.2708435718755469,0.6538645661865655,0.5274190549996046,2.9249352250026286,0.4
0.6359138868844227,0.4090830989556843,0.2834457997563984,0.5657865223839144,2.1501161574496317,0.4
0.70961082765493,0.3175168148215883,0.272621197436189,0.5767312012175546,2.0258403119896378,0.4
0.720767487310187,0.29706453526230847,-0.060556750417463265,0.48470922878925204,3.3057560267189,0.4
0.683259656528648,0.3192528265707679,0.3177332356551145,0.5557298297363352,2.3120712296159396,0.4
0.6669209569914268,0.3490249821274973,0.26874693942602634,0.5567398281538145,2.2668658196416276,0.4
0.7098097462614438,0.42277133918884646,-0.138440543316301,0.4973922324654618,2.8949427305508095,0.4
0.7511000566818279,0.261955305708322,0.14838409503526903,0.5116334792198468,2.9534073855896135,0.4
0.668221300728733,0.3204018038123537,0.16976731893538174,0.5023875430439807,3.1389209001881175,0.4
0.6525315152623961,0.2974412916009131,0.4979670738020474,0.5139156106042404,3.110278494301396,0.4
0.5975968509573538,0.3835649114253592,0.5072479287711492,0.5020228436194437,3.3483567511463606,0.4
0.6393278275554604,0.37656151600999144,0.232899605981898,0.5227736488209895,2.788963472418034,0.4
0.6410168987369803,0.35625081685024457,0.18399958750788697,0.49434362168411766,3.3174745254062574,0.4
0.6907860885986062,0.3620957136993262,0.15519994280472815,0.5819765730577593,1.9133378164349937,0.4
0.6125328983156249,0.41811046655977663,0.38932113649861627,0.5335767780381377,2.6672820150799152,0.4
0.7379990360522529,0.26642439572154697,0.6471677285094798,0.5627615739548762,2.3448903163638204,0.4
0.6124286446454419,0.4300584626018989,0.4160834474236531,0.5543220053633748,2.360732210234277,0.4
0.603286051399275,0.41420558907426697,0.5368560904678322,0.5593987657702634,2.339073128548802,0.4
0.6684490934236919,0.3998266942999223,0.10646621671424354,0.5614310709770979,2.126477054507093,0.4
0.6421434845424312,0.431088515131241,0.2313736469176889,0.5658608625266589,2.1252547268435245,0.4
0.6261576321065343,0.37065193559015297,0.28988271355960427,0.5128091010421577,3.0022214024293357,0.4
0.6000308989416825,0.41135951105101387,0.6177623157216048,0.5471952694252022,2.543526400146185,0.4
0.6902960965228984,0.33411822466718105,0.1770050008706002,0.5509933448291466,2.306844647390027,0.4
0.7329127560532704,0.3043447788242963,-0.060867914165432364,0.5080522538403514,2.822224952020473,0.4
0.709265338926137,0.2793617238235114,0.13666956026583937,0.49272958213733253,3.338083932570451,0.4
0.6978526208737305,0.32778184484729656,-0.016747349564909753,0.5019732830467534,2.993501183987714,0.4
0.8440506779328752,0.2624802519847963,-0.12501923162267553,0.5482736410661401,2.1348221405120302,0.4
0.6586691216404346,0.36004531925760386,0.2455990628336507,0.5546281035959599,2.2912316086563056,0.4
0.7567046560176633,0.2906294930825684,0.22264031946506854,0.5787309211247156,1.9847653850682647,0.4
0.6670908272361544,0.33741376958156805,0.3000088627551962,0.5545735820606231,2.3181831232899017,0.4
0.6583418303467785,0.4391932710308056,0.13519498809972383,0.5488730714078139,2.301070739220121,0.4
0.6313090959883157,0.37353232527553504,0.2406836122085746,0.5056910048317707,3.1129391326466878,0.4
0.5984848321738959,0.43095291738747216,0.5682702649142305,0.5631121540821176,2.2900876301323376,0.4
0.7152666607753416,0.3275769441834843,0.18777535892989597,0.578978426580802,1.9640225918670622,0.4
0.6887781308401075,0.3395379647134594,0.2578565044921316,0.5771412994548216,2.0106622752830345,0.4
0.755052226655729,0.2689938514922714,0.35952234261589533,0.5655500011247925,2.2028011007058104,0.4
0.6722394214406684,0.32154707963124046,0.21478219228388656,0.5210080535802446,2.8102634366579595,0.4
0.7156980412528828,0.292786194222009,0.17436444782807803,0.5262901556109203,2.7046644414819436,0.4
0.607405102244415,0.4058816327685525,0.6577820065619512,0.5265101271350507,2.914276353956427,0.4
0.6245509294080468,0.34752494025265585,0.5730407626573573,0.547938610640405,2.530786348331152,0.4
0.6988233105689663,0.36556083110895876,0.18797760306736694,0.6036164019089996,1.6985077292129924,0.4
0.6324653436295946,0.3809900502636474,0.2515476511544583,0.5198798610131958,2.8433180176897124,0.4
0.6048676476571111,0.3854830879202421,0.4189228360068234,0.5064748210929784,3.202055548919366,0.4
0.6331632608568818,0.33679315348937267,0.5864679112957212,0.5494837008151015,2.511053839964777,0.4
0.6392928212583925,0.3985627741088177,0.21186266771669904,0.5224218000858093,2.7632341850749826,0.4
0.69941750257699,0.31996508298700466,0.253952506587203,0.5635146570225067,2.182102920538931,0.4
0.6594016752350739,0.32124441268077414,0.19316106695486443,0.49633771855670333,3.2850194651978066,0.4
0.7112469496352586,0.34555183730057387,0.0406330014433008,0.5512519607139127,2.2132406693265,0.4
0.7118495369751486,0.2773689125796455,0.16993294195222008,0.4989141479237087,3.2235934000710604,0.4
0.6175400827129672,0.3310745063772875,0.6180447529941877,0.5007006217059745,3.450764142849321,0.4
0.6186813267345644,0.40481513039694617,0.3321362168206765,0.5197911205872371,2.8868927919900784,0.4
0.6846918464114327,0.40697798578744093,-0.007663159023135552,0.547954556706857,2.223933179874867,0.4
0.6659802404037728,0.33992726462890993,0.06315426680481512,0.4868716609121249,3.383049746225491,0.4
0.6741422235022438,0.3942868496232266,-0.006441363306453118,0.4921736460414794,3.1824437970166155,0.4
0.6398980448148497,0.3851974984063489,0.31671572792700353,0.5625189491602284,2.204829402459999,0.4
0.6319238456515387,0.3761508172262596,0.30346841761581556,0.5375733207139005,2.5676228356738373,0.4
0.6369148400538683,0.4059233475769289,0.2202270526563146,0.5200898507400684,2.8114617150612755,0.4
0.6182650780160105,0.3910280834563016,0.337917753661154,0.5229310603996291,2.830834265324982,0.4
0.6249324352814696,0.38557764927660887,0.3014550232430177,0.5200794806119907,2.8732301970567584,0.4
0.615374762442628,0.3654361660106509,0.3843363168756248,0.5173732702455516,2.9673886457389824,0.4
0.6980385398575744,0.3252937913033901,-0.019919045811346375,0.4989504468833252,3.043389652491296,0.4
0.6320106134359124,0.370463559506423,0.232843620307457,0.5019147008820963,3.1874707875317703,0.4
0.6784374927171531,0.33701651825476114,0.1116414577118107,0.520308004471107,2.7492032566656066,0.4
0.6320344054439754,0.38267712551015126,0.3325822750169304,0.5542530068917219,2.328651116600195,0.4
0.6735930709514062,0.3159593987520295,0.280965107898513,0.5254398726900827,2.7620357338745363,0.4
0.6180396965819986,0.4170777672422331,0.35279483656916255,0.5121348422851248,3.0406122954683816,0.4
0.6045615240209055,0.43222452044487103,0.4801550122608783,0.5422835578593744,2.560339238291331,0.4
0.5988057636506513,0.41343409977161816,0.5394191377533807,0.5497285069281712,2.4750818328972515,0.4
0.5975082069725293,0.4006216889255224,0.5389427502484367,0.5201696701659405,2.9831279340742434,0.4
0.6529096788802983,0.35035287040465735,0.26100743345487926,0.5380975669499688,2.5478627452709195,0.4
0.630117493423953,0.4326269635735772,0.3082708744937122,0.5728247017212873,2.070834469930364,0.4
0.6010275612776448,0.3636828825691469,0.5111687925247261,0.5089289379127347,3.201830775850986,0.4
0.6064863445616314,0.37247426259792055,0.5553147972008172,0.5416558424134954,2.6142212776861413,0.4
0.5975202194926331,0.39223909933243223,0.5121607821992057,0.5065922762487661,3.2447448106482284,0.4
0.6066739440404411,0.36450912749006864,0.594673753636834,0.5291326034773006,2.8492610645028575,0.4
0.6372623113962919,0.4057165620210425,0.25442229938899147,0.5523870374313482,2.319547228162082,0.4
0.6697713507664875,0.38050992673687484,0.13401870332828517,0.5590894720147978,2.174026205691463,0.4
0.6623188853621288,0.3619145855921017,0.26010695244350757,0.567110351578685,2.132546240205023,0.4
0.6383583463293273,0.3913621937962992,0.2067718496614822,0.5181139427272411,2.8454163252338445,0.4
0.7238261107044708,0.28863056709235857,0.31638186524603584,0.5575298510801185,2.2923062192695944,0.4
0.6418813118054899,0.37557739776020377,0.24767313928966606,0.5382828912883681,2.52797464832876,0.4
0.5983590304390173,0.37403099480563523,0.5386770117709536,0.512147525212397,3.1472969601229437,0.4
0.6809921641094278,0.3715039598855058,0.04850979552642137,0.5402896924014983,2.3810219128385133,0.4
0.6254510797075581,0.3415662004293474,0.4942947574535649,0.5363507370807319,2.682363695648971,0.4
0.725127871329781,0.28043740442891785,0.17170479754481216,0.5180322406667168,2.8507731504751024,0.4
0.6005868976372978,0.3766443329769984,0.5087717985947812,0.5203292096460821,2.9705065443252647,0.4
0.6054490561938312,0.3564995879268328,0.5358327800722853,0.5167005737243363,3.0561118501027096,0.4
0.650076553627829,0.3373043449498235,0.5052209174746989,0.5723482580147485,2.1609646962031834,0.4
0.6188843379309213,0.4068691806129908,0.3332998415165152,0.5247029545779105,2.7957247213810366,0.4
0.6294479981537948,0.3866373884739311,0.3019928715185717,0.5392037110755055,2.5387893539763353,0.4
0.6144112120092706,0.34984138105746043,0.4378547558550155,0.5132557594334205,3.0756097209539166,0.4
0.7438835195727228,0.2989196688511005,0.19032459418173675,0.5708053924974851,2.0625332765046043,0.4
0.6205452779535349,0.39054685962968216,0.394956536585378,0.5568165640715854,2.3172372373653793,0.4
0.6357757806149917,0.4020107204353274,0.3030576523769557,0.5678621002569398,2.1313626832161656,0.4
0.6494447314058054,0.3308514648821746,0.3141746144918498,0.5240808435428539,2.8109726331403944,0.4
0.6401153893074404,0.375746191985345,0.20955772890639712,0.5174316585817894,2.866268767396906,0.4
0.5967532056683547,0.386612757796968,0.5407905905247163,0.509899977755173,3.1910422342215856,0.4
0.6481097351790595,0.2944637766575367,0.5664125621188364,0.5050410704460396,3.3333572853139355,0.4
0.6201716371190286,0.4154685870424074,0.3318106277265329,0.5247105323729236,2.7933527736935555,0.4
0.7139560765796723,0.28190375836586085,0.3712257993451027,0.5453871042380422,2.495302091935209,0.4
0.5975358194693027,0.3920936103108636,0.5523321513516832,0.5249272673180282,2.900312381679087,0.4
0.6280638977509332,0.4177709025875718,0.2841885898467205,0.517391703719398,2.8991009799730976,0.4
0.7618486751375398,0.2810059698849684,0.05750059007323263,0.534734376381915,2.489941019653255,0.4
0.6982763232583056,0.3134473092598076,0.3636287844180426,0.5682499840854256,2.1570550729954037,0.4
0.6223842409961275,0.350752512183374,0.3508607948244891,0.5089099644710046,3.119613717974598,0.4
0.7082794520089557,0.3101998298796443,0.2396273914855931,0.556913929305667,2.2620590816410115,0.4
0.6376033771920344,0.415801081394583,0.22555153382412418,0.5105644848735518,2.9966662737669414,0.4
0.6979237124891357,0.30528385304106304,0.3475350984781814,0.559733663301931,2.272814124956233,0.4
0.6251780683775585,0.34464364546606263,0.32201120194829336,0.4997797227277743,3.2968554728529194,0.4
0.6838026588058899,0.2948920906390108,0.28915822435046024,0.516265020219851,2.9495239928562564,0.4
0.6275975717320464,0.3921823020467308,0.2928863365124429,0.5332054789459859,2.632993430520257,0.4
0.6261188444754298,0.3407009259812882,0.5144134267037582,0.5384947156885198,2.6542355859576836,0.4
0.6668884467551228,0.30998668733501783,0.5851019406588158,0.558834934750764,2.3757463357257302,0.4
0.681888298138837,0.32742333332081786,0.31122064537328953,0.5642482649820799,2.1943330329458886,0.4
0.6563457938773565,0.3173259658573968,0.4398876925698297,0.5417127723224318,2.5768816419030873,0.4
0.6348416540442537,0.37308307680980696,0.25958265405145176,0.524686582900463,2.764167887496339,0.4
0.6606607102759382,0.3188143671218907,0.4377420429668401,0.5494149518592658,2.455742188980717,0.4
0.5983596645235476,0.40295769865871733,0.5314511685800841,0.520520931318239,2.973999121491617,0.4
0.7017674567322524,0.2917626267799636,0.3424863293832301,0.5424260573736097,2.5266278435128204,0.4
0.7030699854948879,0.3703156685736139,-0.08992436261102915,0.5268320749640755,2.4632182800900555,0.4
0.6954548074885528,0.30172123289556,0.18311232285676887,0.5174580480137424,2.8585440102737127,0.4
0.6506122561783586,0.3290476776130634,0.2802310633832972,0.5155355033223272,2.952865161149835,0.4
0.6454052659516485,0.3702007799258031,0.1569720221661478,0.5024940165054902,3.1192291264753407,0.4
0.6552296074339313,0.37528210593485933,0.16280213985940176,0.5294851557638744,2.615422377903748,0.4
0.6028459439160113,0.36931500817999025,0.5304135179149136,0.5215375392882051,2.9549236591484065,0.4
0.6082752632248649,0.3834090173719002,0.6176510747828243,0.558326604359068,2.382707388015211,0.4
0.6041182168111771,0.3944191995485565,0.42791554887351135,0.4985453476838824,3.3738645286808016,0.4
0.646733003517428,0.3478253685966111,0.2837993937522464,0.531880827182929,2.6577349243576864,0.4
0.6743866189848635,0.3222218917573624,0.30267633830778085,0.5453653679602624,2.45850317511339,0.4
0.6586024328577923,0.31729403231755554,0.3791157546919056,0.5336213667250098,2.6812251993306617,0.4
0.6411751371402608,0.3199384140750759,0.41928447167873434,0.5169313356375872,2.996442020120894,0.4
0.6280418978884791,0.39280745656054844,0.2713574178651708,0.5206502199372152,2.835670813952277,0.4
0.5995971046056332,0.4062682349538426,0.5586501409884777,0.5548947080697696,2.406775300396197,0.4
0.630831640168227,0.3900417695368378,0.2966696361172977,0.5429545894183821,2.476989042604508,0.4
0.5986966602201075,0.374663998634025,0.5302093137699398,0.5000595484008069,3.3974745862961306,0.4
0.5978630031663499,0.40686040001906465,0.5462496918288919,0.5300376700633898,2.8033673044990848,0.4
0.6193029552908815,0.38554664973424374,0.3630400306729476,0.5355870725693245,2.6253169743696523,0.4
0.6406335402118375,0.3182829933360914,0.5255533049066831,0.5273114842882309,2.853449482054978,0.4
0.6088565847399048,0.40987970544316993,0.40647980043870113,0.5176499410943676,2.9621251021382053,0.4
0.6815898153328941,0.30135383379323516,0.1995909929028134,0.5037988605401384,3.1372718795716463,0.4
0.5967754173955138,0.38392840208377527,0.5436249362735882,0.509417118736535,3.203937920817642,0.4
0.6096495405809005,0.38305818224537913,0.3906084491563603,0.5115863721759926,3.0755387340977496,0.4
0.6651367198543008,0.3296053909176672,0.13287742175000672,0.4986848571791302,3.1905712986444783,0.4
0.6299770546958605,0.3765797073520133,0.26328950040258825,0.5154166627441344,2.934296079081257,0.4
0.6683789134752413,0.3108915828970187,0.46664815391735304,0.5524018847027461,2.4241351688534603,0.4
0.6482533394683809,0.37314693334395677,0.1615144273303261,0.5149564984367073,2.877236500656702,0.4
0.5998302021174166,0.3875108225795645,0.4675973475253085,0.5034942693010394,3.2888509936466637,0.4
0.6266696449624038,0.3689414563703238,0.26621393178628705,0.5015766388331294,3.21584135493587,0.4
0.6520889732302011,0.3075954958195476,0.325726057214278,0.5010215676189314,3.2796146765198526,0.4
0.5976470678986054,0.40688759377853834,0.5685270000538707,0.5310447915144307,2.791631197694026,0.4
0.6791086337308633,0.29496030295518805,0.4531715763523459,0.5387784207420092,2.631887310378068,0.4
0.6610708245563706,0.3276689511596826,0.44226085735187903,0.5632443948694301,2.261766281548859,0.4
0.5981510454291379,0.4083304170928548,0.5874405890215152,0.5417877808009752,2.618692368525286,0.4
0.5974709093728167,0.38038634878588773,0.5020518981842572,0.5000945246514036,3.384204452198975,0.4
0.6470891433314728,0.3533183290489257,0.3015389648827398,0.543700872971173,2.4769836906819025,0.4
0.652704730831436,0.31940396935818083,0.5263075896320568,0.5513517580629647,2.462157840576656,0.4
0.6323733785786351,0.3687329202367092,0.2872952446432568,0.526205078862928,2.752420326288514,0.4
0.6033294577501674,0.3986316109143258,0.4673452933611741,0.5355019126284071,2.673756592247206,0.4
0.6993287680449696,0.2931627444081787,0.16100356520484158,0.5056989261819536,3.072878083272585,0.4
0.6659464298723421,0.350203099502806,0.2971345725210719,0.5650417437607365,2.169843707728602,0.4
0.5961390631819793,0.37599684928778887,0.530470277543467,0.493646653946353,3.554576300388519,0.4
0.6258830073421184,0.3676540073963935,0.27130377103260905,0.5009114195538484,3.233846343482373,0.4
0.6813218354188599,0.3113858113127117,0.3160370946876702,0.5421042282889306,2.5164739248408745,0.4
0.6282657211055119,0.340731250563717,0.4087422888575585,0.5219531534611015,2.8930982867604342,0.4
0.6797983128608609,0.3144786352252053,0.136422870418706,0.5036620649388991,3.0933636665869675,0.4
0.6785233678885119,0.3173738671643944,0.20133328812678677,0.5212753078632968,2.801612701183687,0.4
0.6389666720481306,0.34401520371863376,0.2466840276288123,0.5014261504247645,3.2074052233431494,0.4
0.62830505647725,0.33586278947828974,0.5177835499335535,0.5366016436110422,2.6900652886856027,0.4
0.632910008436587,0.3484893596051347,0.3632406246914635,0.5302081656927797,2.724889972417326,0.4
0.6129617463098599,0.38944638272912196,0.3697467473945323,0.5197863907415581,2.907173951983453,0.4
0.5965446946179112,0.3859903223946252,0.5422308244450205,0.5040249805231257,3.3195118352478854,0.4
0.5971674070633356,0.397417259540684,0.5471442176088895,0.5222779116433071,2.9452459683297416,0.4
0.6467059524612644,0.3378711257187609,0.3664535143762105,0.5411539670441077,2.549830452320749,0.4
0.6431155713495643,0.3363421020726195,0.25922836907792235,0.506134153605498,3.1231256171427897,0.4
0.6095577379543006,0.3637662217999269,0.38892426186244955,0.49986696691322596,3.3290698485624444,0.4
0.6005590389523684,0.4024768909316585,0.5281003054415933,0.5497672281156744,2.4721936841343743,0.4
0.637986114996397,0.3290395667593393,0.33302094509370334,0.5079100112619201,3.1306278561268006,0.4
0.6257867166752451,0.3497858748077581,0.2567511476123771,0.481801502746081,3.674750294474296,0.4
0.6299964956825391,0.36294583046250695,0.2703381592105947,0.507295662796394,3.1063402963048174,0.4
0.6074151998863793,0.34362309861643986,0.5362823214240354,0.5050223859060362,3.308296839250758,0.4
0.6217773766166618,0.350069578652309,0.3300535623327895,0.49901640979718725,3.3138864204057774,0.4
0.5967122330621445,0.3903915874326119,0.5460417383706088,0.5072573320268274,3.2488125979911104,0.4
0.6181901533994392,0.36442525257415415,0.3342241884606654,0.5047435446034776,3.1941004625261593,0.4
0.6235020687809553,0.3495554093314739,0.3504596102921821,0.5099585108712683,3.0986788398155256,0.4
0.6252730135441994,0.3270011481857012,0.5335757609187141,0.5197699309038027,3.0036376137881042,0.4
0.6199579094027461,0.3571544423189454,0.31847227332647177,0.4972713528794899,3.345952400569623,0.4
0.6226854934625871,0.3602225432141983,0.3931830744201815,0.5319459269276186,2.708362986178071,0.4
0.6561804140355817,0.3273896302191824,0.2968310761787937,0.5254687312393533,2.7769570642822274,0.4
0.6048421913029836,0.3730080119926053,0.4301508823493613,0.5076685445890898,3.18364726618316,0.4
0.6547032362851812,0.2983261895423572,0.5938871216225031,0.5197255815416709,3.0387815069392143,0.4
0.6035879939645805,0.36361078615502707,0.5158289506253103,0.5184528729156652,3.0124046348108804,0.4
0.5998077418827441,0.35883811082982187,0.4838983886095885,0.4938618902012644,3.5261300336453774,0.4
0.6117810987572447,0.36232847160788606,0.43091020443686057,0.520047459927181,2.9402560501852713,0.4
0.6280218747538755,0.36899854996056763,0.32090395836121005,0.5289291486736085,2.7232047959670416,0.4
0.6247869512808153,0.3841120608657355,0.25883701623944966,0.4855010715531484,3.5742525670691276,0.4
0.5970559454189484,0.39030678222860116,0.5374763396069174,0.515919409304428,3.0661226651775326,0.4
0.6075029048096138,0.36233915364108127,0.3857348486921913,0.4905723860975061,3.5443498535005147,0.4
0.6371384105179034,0.34285117567765205,0.22156819067795372,0.48958101571124185,3.4605454138824214,0.4
0.6137512634107289,0.3741338532381668,0.33775036388048146,0.49592859444731696,3.384813298609056,0.4
0.6157628051314302,0.3612781348100158,0.35958748800484613,0.5056221103745102,3.1899476242245757,0.4
0.6903854323776679,0.297243274429214,0.1827496779100333,0.5049888635935287,3.1105113889834746,0.4
0.5971921517327105,0.3910036231024824,0.5477546386583901,0.49814289208030654,3.4535386651280655,0.4
0.6202108448042873,0.40796585243711714,0.32584968337455605,0.5257530380413131,2.771827759613561,0.4
0.6196840058305563,0.33380871508208815,0.4012517071469921,0.49832174107192373,3.3791101885685992,0.4
0.6088006330868453,0.33825980802977595,0.5056431439910192,0.500047388100389,3.3997951241797266,0.4
0.6160706486876336,0.35223309530237545,0.4159443237891256,0.5154564684050523,3.0236404302517363,0.4
0.6105232598643723,0.33178433718967587,0.5558541261963938,0.4970408900971968,3.501268594493618,0.4
0.6133832143058374,0.3863357165221982,0.3457664502366098,0.5014579107049466,3.2650686369958053,0.4
0.6453945572912971,0.3148595504998986,0.46634130661822304,0.5268018048471425,2.8417364757967856,0.4
0.6558708705748807,0.312421234814701,0.24013866437562656,0.493648713072646,3.387550308440837,0.4
0.6290885855444572,0.3546869167079288,0.30864611268618863,0.5133391016191159,3.0076785613342407,0.4
0.5962330728059273,0.376141208769873,0.5415420744107425,0.4960934940027825,3.5023453004136944,0.4
0.6336933270050161,0.31227495646129966,0.40173199322223907,0.4952014241968867,3.4639681329148906,0.4
0.6424431429774529,0.35784530658940805,0.17467892468246388,0.4949380548871932,3.3008885695357324,0.4
0.7170033929138997,0.2884339567429941,0.06811589924750708,0.49816802851247477,3.1475125541127533,0.4
0.6357787820074455,0.3351614464345647,0.36660699834886284,0.520489277094042,2.9044139273340375,0.4
0.615433340892943,0.3729901059258736,0.33027337581664046,0.4942693349955105,3.413159610788342,0.4
0.625581259003535,0.31779327526115186,0.45394765952805183,0.4980183931495816,3.41964103536811,0.4
0.6080164823709262,0.37172644891501183,0.39343488141038846,0.5024593277165225,3.2748342583413206,0.4
0.6371405772980662,0.34009952669186055,0.32063177225390427,0.5170019124303807,2.946324299312847,0.4
0.6582791192554154,0.37039326956736346,0.07205712411891098,0.493710383327874,3.235889160347791,0.4
0.6107783346984212,0.4016797630253728,0.3854453450090511,0.5209466227310744,2.891129809379086,0.4
0.6276814859060253,0.3327645838116802,0.36813272459279833,0.5043955921748632,3.2292754128281893,0.4
0.6050887077327243,0.35748759677931896,0.4654481422389794,0.5062102702435771,3.237983997152661,0.4
0.6482433202924103,0.33983994500428516,0.2770818351050429,0.5235205581086765,2.800150264662875,0.4
0.5965374474823879,0.37751825254375876,0.5083922863243077,0.4916676415025284,3.588323957274712,0.4
0.610514943333634,0.33376493049972233,0.5309891346874229,0.4999941230357657,3.4170204049881012,0.4
0.615367691422518,0.3802028402596223,0.3363046219831496,0.5049972320993265,3.1847039493978393,0.4
0.6071755439802728,0.37802651771825246,0.40207971718137414,0.5068540355049921,3.183596589590457,0.4
0.6247328640643035,0.34532211804266655,0.3949665684515161,0.5196570449410983,2.9315624920849297,0.4
0.6319899875528607,0.30694200931544624,0.4928450478935085,0.49857977655456737,3.4371528563506604,0.4
0.6712513092840052,0.3111147082222631,0.2608051595031642,0.5172385354110027,2.9135996132090933,0.4
0.617097033718339,0.3628655939965337,0.43252156550939735,0.5337102195924399,2.697049396056041,0.4
0.6354028513442791,0.34881793704826897,0.32825429886581037,0.5256674455472828,2.787100261795677,0.4
0.6305073396547888,0.3220809154678252,0.5469586820077464,0.5220140648757282,2.967335031009199,0.4
0.6025245472732775,0.3503045425813184,0.5885425368628668,0.4927782020263967,3.6136528691190057,0.4
0.6247963003754313,0.3632064498714969,0.2987865963982437,0.5072817808389752,3.1188155856601094,0.4
0.6002324777676689,0.3824778082478829,0.5160148040321144,0.52620783996238,2.8619865262128146,0.4
0.6288042853285825,0.3319670423316819,0.4058352046288022,0.5136131407302862,3.0616415126686767,0.4
0.61584719728522,0.3472294272670952,0.40611840320293413,0.5044694589701508,3.2396040137650934,0.4
0.602014976642861,0.35243635247034644,0.4751924705112091,0.49381725085723327,3.5254146674603812,0.4
0.6301448677990366,0.3242134662968786,0.5593677785559488,0.5240212425597401,2.9377107539463965,0.4
0.6019894082476718,0.3498688796141666,0.5329581339313098,0.4984474293515569,3.4507861263957422,0.4
0.6211097635235324,0.34163910981663176,0.386878612521737,0.5068278067254302,3.1864551814560063,0.4
0.6454825129695746,0.3230035776837902,0.311125831675226,0.5080567274037614,3.1201870832101872,0.4
0.631235383955896,0.3525280961670117,0.33119354411002133,0.5228019349531662,2.8408792259795703,0.4
0.6145650885827497,0.3523567956934551,0.3826599749157856,0.5024970901553351,3.2729993282492793,0.4
0.6595900481392583,0.3143400714934573,0.18115038077382434,0.48666492537726463,3.5045614434918555,0.4
0.5968154842424417,0.37045118176637043,0.4962253912930187,0.48921875127766945,3.6441502583087453,0.4
0.6461720990255502,0.32957554469128275,0.22616462805818321,0.4944613529768843,3.3522946758099588,0.4
0.5963725194136984,0.3765548787129713,0.535880024160559,0.49869322260472126,3.438286837189251,0.4
0.6198542286961667,0.3167349701842291,0.518080141533933,0.4944635754135457,3.5446990591712866,0.4
0.6276995441690345,0.3370646793921868,0.39426775909597256,0.5154844279064089,3.014150472279245,0.4
0.6088177678355636,0.3828672696183847,0.40679873757085017,0.5197056276684348,2.929931197111258,0.4
0.6286773809413606,0.31731575489943714,0.5896669885030038,0.5088198421830137,3.2544530720446345,0.4
0.597422906784382,0.37392919517107037,0.5058749923746331,0.5000867961154806,3.390157719827646,0.4
0.6167091861460711,0.3467367683223366,0.4458126734135867,0.517747100157776,2.9955547107893987,0.4
0.6208217687360873,0.3211974914721636,0.49827637195052427,0.5009821675310805,3.3798822971036584,0.4
0.6035852642759861,0.37403126832724354,0.45841420783440223,0.5120440297667133,3.104705947478124,0.4
0.601912732002991,0.3661781519570677,0.4424418392538625,0.4926833532218631,3.524438522063636,0.4
0.6438656043499477,0.37195550021115975,0.17656565691557463,0.5091757782489488,2.997444630882976,0.4
0.6179661969494536,0.3392651493599911,0.5446255742837296,0.5239013845421845,2.9261531600971886,0.4
0.6020927192486821,0.4034871488188462,0.461469097976284,0.5192849459659412,2.96025802802674,0.4
0.6078292228962485,0.3679356324577272,0.3932768043894096,0.49921919962742106,3.3472365781545053,0.4
0.6125537218063192,0.3450209574604801,0.4977007561766247,0.5162270513819762,3.05113073968232,0.4
0.6281321423105717,0.34257587865899897,0.33704974831346796,0.5080124085784291,3.131806143005257,0.4
0.6093071291994684,0.3553238456885191,0.4008227728483939,0.497245614388754,3.399910445871706,0.4
0.5973822176275327,0.3829290445438658,0.5645812331320802,0.5136594004510266,3.126472501217676,0.4
0.5965799007901981,0.3782346831996063,0.5415902634043666,0.5028044279721041,3.3474600203039246,0.4
0.6103855998013797,0.36633081484878277,0.40993512290664375,0.5133895795836361,3.05840001555476,0.4
0.6550126915490123,0.3442866752217382,0.14895180962747445,0.5010702292084573,3.149286131986278,0.4
0.6278805494183143,0.3267025791918429,0.33848088409280075,0.49062630821055037,3.52258218887795,0.4
0.6146267117325357,0.3465581444345557,0.42721080383914856,0.5088143866797183,3.1642547303363155,0.4
0.638353485583629,0.35550791433984585,0.29230593034334057,0.5276784946351616,2.733348866221886,0.4
0.609851197321791,0.36873771944264117,0.3840325377175011,0.5030869365199344,3.2571609381906015,0.4
0.6635166508356586,0.30713807408775506,0.20384581316610484,0.4891549856546702,3.4647997402257094,0.4
0.6117825640665082,0.34361732623179597,0.47187557353884085,0.5087371449269567,3.1912364881234936,0.4
0.6059163063688295,0.3475575657393262,0.548512090760984,0.5057312331544667,3.298782334339245,0.4
0.6468424553323918,0.34601306301731033,0.3293623974687248,0.5423011565369503,2.51355418056687,0.4
0.6379093809232264,0.3408137985730659,0.26960035263741444,0.5043967975783616,3.1634298727785684,0.4
0.6212753246627407,0.34505771265521584,0.40056352756885305,0.5115346688810641,3.0891981884700863,0.4
0.6384619196634376,0.34306040577438285,0.28025021966965435,0.5111307309853443,3.0335849090652887,0.4
0.6269245973798514,0.37689135164445203,0.23849160923847032,0.48337863516692636,3.613658434890463,0.4
0.6044507655516034,0.34212029543908906,0.5441623526279508,0.4956625525335539,3.5218467045596378,0.4
0.6076632092808576,0.38661408864902225,0.3948987534027776,0.505713748277187,3.1993910971076542,0.4
0.6050057861458207,0.3845904716867794,0.43852002041288307,0.5203507426746854,2.933424250291755,0.4
0.6069873100927801,0.35555106887295984,0.3962140910860574,0.4885436043166006,3.603820599750491,0.4
0.6131898400302134,0.3595992762440808,0.4292030059789026,0.520186997844455,2.937067454976106,0.4
0.597619171726872,0.38310421858229515,0.5034516089052276,0.5057750136259138,3.2607676102170746,0.4
0.604923269473687,0.36431248705080777,0.47637249804021004,0.515247576990559,3.05733702750125,0.4
0.6276561639389499,0.3326499467361552,0.40208166326944567,0.5119070119592872,3.0909640252701407,0.4
0.6110236832523225,0.3678222283451391,0.35679386359284054,0.4930448516828593,3.466722174697532,0.4
0.5973855043642815,0.3768007538790572,0.502448127927133,0.4990936213340762,3.4123735320911335,0.4
0.6059937743887762,0.35131934399683423,0.4144584859526038,0.4882302202548798,3.6230205946483762,0.4
0.6171839358749387,0.33050432573714095,0.461142758904204,0.50142725046329,3.350109792571099,0.4
0.6135651316453459,0.3676656151959838,0.3695815508724461,0.5083898312644365,3.136539915541985,0.4
0.6062759607918176,0.3709269421631371,0.43739382104156715,0.5143217690567645,3.0529594637191066,0.4
0.6067542591679121,0.3532130292418766,0.43116926210969325,0.49750340858624226,3.4122334364873472,0.4
0.6620535516826489,0.3212910222704335,0.15356052795196523,0.49066690924886214,3.3852662379331764,0.4
0.6169218101602655,0.3505423734017356,0.4036524978036673,0.5121579689532808,3.0842978512012635,0.4
0.6248576273840439,0.34068800060321436,0.3018485240609291,0.48892269292795354,3.534838850580747,0.4
0.6213382884699578,0.3938046016388366,0.29452194909730633,0.49106891952891113,3.464234139914623,0.4
0.6058343660687779,0.37454683219765517,0.4458965575273968,0.5128692293553216,3.0791747295214362,0.4
0.6095250758648002,0.35099760772342087,0.4643117295476097,0.5106318556372081,3.1458065248464364,0.4
0.5987957222425282,0.3676163080592897,0.5166279474585058,0.502092710809962,3.3494783206895664,0.4
0.5960725485251779,0.3759171012515662,0.5330189740849063,0.4924104381158802,3.585571026172772,0.4
0.6004750641177947,0.3950779798939664,0.4759624452988703,0.5190597704510638,2.9744351671277767,0.4
0.6044384321187622,0.3722595324456407,0.4175625878971319,0.4992210643915503,3.361255780573079,0.4
0.5962552280744903,0.3743638414213618,0.5336961212811941,0.49559619464002597,3.5099277430612443,0.4
0.5962266569922187,0.37961090853456786,0.530590969630244,0.49483828244507466,3.5247153565365403,0.4
0.6204584286263569,0.34696795053873564,0.3921459365474092,0.5127498226306024,3.06614920286159,0.4
0.6332701879658461,0.36999614630742395,0.23200600000712693,0.5051643344224938,3.117225741684786,0.4
0.6334969844111882,0.36979930227873675,0.2190112857729392,0.49828396902559213,3.252228786234959,0.4
0.6113184853825336,0.3958986585137854,0.3829472634343286,0.5135521148002427,3.027198026334419,0.4
0.5966591654476133,0.3848342507631497,0.5522404909040867,0.5073012826055521,3.2534926615608004,0.4
0.6107219296207907,0.3835502739393579,0.379656083721241,0.5129704274565557,3.0453605560237875,0.4
0.6135747368849239,0.3384656342459348,0.49439664910366254,0.5096695175060323,3.184943106279483,0.4
0.6050936158775052,0.3474324279370225,0.47810970375193385,0.4980001363142605,3.431608302947071,0.4
0.5971545341186378,0.3941074958318531,0.5274366342460399,0.5084377786073978,3.2134153549325664,0.4
0.6047434499851058,0.36902996057758986,0.4035221759660672,0.4907040538544658,3.5496850049905166,0.4
0.6194360795734275,0.3489071976615336,0.35320929940659856,0.5013037094945428,3.28332358038333,0.4
0.6100014196120117,0.36961891442410555,0.40569397733415014,0.5134793633642186,3.053114703954739,0.4
0.6117101970059672,0.34277850775697105,0.5259278740949689,0.5145807982738924,3.098974532517488,0.4
0.6223961894669864,0.3584084737529521,0.3060505509677423,0.5000641319133915,3.278311134595874,0.4
0.5960639974529804,0.37582616844631617,0.5354121907025664,0.49223030349813834,3.5911529762590586,0.4
0.6130994976095762,0.37084894197504403,0.3431733877343034,0.49537876517899276,3.402918595794651,0.4
0.6223331682205319,0.3872070879826712,0.28392104249868894,0.4969377875276471,3.3209266652169,0.4
0.6042411084359275,0.3609484695075491,0.4783533492464387,0.5103628961580506,3.1567792056974766,0.4
0.6135863049082334,0.33662821385497077,0.4884048198657689,0.5065558856187247,3.2482914333809885,0.4
0.6116072708566753,0.3318756683953687,0.5003045942018864,0.4977199921851539,3.4529777600639497,0.4
0.5961880194407312,0.37586210894262523,0.5388722492096618,0.4953030187955395,3.5195543152224307,0.4
0.6105020655188762,0.36716965591818007,0.35865297017537745,0.4914492027462086,3.5064791136299855,0.4
0.604523536899415,0.3699313222998956,0.4426974408162867,0.5091008849358627,3.1611914650646296,0.4
0.5971765644227005,0.37862942492671037,0.49964188169284013,0.49715940892855837,3.4525463267255745,0.4
0.5959667376164686,0.37190487510098585,0.5335768537613946,0.4889268865626991,3.672303592403952,0.4
0.6148355215566897,0.3458185699524105,0.41345282101392977,0.5051627161207922,3.2346194430018533,0.4
0.59993006353338,0.3827848045244138,0.4679208428716873,0.5056164112894745,3.244907355179022,0.4
0.5964874967914512,0.3699832070810096,0.5132244456596946,0.4908390173148929,3.6127435836365,0.4
0.5967358868204322,0.37630649831923924,0.5054067628571369,0.4926298749770991,3.5658032615267214,0.4
0.6090080386173641,0.35153377786472656,0.4540556771922386,0.5077428024182474,3.2011650483621144,0.4
0.6012357048139061,0.3662071345941306,0.45843234192743426,0.49847656254230066,3.4043225789940585,0.4
0.606574261308777,0.3618999755094306,0.45511038566584316,0.5123703807316593,3.1035261862611705,0.4
0.5965370578813428,0.37940649453506703,0.5493421505130397,0.5025491125208192,3.357071643256043,0.4
0.6202432133999003,0.3443546504642835,0.38010236807644504,0.5061143951504723,3.1947532131380174,0.4
0.6134203435742944,0.33792499206546917,0.5032556083102059,0.509737375674034,3.1886498995714385,0.4
0.6026165154142366,0.36020782736711443,0.4725303979228232,0.5017369791291083,3.3422471430289478,0.4
0.6028034508240283,0.3546096692026653,0.5461519080840211,0.5074090455158479,3.255702202137839,0.4
0.6044454246184517,0.36709712623511925,0.4209239812393307,0.49774132533440074,3.3982598414927,0.4
0.5971632265065417,0.38261257490858736,0.5178198942553773,0.5070836441011753,3.2401962690792585,0.4
0.6052749224917247,0.3409842117377745,0.5276985243991026,0.4965429184441001,3.4952928670377412,0.4
0.6087870441740095,0.33444712634633517,0.4872518301919109,0.4930462496818101,3.5581167298032166,0.4
0.6014836606541328,0.3512729801001794,0.5079640348164516,0.49639575567205074,3.4846116921722308,0.4
0.6052201290986727,0.3728084664940117,0.42019956916637485,0.5045834463391088,3.2440539794242573,0.4
0.6005514579969776,0.3903401513955581,0.4594754645788153,0.500857572866943,3.342930184625919,0.4
0.6127811982948236,0.3380627733755022,0.3926200176985453,0.48635816162590034,3.65748423680353,0.4
0.5974804324607592,0.3829441131248228,0.5183890860573476,0.5106420637270194,3.1660444750584347,0.4
0.6051655918156547,0.3519298289609199,0.5313776399109756,0.5105891204447536,3.181725581105161,0.4
0.5962440221940721,0.37517214635638746,0.5210106008446287,0.49308213388682787,3.563165316131594,0.4
0.6069620851946431,0.33463189695034296,0.5150551544607731,0.49209640592379394,3.5955416365688864,0.4
0.6076945679359947,0.3495358576400535,0.4761138057266334,0.5068556099778068,3.2316810252147614,0.4
0.5959882214075353,0.3733392395118291,0.5304090824096269,0.4901473747749177,3.640374929683206,0.4
0.626147619432607,0.35153183049059183,0.2525083340211621,0.48217653125923904,3.6623620176571046,0.4
0.6073158169082318,0.38213009420656524,0.3975287824988998,0.5065303284373617,3.1874951791320583,0.4
0.630125029455245,0.35503967817562326,0.24821703739421688,0.4935941278857246,3.385324730383007,0.4
0.5959077228699874,0.3723232225587036,0.5329066796685135,0.4881536572202547,3.6922269154928653,0.4
0.5984776071733943,0.3550753148046966,0.5112314675207507,0.4892089296342481,3.6605295620600353,0.4
0.609618864097054,0.34413758108091286,0.46007826377104727,0.5022575552389474,3.3249247389681043,0.4
0.614764148844722,0.3528880880723291,0.3856896199901987,0.5036966279230498,3.245783995153264,0.4
0.6065288565433145,0.36897634994859835,0.40690569001809823,0.5011961808653643,3.3118043630209315,0.4
0.597203836505387,0.3707912975391499,0.494406672421347,0.4922217266588738,3.5699507562507518,0.4
0.6086310267641897,0.3553931900068221,0.43151484676235213,0.5050073429553351,3.246188813794712,0.4
0.6080030831793957,0.36867717593202165,0.40728049329236127,0.5066864081130653,3.1931163770409703,0.4
0.6210406131466477,0.33264447510478956,0.33498528964032154,0.4832637895025004,3.7016414892697447,0.4
0.6037034819040711,0.33918817894995434,0.5318522488251682,0.4892896846879506,3.6705112178132797,0.4
0.6123794469497115,0.3630428844676956,0.3367206735764681,0.48480501650076346,3.6551647276882266,0.4
0.6101241304017319,0.35129202971214707,0.39618608389363535,0.4941492048674203,3.4720630112571707,0.4
0.6010157010128345,0.3463983313771944,0.5375624849321865,0.490921073739573,3.6332612099084782,0.4
0.6095128476964529,0.36639699589497554,0.3804193283536009,0.4984110266518417,3.3573634442341027,0.4
0.6056669532229386,0.34944147340710713,0.49033077066418407,0.5040624802145686,3.299870392473904,0.4
0.6076330248918739,0.3551009979979724,0.4439429179782303,0.5054354136294062,3.2437411792511543,0.4
0.6042835055465247,0.3430909860290518,0.5116165775083343,0.4955783886014553,3.5070451770112685,0.4
0.5969559417264254,0.37770630526594506,0.5041027508864467,0.4967622729508794,3.4649013876893067,0.4
0.6057471016751456,0.3549869136208937,0.44875404312090666,0.5013203096338369,3.3366552715368276,0.4
0.6032787545551278,0.36710899704493344,0.45702183646305294,0.507154040081399,3.2118510509646327,0.4
0.6019808221281864,0.3786018277684551,0.4455603342353197,0.5047450566455599,3.2530803627895493,0.4
0.6035573877645375,0.3664792610573933,0.433874548060492,0.4992291524047189,3.3719755201564663,0.4
0.5959336472334614,0.3733168542327507,0.5296129746955043,0.48844991176684727,3.6821542093229422,0.4
0.601825293504431,0.35893732681756235,0.508959683471157,0.5064404571428539,3.2561947626550833,0.4
0.599467041587657,0.3816895590116522,0.47389838983787713,0.5054147913617358,3.2534109770416375,0.4
0.5967916905968711,0.3589563447903353,0.5411860567564216,0.48608800853963924,3.7532381099071914,0.4
0.6011014372775119,0.3438809215148221,0.5295433453850807,0.4879909661663258,3.7042405473616897,0.4
0.5969057691242619,0.37226646561517945,0.49123136225254754,0.4871826103056222,3.6905022723213636,0.4
0.6028720438553931,0.3601990203577743,0.4282736515475893,0.48838555128775135,3.623408249447234,0.4
0.5995017726076083,0.36512024425288925,0.5051197407883371,0.5035991776723527,3.314229830167253,0.4
0.5960588859767253,0.37455638004404324,0.5320739481943353,0.4920642507777779,3.5939313947247418,0.4
0.6061629021752105,0.3502422633298091,0.45601044484969155,0.4994267246728502,3.3840673840482967,0.4
0.6046748799971855,0.3678261409181918,0.43243754361840525,0.5040390933532422,3.2634473053801183,0.4
0.5974235061756171,0.375015666784468,0.486826638166949,0.49178429218560615,3.5738726811384414,0.4
0.6021518620751726,0.36327123569163156,0.4671577386606426,0.5027678394413108,3.3124043710112057,0.4
0.6122724897522945,0.3461318213586333,0.3879852767340966,0.49246861958912563,3.5053752315266355,0.4
0.5965634234641264,0.3709019875725502,0.49567343033263017,0.48560958195802056,3.7344597051308517,0.4
0.6018388842668182,0.3714076609396676,0.4498049937471313,0.5018682672781899,3.319992699271797,0.4
0.6001658694500547,0.3834117719263429,0.4639278232719686,0.5050882227762314,3.2550020660655856,0.4
0.6086816715291633,0.3506690464126506,0.4090350736788298,0.4939110518031635,3.483832279804573,0.4
0.5994133850760944,0.36248535550715316,0.4577055496726155,0.48688067287332754,3.682184785898356,0.4
0.6060293227531993,0.35417102748494356,0.4258805242354201,0.4946366480246841,3.475137443009092,0.4
0.6059087039453069,0.33869122553172476,0.45479910411367447,0.4858477647976509,3.7157408325147716,0.4
0.6157418861689045,0.34766952127073036,0.38612504701474426,0.5013260560849077,3.304634265307434,0.4
0.6043013286640285,0.37414178186553226,0.42459034132918533,0.5033854979255453,3.2719579237820082,0.4
0.596144484597315,0.37617486619322693,0.5360756762090081,0.4944979772285952,3.5367279936049005,0.4
0.59631731576591,0.3725176005885673,0.5560024185680466,0.48845733810560066,3.6983268921474766,0.4
0.5960180721805204,0.3735166481528512,0.5331665027676242,0.4910100071493545,3.6208975606372955,0.4
0.5959155173304201,0.370577506504978,0.5335830758888869,0.4879894510431747,3.6976291247147097,0.4
0.5998777076898342,0.36494204304933314,0.4844601398440448,0.5001477826919004,3.3799364016369613,0.4
0.6095528986026489,0.3763905659386931,0.3614611194224483,0.4902026135394843,3.5335357444912834,0.4
0.5962501325711986,0.3791645233556591,0.5346235737246462,0.49698251690519585,3.4767646906697336,0.4
0.6047316162821724,0.37040093464411006,0.40067083732764236,0.48967592201962745,3.5736547595429,0.4
0.6139576352119716,0.36374657604854094,0.3652297665048348,0.5046685745285875,3.2126649948622896,0.4
0.5980728980012175,0.3629134207135233,0.5148013877030575,0.4963451989064126,3.4842335532784077,0.4
0.609600313137453,0.3725823012257779,0.35851366479924995,0.4875815743375305,3.599301071695561,0.4
0.6159051654612476,0.34759004173128233,0.3667009542927681,0.496084983160641,3.409192948108982,0.4
0.5959788569425908,0.37402352000436423,0.5311836298878152,0.48977993647048873,3.6494843187649675,0.4
0.5970490630896776,0.37556923145941806,0.511990066431778,0.5000889310542419,3.3937150401589404,0.4
0.6010706551959426,0.36802663824826365,0.4541250676667856,0.4976616139313457,3.4181874096982305,0.4
0.6202937341738961,0.3461100586193064,0.34455694375938445,0.49746387933989733,3.360824331145423,0.4
0.5960566155425921,0.37333665567782465,0.5421099768973023,0.4909616024205027,3.6270035881397,0.4
0.6082090567731094,0.35770502237533836,0.3706710572685727,0.4832075554275961,3.7191488719298595,0.4
0.5967896555529019,0.37048225543042645,0.5088935873292846,0.49366725067657363,3.5432064136832775,0.4
0.5993677611908488,0.35718204698048156,0.4983689723997557,0.493548687805294,3.5425093931083866,0.4
0.5960356299221264,0.37245293757083836,0.5445840663924677,0.489110989162178,3.674934623851686,0.4
0.5996669993503739,0.3681439066603818,0.4685239221883557,0.4964724005538794,3.454100321705497,0.4
0.5970301374357658,0.3822884658328626,0.5058870429533396,0.48932900619412056,3.644520953518738,0.4
0.600355726921562,0.35162450030802106,0.4964182082914883,0.49140871934293745,3.596781072673819,0.4
0.5998042336740381,0.3763611790485301,0.4619362213671291,0.49881924115201787,3.39409515573222,0.4
0.6006275372930795,0.37172503477827695,0.4521839809355834,0.49670652522822706,3.4378695513893294,0.4
0.5986217687448855,0.3731796699163853,0.4852657506006978,0.5004660258684185,3.3706897130026445,0.4
0.6050684893806016,0.3574393628681308,0.4334078108113298,0.49706565198084995,3.423189652154721,0.4
0.5997717435654634,0.368345172885902,0.46093478148765266,0.49100330049376356,3.575812315609331,0.4
0.5989424694066072,0.37024442790025763,0.48780213901296593,0.5010934027963609,3.358719091442997,0.4
0.600327808331541,0.3752111801362549,0.455392940949568,0.49818593841060105,3.4046426694824845,0.4
0.5995565430527965,0.3701601504037252,0.4998862055959159,0.5064031026581565,3.2468532492223354,0.4
0.5963103114831597,0.3749409743096321,0.5080978959845023,0.4871902409266918,3.7011817213366975,0.4
0.5960223594102123,0.3733300776874264,0.5275471016787074,0.4902859912132469,3.634794946969128,0.4
0.6043698535294719,0.3637296941643295,0.40091059265370177,0.4847701007788303,3.700714711046903,0.4
0.5990305585888408,0.35357427989370815,0.48748304961563366,0.4866552589090322,3.708135340759038,0.4
0.6040572296850671,0.35869893410402576,0.4373429069607955,0.4960212042638357,3.448534975157491,0.4
0.6029641703841138,0.36359822310458967,0.4404779700366334,0.49721193544167774,3.421776104759959,0.4
0.5978110676174225,0.3586455557246729,0.5323844740467709,0.49228021306223935,3.5934444431877717,0.4
0.6032043783423251,0.35866057292322573,0.43545028252195844,0.4922937664416004,3.5354510783753565,0.4
0.6065522764265804,0.36732558368588164,0.403936028066155,0.498803964074791,3.3635483842418865,0.4
0.5984392249058413,0.3548157839495541,0.4975337269625706,0.48737849184638704,3.6963871506553088,0.4
0.5964764436430194,0.3661167514227552,0.511057611005817,0.4886006453837226,3.6702306053516662,0.4
0.600117969137089,0.3569140097539492,0.4563378509021919,0.48555491142596335,3.715132562319188,0.4
0.6078801182326614,0.37229943965370516,0.3745807984106254,0.4903486322426608,3.5406120409257995,0.4
0.5982171922437245,0.36593561106341393,0.5163202066578821,0.5004467933590898,3.3907222093442297,0.4
0.595859889938353,0.3711821405917981,0.530376355583517,0.4868907013660708,3.7231960564218856,0.4
0.5965120058804462,0.3729152316991909,0.5493051907274589,0.4969341512483763,3.487369005423837,0.4
0.5961909123954069,0.3705380845270872,0.539330397123383,0.49206621763712427,3.599653183568191,0.4
0.5963790915081185,0.38211792488113133,0.5339054307421875,0.49973388659981544,3.4111832712498344,0.4
0.6056797226564052,0.3566383070070036,0.4231450845106868,0.4948461234305676,3.467860319206584,0.4
0.6001155876055794,0.3676644201099988,0.45405231224775655,0.4922124753809983,3.5456038765351896,0.4
0.5963680133601605,0.37455677318367786,0.536693219875525,0.4973926178743741,3.469281709584204,0.4
0.5958979181148261,0.37158282657543157,0.5311065881241024,0.48791050951209775,3.6975192537905506,0.4
0.5985571762216049,0.36802739869967194,0.5066846302430912,0.5023202247803208,3.3423166578427983,0.4
0.602568665209794,0.3779736879215569,0.43110156093152435,0.49849415963834715,3.3818211044006405,0.4
0.5958668445836798,0.37149041271399735,0.5303831600341566,0.4869104832320613,3.7220843242857957,0.4
0.5988833346768813,0.36493910254344547,0.47870161126053734,0.4936528727081415,3.5272329679453267,0.4
0.6001159581869737,0.375377302746388,0.4438591588846475,0.48677650646257575,3.671118261390512,0.4
0.6010067335937972,0.35854543116693155,0.45050636534835126,0.4888897209509706,3.628538338697449,0.4
0.5982081010945255,0.3671220752384291,0.48670257552344454,0.4941790338625581,3.518505693997369,0.4
0.5974717619497983,0.36215380059830626,0.5308523547324762,0.49410583577640754,3.5470019195467963,0.4
0.5961773944853421,0.3778418289565362,0.5241132501589663,0.4909843993783151,3.6150486781952442,0.4
0.5959484763465631,0.37168592866283195,0.5277112489728281,0.48874009483063835,3.6743806037297166,0.4
0.5961261463784684,0.37582237814767894,0.5345596933157355,0.49375902455379495,3.5533361954471037,0.4
0.5973467123602351,0.37081624200462,0.5006709911802507,0.49525726370154355,3.5018081724209495,0.4
0.5988430510937118,0.3586016659733488,0.5016927866517127,0.4935006814521005,3.5455765227011278,0.4
0.5972125599128149,0.36137743771939934,0.5369275513543448,0.49191366467639236,3.6041053663359137,0.4
0.5990603035841554,0.3725629642801983,0.46343194529084103,0.4925651990208187,3.542389406077297,0.4
0.6023929234025384,0.3629233036862766,0.4384435368730726,0.49355850956503655,3.5060287827774124,0.4
0.5966524311149557,0.37144730160787565,0.5501839822228396,0.497038662143122,3.4858654134106155,0.4
0.6012457491432431,0.36561427477392056,0.44359196366750947,0.4922682068845327,3.5404707582200117,0.4
0.596165884422796,0.36762742415172667,0.517256880583871,0.4880239645026942,3.687802634580319,0.4
0.601285656225971,0.3808591453181369,0.43803016631096797,0.49170753975637393,3.5440182973706578,0.4
0.5997434861409653,0.37196859694163215,0.4607716354677384,0.4957367424536366,3.4652760207475097,0.4
0.596244723796468,0.3768500024855571,0.5181351364761173,0.48949193973088095,3.6494909657557213,0.4
0.5969011942184319,0.3740267601008201,0.4955218255272445,0.49048510407385465,3.610926345593748,0.4
0.5988829545913938,0.36715106622716487,0.47730557661419365,0.4947879277350546,3.498632087867109,0.4
0.6006829751454856,0.3687978685047651,0.4416387930438659,0.48970187406682947,3.598579315872344,0.4
0.5959936609411645,0.3695411156881357,0.5171571689886797,0.486718062109709,3.7201852134146804,0.4
0.5997856642345222,0.35761010061919046,0.4654682185891363,0.4877421765390131,3.665700547032939,0.4
0.5969374290625377,0.3707790944783206,0.4961031262827325,0.4905550447078405,3.6109492662510485,0.4
0.5960875573680332,0.37250652400900447,0.5189875831057078,0.48928807798707735,3.655885854935321,0.4
0.5959884581357328,0.37333918951337636,0.5343220659795851,0.49025657531038447,3.6397075351429704,0.4
0.5958446518207327,0.3696625582382388,0.5350249366360755,0.48612619838163507,3.7460895899650377,0.4
0.5977798478105808,0.36679767438297567,0.4936803408017662,0.493610066914176,3.5363478634983956,0.4
0.5994021892995929,0.3651377114483887,0.4672690891919017,0.49246039400084696,3.549357604060132,0.4
0.5964035129104961,0.37106484961114483,0.5037642966211647,0.4879052666810138,3.6813131911959056,0.4
0.6030216950720865,0.357285873637949,0.4436722157636436,0.49329377689441106,3.51808201721945,0.4
0.5967529195349132,0.37705184304820133,0.5071625556230673,0.49544434433459,3.498025149695348,0.4
0.5972291974430669,0.36464489449650545,0.5228062817638216,0.4945966311849908,3.530892368901868,0.4
0.6095094525758598,0.34575110540573456,0.38893206668251884,0.48529528875138855,3.6825773365050347,0.4
0.5983696946623569,0.3668422996378289,0.48300374644439975,0.4935997561891331,3.530005851580506,0.4
0.5961313373328195,0.37671747803576067,0.5362391461128353,0.4941802412122789,3.544264015021916,0.4
0.5961172866923127,0.3706977907827763,0.5209490472046342,0.4894152686400984,3.6529614666225627,0.4
0.5964861849027469,0.37361056109507523,0.5491000336955325,0.4972567632378706,3.4795203058011177,0.4
0.5992445491067145,0.3703956924337475,0.4682281797382231,0.49537879671327195,3.478876924623618,0.4
0.5982324608733347,0.3628849445612977,0.4817730142515888,0.4895873549574198,3.6286826951620874,0.4
0.5959358416009657,0.37314157529388564,0.5296134433694415,0.48865183562212655,3.677449090950475,0.4
0.5972293371362087,0.36535574972062423,0.5424543763403756,0.4961368318556797,3.5043228557599355,0.4
0.5982615974902598,0.36769382842035725,0.47682666795111256,0.49122732159380256,3.5840801481137237,0.4
0.5970339841057538,0.36804345958316725,0.4942911630366542,0.4893718604763054,3.6400218497023356,0.4
0.5973172007542896,0.3720559536524386,0.4927495318019696,0.4931209817360606,3.5457441323794434,0.4
0.5974274207514401,0.37590076933412897,0.4895520272759529,0.4937791278393908,3.52755738757094,0.4
0.5962856204217004,0.37503504169215435,0.5131767917867706,0.49063964821090866,3.6175971178109854,0.4
0.597957661815367,0.3714180398271602,0.4778645827159904,0.4912278244321653,3.5834715148644163,0.4
0.5977170041879053,0.36665595549502566,0.48410517533454506,0.4898295980755003,3.622880459225766,0.4
0.5960138502908138,0.37354242194392834,0.5403121597795726,0.4901293891331823,3.6462730202883136,0.4
0.5960697073293443,0.36597802677218083,0.5237111684524978,0.48694343005338037,3.719395606336742,0.4
0.5969935957162523,0.360048461407155,0.5245190924644009,0.48881909434599374,3.6748158599326675,0.4
0.6006023915965994,0.37360656539075826,0.4442497242372751,0.49258659268630084,3.529814464382739,0.4
0.5965234833349804,0.37525223016255854,0.5107081873392193,0.4916035249468546,3.590648644709678,0.4
0.5961863802644708,0.37313288178646686,0.5140242502005069,0.48901054088576035,3.6584223835564735,0.4
0.5961009484245324,0.3707729160992666,0.5222659793669806,0.48997622792351325,3.640731610031096,0.4
0.596025780785432,0.3682008361675588,0.518660694480527,0.487003695551042,3.7141053554215664,0.4
0.5962879728821029,0.3791513658947991,0.5227723092707862,0.4937087398105197,3.547164125992455,0.4
0.596965898410594,0.36539872245621413,0.5154941124511428,0.4925835151830028,3.574777765145647,0.4
0.5959146524705985,0.3705354219311789,0.5326914884679156,0.48805527574744967,3.695250050606637,0.4
0.5968198808199999,0.36515799707472324,0.5229031164753546,0.4924419060467714,3.582538446427576,0.4
0.5969503442720864,0.36340595087664873,0.5004059980370655,0.4846311296964345,3.762006481964986,0.4
0.5964188481322558,0.38011211015835733,0.5178742989863108,0.4915332565706114,3.5971287558768408,0.4
0.5960059687694692,0.37383441432193965,0.5336266354409211,0.4908138068106135,3.625665398554402,0.4
0.5966231449243622,0.36616820441607845,0.5389237908217013,0.4926341021988838,3.5869408834956023,0.4
0.5959652444141204,0.37209457134762935,0.523501207209707,0.48823804355586753,3.684861874440685,0.4
0.598014978386287,0.3723073751338771,0.4790440053814396,0.4927004000676262,3.5483051258204914,0.4
0.5962119487749012,0.370203392440889,0.5253231688159611,0.4912493958227598,3.6104200301098492,0.4
0.5967653005267134,0.3719795211098776,0.5014519373779925,0.491465431140088,3.5909418288358257,0.4
0.596000217256367,0.3737471766362349,0.5239784426041407,0.4888593883431585,3.6682123968074323,0.4
0.5960282240209966,0.3715490990176779,0.5229289073564537,0.4893077112438476,3.6574523379820927,0.4
0.5958891736207264,0.3697256169657746,0.5320384116688033,0.48728265084509326,3.714461119968783,0.4
0.5972846688452162,0.375130231096527,0.488994649283949,0.49148986568398895,3.5825816671767234,0.4
0.5964812705548078,0.36656467406024096,0.5294065096155908,0.49173282075890345,3.602875845919371,0.4
0.5970001190803113,0.3763232637608579,0.49267781017358814,0.4886851070896503,3.6529937645574466,0.4
0.5970951009679719,0.35757382492720025,0.5273080385944241,0.4870784992699714,3.7210596064415804,0.4
0.5958766075101037,0.37132670053555494,0.5306133063101452,0.4873219577293975,3.71235796326739,0.4
0.5965553965834808,0.3654062195135364,0.5198318085021739,0.4903363385347534,3.632154432380257,0.4
0.5962282129855018,0.37108516872868275,0.5238954685442161,0.49205500605825236,3.590276967903234,0.4
0.5985531288140362,0.3733490688290212,0.46444898256341266,0.4884207662118269,3.643583825500902,0.4
0.5958102831088737,0.37069738324723095,0.528644090957735,0.48544854320347275,3.7593367313084984,0.4
0.5961905055670176,0.3714086192346299,0.5128745195426062,0.48871619227564667,3.6668099939399674,0.4
0.5958166078281387,0.3704849577943578,0.5286936716216561,0.48560196261301647,3.755708501658832,0.4
0.5979162783148964,0.36947050504839674,0.47095386001137224,0.4856688554584301,3.7172734907602587,0.4
0.5986404698498272,0.36825917859067236,0.46998829965989763,0.49100521152842475,3.5857483133276298,0.4
0.5965135734387096,0.3663191194171455,0.5169302074795592,0.49024929123917144,3.63258314253267,0.4
0.5962744139148702,0.36657700316866576,0.5330218830130551,0.4900286530294698,3.6471701995715278,0.4
0.5959539717216678,0.3726671331904513,0.5387930736912552,0.48867677013688043,3.6825200885269864,0.4
0.596859917565794,0.37060657432974586,0.49118131288942485,0.4871367524078623,3.693235064348703,0.4
0.5959447013788859,0.3707319784168996,0.5284011737371329,0.4884966015124824,3.6814363545845823,0.4
0.598756066712187,0.3580988518370848,0.470533708273833,0.485028505463618,3.738802886386511,0.4
0.5958616474293267,0.3693833572325608,0.5230465183532429,0.485723633346804,3.7487765020931008,0.4
0.5958375053083507,0.3702726433829378,0.5263431174267953,0.48599110419484276,3.743984712886593,0.4
0.597977593235187,0.36420178107161266,0.47664405302916985,0.4870032701211291,3.689076906105845,0.4
0.5966697888054483,0.3728117184435112,0.49913923262329984,0.4894065576847679,3.6407867487736967,0.4
0.5964184715371275,0.36683456700229256,0.5272289646490879,0.49126635866027063,3.6129542251046134,0.4
0.5958195707581315,0.37028992206081024,0.531258771538428,0.4858366962077745,3.7511113607497215,0.4
0.5964895204083251,0.373767022457306,0.5059474336216251,0.49042833917171186,3.618494677092964,0.4
0.5958215517649899,0.3687693973502753,0.5235822955804869,0.48504979570380863,3.767135065298437,0.4
0.5960244258996172,0.36725258906160146,0.5133295894520159,0.485248563801308,3.7564632662889417,0.4
0.5962672314422407,0.3727468487879455,0.5131902933737182,0.4902770576487663,3.626912098007309,0.4
0.5964853367547349,0.36727053294168843,0.5015144220302343,0.4866289164745508,3.7138181226003453,0.4
0.5984198089861659,0.3615713713781943,0.4728981961365766,0.4865711679816565,3.698707314855746,0.4
0.5958655401597595,0.37142180149634946,0.5298369133720473,0.4870071294602362,3.719687028884719,0.4
0.5962544015387184,0.36608274733857527,0.505325774757338,0.48488373042630256,3.761742837444702,0.4
0.5962181529593377,0.3684924229833967,0.5436984130240281,0.490205582212227,3.6477969516629556,0.4
0.5960408594067155,0.37103108324349743,0.5173271277656635,0.48780797387276575,3.6916739086196735,0.4
0.5960057624106296,0.3711933052506876,0.5169729411712287,0.4870813379025213,3.709894210673515,0.4
0.596204817057972,0.3738917112188516,0.514518848783829,0.4897957679432226,3.640023847343093,0.4
0.5962567290862656,0.3716042704852219,0.5069742756641976,0.48722763608854247,3.7005491043749497,0.4
0.5965773539211133,0.37229219548778564,0.5015285090225386,0.4893799197328099,3.6425939056489405,0.4
0.5976776264488372,0.3672263644120778,0.47886938020365993,0.4876218187825352,3.674476970497774,0.4
0.5959213560210923,0.3718665631101867,0.5382275324307659,0.48787970744627274,3.7023139580104774,0.4
0.5959296860650383,0.3717082662059692,0.536697350154688,0.4880799753067905,3.695836831286898,0.4
0.5960096550261946,0.3682465497872223,0.5223925693973694,0.487304137917406,3.7094458902081273,0.4
0.5961155462722697,0.37016761539611215,0.5202983544417562,0.48947265841122334,3.6523289676391846,0.4
0.5958824721004891,0.3720907003990799,0.5312171797227316,0.48717623749248395,3.7155239263879465,0.4
0.5961892126011129,0.36963138393698936,0.5120501397965738,0.487862842029941,3.688415830698556,0.4
0.5962669923723651,0.3688229848336225,0.5023208082440971,0.48492346272814146,3.7575901125174225,0.4
0.5958737084096761,0.3705799052288504,0.5348553458865567,0.4870560693377451,3.721674810572652,0.4
0.5959813063350028,0.371308870536677,0.5174803486620884,0.48681719544506147,3.717252505184078,0.4
0.595870072927721,0.3698384931454992,0.5288290478925647,0.486783719531335,3.724993189969312,0.4
0.5959144415416777,0.36921730825670573,0.5184447972593972,0.4855596647695855,3.7502068058736366,0.4
0.595943957488502,0.37285908398742196,0.5322004470832002,0.4891336778255864,3.6667968129536233,0.4
0.5959756683006753,0.36829976936190595,0.5185163329122144,0.48616644965535827,3.7348114814589506,0.4
0.5959671158975568,0.3723062987993391,0.5324029064402437,0.48965605438702126,3.6540383430515537,0.4
0.5964144667055982,0.3741248914446516,0.5022219049554711,0.48559559363719035,3.737985625487529,0.4
0.5958177443440263,0.37089133301294047,0.5324138855727935,0.4853955977368895,3.7632570465700934,0.4
0.5961686867798603,0.36593082671928095,0.5119213155036278,0.48582998588552073,3.7406413637497513,0.4
0.5958571731335252,0.3712749245173022,0.5324446974676598,0.48680806865572995,3.726311102475164,0.4
0.5959186585454274,0.36956917200445494,0.5242315839995482,0.4869992972738847,3.717599367392189,0.4
0.5959072602353999,0.3698375450891927,0.5260664341478638,0.4871684522769248,3.7134653162638056,0.4
0.5960414584976225,0.3703779418426502,0.5153464950688983,0.48698461295267004,3.7124445108633717,0.4
0.595859812598486,0.3691491809317857,0.5229661188749714,0.4857133272400974,3.7497228516448247,0.4
0.5958679261222304,0.3715219277863047,0.5221542995610444,0.4855072843368867,3.753367213367399,0.4
0.5972443568414477,0.3688435658547095,0.48058386837459616,0.4850218203097867,3.7410272274235608,0.4
0.5960616113939732,0.3719648797442546,0.5137213317100258,0.4865241309130358,3.721539568223619,0.4
0.595895752921742,0.37189288951042176,0.527749670608064,0.48730836266689725,3.7101283590337073,0.4
0.5958821927812349,0.37180051099352307,0.5335020043196326,0.48742761441343097,3.71095901339872,0.4
0.5958154352646551,0.3695084549396989,0.5260548849284142,0.4853903280987167,3.759747644271847,0.4
0.5958564970033338,0.3699913535040095,0.5293881161281784,0.4864949597024595,3.7325285040813867,0.4
0.5960073904507389,0.37104121307926413,0.5216128695526024,0.4883454152185038,3.6804888073639446,0.4
0.595880096552509,0.3708015976722305,0.5303449368892202,0.48725275266501783,3.713560351628386,0.4
0.5958246954934063,0.36899094056495063,0.5235676901537397,0.48509165330455584,3.766300225049449,0.4
0.5958337273405664,0.37074514808114967,0.5266879788501461,0.48587633696769233,3.7468286515512523,0.4
0.5958750699524114,0.3713953680256976,0.5232032354564884,0.4861442127379826,3.737822358220967,0.4
0.5960330043518622,0.36974873216877663,0.516028999866636,0.4870588055786086,3.710673504595643,0.4
0.5958630572092329,0.3705574971726687,0.5213887941512944,0.4855304460273888,3.7528630791237774,0.4
0.5966812881612444,0.37008556928420006,0.49486780587857665,0.48688491717965254,3.7020790378635,0.4
0.596457234565045,0.3683331207910095,0.4995602674428465,0.4860017520377396,3.728188706867038,0.4
0.5959962299697578,0.37120631755804107,0.5135962162391269,0.4852428054429037,3.755800257891842,0.4
0.5958561650157674,0.37184229888987735,0.5282786593503661,0.4861912340346659,3.7399585582837345,0.4
0.5958542402052427,0.3703362362095573,0.5348368247427236,0.48651568739425394,3.7357245400893935,0.4
0.5958379843621555,0.37139042837179764,0.5305430860155642,0.48618264549305207,3.7411449523037077,0.4
0.595846436735414,0.3701901341385596,0.5282758343126441,0.48628415441579187,3.7380757553508777,0.4
0.5958322406133795,0.3711228033130624,0.5270308188257534,0.48581059207095284,3.748817369577621,0.4
0.5958461925113475,0.3712447072926595,0.5271836186832229,0.48611560021231903,3.7413114717451386,0.4
0.5958442763975271,0.37062257507008073,0.531036754339714,0.48631054857510386,3.738993874853816,0.4
0.5958325289035433,0.3705719820965135,0.5297454139914749,0.4858337302534028,3.750629699056706,0.4
0.5958432801974688,0.3709054595765644,0.5288168517820624,0.48638251577626546,3.7351859110037804,0.4
0.5958266425467472,0.3703232420441931,0.5298511502506954,0.48593971253852236,3.7471046114401942,0.4
0.5958333379132691,0.3712698822988499,0.5252008603897338,0.48535993052288073,3.7590224801168715,0.4
0.5958361401290572,0.37065370612968507,0.5234828644790107,0.4852357563393061,3.7612569425807862,0.4
0.5958397459945731,0.37133148008830863,0.5252268155267643,0.4855044180670255,3.7552147970530525,0.4
0.5958246653862607,0.3701536773294317,0.5248231752342704,0.48538986953141333,3.7583770561785075,0.4
0.5958248967843374,0.3707378423910445,0.5327042170462816,0.48588930329975905,3.750267641918231,0.4
