3.158769599070046,0.36881392369654536,0.36684719716614095,-0.5322977547462422,0.49334155800593354,1.0
2.763005511992808,0.8370513730681857,0.4485530376687187,-0.7643310601398776,0.5342345831413852,1.0
2.9909884481502687,1.0167209225386482,0.14662535985307942,-0.3998441613999333,0.5341156969841641,1.0
2.8730988399468806,0.46081782743737737,0.21223024125060425,-0.3219198350703302,0.6386147108137077,1.0
2.4328903362369045,0.8009988132996186,0.45819913370465026,-0.3095080841356306,0.5681508887283832,1.0
3.1786074824779016,0.7263089043967874,0.3270788358028311,-0.9368960181927278,0.4715583914604706,1.0
1.7112746178897271,0.5626998661482111,0.4465619004628977,0.29042319762002733,0.6490728818477607,1.0
2.8994766706590163,0.6906761290308352,0.368036956388356,-0.7013864127042146,0.5515609928306449,1.0
3.0670333370410763,0.9911461908679643,0.12016623315200442,-0.380978193967357,0.537923288971063,1.0
3.956880855370308,0.459550224109525,0.04479396651994933,-0.7885263849405358,0.39468146314347424,1.0
1.9384976844237054,0.38457732947042567,0.00821532061710905,0.5811060004058515,0.7227433993607949,1.0
1.9167760293098937,0.9932147001699481,0.10257040483544955,0.47130525098874776,0.5751483157296278,1.0
3.195796027441195,1.1042214886149084,0.11454509700094896,-0.5824597642019864,0.5154749735070067,1.0
3.1731135944208955,0.4278065045690374,0.4770556501752049,-0.6226272742963794,0.4717730092504019,1.0
2.58812293577984,0.7172969090443406,0.44791484282498145,-0.4920483208615037,0.5726338533433781,1.0
3.4152923465876808,0.44940466164341136,0.19598096812253052,-0.6084978359315294,0.50735606990002,1.0
1.041674824272197,1.2812683782694962,0.45430140149086534,0.5554546810306695,0.5416349774271758,1.0
2.405591391416594,1.2469445964612569,0.19758124566480184,0.07755023670052186,0.5275282284005007,1.0
3.4458366539939,0.5009601873014796,0.18970284312577293,-0.8368561163380382,0.39710557442833094,1.0
3.4351328332070414,0.10427663519694245,0.12051350130675942,-0.2204507341241201,0.40304531613309125,1.0
0.7153085828697194,0.7105946791975206,0.3570307376013479,0.7507508435529517,0.635654120003541,1.0
2.6326085242856267,0.8213328264952647,0.4559489067485968,-0.5935092376966936,0.5498612877491275,1.0
2.944969950945552,0.32940388864126086,0.059038154187845304,0.017174674563810177,0.7095216609121847,1.0
0.9455704818741275,0.9491477428335751,0.24265171863678886,0.7887811568637294,0.5937916873544732,1.0
0.7258162224589985,1.1028452423930335,0.3493814369999756,0.7440442764959914,0.5700533571654249,1.0
1.1224723987257248,1.8503104806644046,0.3285685171834225,0.5706802879626393,0.49784807447557244,1.0
1.979616452516722,1.0623993187985319,0.07572837207121998,0.47695790722046316,0.5659444815245949,1.0
3.201693749138504,0.297629803561734,0.311439120226681,-0.45632421967940895,0.48504098417800157,1.0
2.7580157767172713,0.7400937823902891,0.29435395858367486,-0.504948952206978,0.569073138686086,1.0
2.0833030802903068,1.6090040605911482,0.3973241533454277,0.07648828413058828,0.49506472124821954,1.0
1.9947236325605975,0.6153559500646405,0.14819860161684628,0.41008761357060114,0.6426680319243768,1.0
2.8211150818796153,0.14889748419959944,0.2620738366306011,-0.02214794356160743,0.7972275114789076,1.0
2.891013227724277,0.49213301669906856,0.24539010292559008,-0.4031288534640677,0.6205762201721798,1.0
2.7850605773341037,0.6672967387686541,0.37169113028208567,-0.5981024910256995,0.5720735188710031,1.0
1.4924775665321888,1.7038768965412134,0.07581857623062911,0.6453393105786869,0.5109914608122954,1.0
2.871601805164519,0.7109939170390285,0.30841492715771757,-0.6413482139502498,0.5609541344219269,1.0
0.6366263618890846,1.1711339628500332,0.43639752915370517,0.7459326330916598,0.5610547833605444,1.0
3.074278910215036,1.4359309303384165,0.16544528674003414,-0.6380163083442344,0.4820348976581338,1.0
2.523167326592781,0.45385813742490533,0.40059809476988917,-0.2642720959029935,0.6444088187737105,1.0
3.2279053860981115,0.555257500221266,0.31740197263275177,-0.9106982269949903,0.39363315211498756,1.0
2.456889760142434,0.5200810650715838,0.401723092655866,-0.2468279853427716,0.6305096292228634,1.0
0.6409484843410725,1.2124964742364523,0.43059000178252843,0.7486587108513396,0.5563978250102298,1.0
3.3297733520024306,0.1913984720549619,0.20225038870659523,-0.3280130220048302,0.4659931286183092,1.0
2.0924503200025004,0.38892267556788795,0.29898166715472907,0.17841738300488122,0.6977318849282723,1.0
3.3582604923088,0.44397460669464484,0.23087485694740834,-0.6497590924685593,0.4728186289195966,1.0
3.156271228266349,1.335430181489304,0.02273583646315532,-0.12332820931616365,0.5110124602442504,1.0
1.0797849041911032,0.22117557107751992,0.47382701582372766,0.5557399022174818,0.7910329700657139,1.0
2.85084049013127,1.6963443410726475,0.2817517405700246,-0.7001146955714052,0.4610097177265829,1.0
2.075047417993795,0.9362131807983893,0.41516799482137823,0.07736988884613333,0.5645850532356224,1.0
2.821757268299779,1.1646686376080826,0.06598232453354949,0.042671314592152565,0.5353840824529896,1.0
3.2739741353480887,1.386875571822286,0.10989608765811248,-0.7280301066121502,0.48259466398441203,1.0
3.2529090377104874,0.22231077948282374,0.36849229992157656,-0.5511837003913113,0.28904874824308047,1.0
3.1664768649236557,0.24509167740749427,0.35057316273119454,-0.4335027487415139,0.4274165857846132,1.0
2.0067449892303433,0.3730422038012788,0.497389618354883,0.12965323883241364,0.697404713994016,1.0
1.2215180828506302,0.8391856394396806,0.13038302143912658,0.701438172986899,0.6095677653559117,1.0
2.5630708888603486,0.5068744658594573,0.28988468653528215,-0.19763277703679616,0.6390391323886873,1.0
1.9005136626695223,0.5899175190609738,0.4419535736550722,0.1838085535728811,0.6364742855211768,1.0
5.10593058926703,0.3913385383680491,0.0630296772299184,-0.7264115226674268,0.6529542526051625,1.0
3.3762687772965223,0.33527794458141963,0.20950291980232288,-0.47460123441003343,0.5157999218892568,1.0
2.9378234168276673,0.7156989418973495,0.17500254758885841,-0.34642771721893395,0.5845222382895005,1.0
2.048835156137536,0.24151488072840774,0.09639796099838467,0.4395898714566144,0.7767098573347936,1.0
3.195865210751348,0.8713586616841797,0.21391877951387991,-0.9048265460384645,0.5153555819513729,1.0
2.5462936422050513,0.6139538666167488,0.3680171218328844,-0.3330786477548848,0.6035909560202358,1.0
2.5175235125741455,0.28567763234382376,0.05601220991065399,0.84283345137786,0.778685137665252,1.0
2.9260873729654397,0.9133446648597123,0.24245435643334493,-0.6571966768188541,0.5345841172712469,1.0
2.4050242986200248,0.3369984997508889,0.39287881988491374,-0.12707445263478281,0.6940933280105889,1.0
2.4442359766051447,0.41995036401852376,0.1593382963983566,0.15130197010562008,0.6864964006364862,1.0
4.687701818841733,0.3608884706846866,0.235321068378497,-0.7060054060540915,0.6639601398224302,1.0
3.399981418032975,0.1758132825975414,0.186950473535526,-0.25860441893530867,0.5474959665966981,1.0
0.7577035183402749,0.905352397344232,0.32985629126709914,0.7346881946811553,0.5984979165635063,1.0
3.1874360070576646,0.5313069976605853,0.38336091020795243,-0.8939808797186889,0.3852725404826835,1.0
3.237176380725217,1.6692333740412906,0.10118756609819138,-0.5617732975195264,0.4680738444537904,1.0
1.985600566298652,1.632373867145609,0.14331447702813616,0.3998898784065561,0.506683434167558,1.0
3.715904619932267,0.46285519168682926,0.05886612511909499,-0.5266053886997879,0.5739903109141071,1.0
5.97146008865607,0.31511358177188054,0.20959213937329027,-0.9882868336068771,0.6669766318295066,1.0
2.6273485461610173,0.995498497210638,0.48049805857501776,-0.6408000561587908,0.5238873975582531,1.0
3.3237863705300015,0.3886428959053287,0.47708626084837336,-0.7554165949765889,0.34572659049469057,1.0
1.3800948980551442,1.934660971254348,0.062229041062459106,0.7441868931067691,0.4994365087834966,1.0
2.851298437731942,0.958405437818766,0.2937707351229084,-0.6998598598023629,0.5262167029833414,1.0
2.5319128155313146,1.817522496973253,0.34030540193770975,-0.3157008682929491,0.4676326146823921,1.0
2.7326160598065226,1.01033096582337,0.29616665754428356,-0.5112491812348954,0.5294229647516843,1.0
2.765917452311666,0.8913759237622794,0.37719547914348106,-0.7284288565811987,0.5320468672840726,1.0
1.466958647840059,1.220081378942724,0.2543490012557674,0.49732985496847953,0.5471198177679246,1.0
2.1919215772836207,1.7115966251909043,0.3731001706153591,0.009602846521116887,0.48567978056294464,1.0
2.74829660388147,0.7063943910006935,0.22295342635365503,-0.30507313024388494,0.587119629536714,1.0
3.027751697411431,1.079331001105451,0.19983378262053045,-0.7042130766400129,0.5127776035843924,1.0
0.6332247566281352,1.8388423126962805,0.44104646339112186,0.7442329113214896,0.5036505497707984,1.0
1.631213165821727,1.0003532241807438,0.27037160105891045,0.42220977722648545,0.5714702510542821,1.0
3.8798577140220414,0.6279679721005405,0.45415603701739893,-0.8171936999311579,0.5823030430634206,1.0
2.340315897025842,1.068039646038885,0.24036048721099137,0.08563227094422135,0.5476928206502547,1.0
2.6157594819191803,0.5317036464617013,0.3337778964849519,-0.32842843246813935,0.6231056429959102,1.0
2.6714759411557822,0.5138617956096067,0.18647516803871916,-0.10742059036108186,0.6424734321441158,1.0
3.2733907961672313,1.2367112638336624,0.14829371136713806,-0.979957559762385,0.48466636561798415,1.0
2.426132677570841,0.9526434316084629,0.3013218837944627,-0.11781611913303432,0.5545915583846411,1.0
2.0570002915659766,0.9887247861501006,0.3900825516495024,0.09771064243569783,0.5585952267658519,1.0
2.755950720393079,1.5315258138162302,0.4034510275003879,-0.8547912341238644,0.46554937081496317,1.0
3.2887055365803977,0.9317268020536618,0.09902113780900655,-0.6485129465480051,0.5338451931091817,1.0
3.004296954484567,1.3521946365471933,0.250805003351774,-0.925847501833176,0.47709617192204834,1.0
2.588207896339796,0.9316312220097327,0.2508427490538742,-0.19189357292874037,0.5547115917385131,1.0
2.160459442955464,0.5531612808382553,0.37612793631246616,0.0744879145324906,0.6399252279161276,1.0
0.8470817427888292,0.8796773547466303,0.43007935235211553,0.6325668954800121,0.598081507589586,1.0
0.6784669677457646,0.7362257262194951,0.3904257674522411,0.7444825522008438,0.629705755708218,1.0
3.6309056329626728,0.6155123469081513,0.13201907980548364,-0.8213680299560835,0.47636556475766867,1.0
2.2404555553482557,0.9554479337239931,0.24870535731700225,0.11899178031768784,0.5650370708386658,1.0
2.635403678815557,0.9067480824283893,0.254095674242968,-0.2571075915308128,0.5552536554608859,1.0
0.8198273653993178,0.48323741774989304,0.34417874692767464,0.7038487533414169,0.6924904848848351,1.0
2.0593003803510888,0.7129272216423967,0.313608727094253,0.19605078473704346,0.6095513100297266,1.0
1.0000016795477992e6,0.8594279997159053,0.3244860796938128,-0.15184589183969124,0.6060622079552618,1.0
1.0000016073270771e6,1.0524210079170007,0.3668059752435313,0.05550925629798781,0.5774225852123418,1.0
2.0752030200692686,1.5494713909789357,0.43365593878984166,0.056547060334302346,0.4984813782323396,1.0
2.544005053421184,1.8147690832940782,0.23943372753205583,-0.11816148981534852,0.4751784808963173,1.0
2.1927312518795863,1.3161965826266542,0.18321637054528558,0.24777048453143058,0.5272805904402278,1.0
2.2802521147495933,1.2305364420816265,0.3162340211167349,-0.0013416073274600676,0.525297123886063,1.0
1.6597002298325387,1.0175668827660251,0.44087389012472483,0.3247181342333859,0.563404777512498,1.0
1.0000015615909246e6,0.701703934541966,0.42005194272534907,-0.0694164456278189,0.6374230697774101,1.0
1.000001694701835e6,0.8529733903961139,0.31879266451501675,0.009046977857148503,0.6068838892066342,1.0
2.419318403099118,1.3385371534141335,0.323636542623402,-0.15139548692274826,0.5088041860556588,1.0
2.6784834342914063,1.196020952233958,0.22496818493193663,-0.239934829601852,0.5198044824665559,1.0
1.925549232784829,1.9038708391111323,0.26018623484603354,0.30968677118569327,0.4854080589150926,1.0
0.7176848454150493,1.6042038909503136,0.35646059764926935,0.7507441707946503,0.520544898980671,1.0
2.601025544624872,1.2694072773785385,0.2482858477478624,-0.2026256945979555,0.513511830234655,1.0
1.001960832361081e6,1.0684823117502396,0.2870209753615551,0.257138949455032,0.622874151951709,1.0
2.759480768560507,0.9580652838381505,0.23143003328839684,-0.36038838288470254,0.5434532236952525,1.0
2.5883480890972073,0.9613283683593152,0.2828190257221942,-0.263618306714974,0.5471297828538082,1.0
1.8567355620975026,1.785611500959492,0.4667589343941392,0.2053669342712543,0.48745179326296917,1.0
1.3491956732346908,1.3986886740908768,0.2696701120732402,0.5299374283504054,0.5303091452366007,1.0
2.2693325271275473,1.733374837842756,0.43080594373151626,-0.11948594093079445,0.4792035451905456,1.0
1.9038595764455608,1.01185555269369,0.3333830591639757,0.24101032536777545,0.5617243073412276,1.0
2.186093091297104,1.4347197857064549,0.4543745663371002,-0.0550849258227996,0.5033531370522065,1.0
2.1155710188189145,1.277091150199143,0.32914812132588817,0.10905805129395207,0.5250449971059449,1.0
1.0000017467430377e6,1.1334319338607837,0.2682253790358576,0.14426323093058782,0.566724022501351,1.0
1.4065071850555382,1.6102274232950915,0.2927690154597979,0.49362664534767287,0.5113459438100016,1.0
2.360992464159546,1.8224151323022326,0.22820382399493555,0.07557768907176904,0.48179433986888526,1.0
1.9400078548596722,1.380545546936418,0.39390728022447885,0.18466829948385508,0.5176023566800467,1.0
1.0000015755666252e6,1.2061841178319608,0.3895119544553341,-0.10534249765300668,0.5572892455398524,1.0
2.3759229646708793,1.5327052560911554,0.3177655627725098,-0.09918399708906585,0.49464241103558465,1.0
1.0000016506876203e6,1.131145929079509,0.3312206442010304,-0.09223918721662336,0.5664073303666622,1.0
2.416905335337165,1.2340171845875743,0.24604087706952546,-0.017635186209683414,0.5248374920635464,1.0
2.027139517472483,1.0388703612892893,0.3904234749391374,0.11789568574750053,0.552491210507905,1.0
1.000001569934043e6,0.6402047688628212,0.4907786667538899,-0.7718090838418731,0.6502701750866461,1.0
1.6984671114753849,1.4895412534215249,0.37559191315742635,0.3268016857957702,0.5139163749471674,1.0
2.4111571523591095,1.183327845086318,0.27741127951022904,-0.0659390923575489,0.5280861716152634,1.0
1.0358115595731956,1.5912918082918488,0.46728054205441577,0.5537969469341698,0.5139242647104675,1.0
0.6249822898795295,1.6908726864698367,0.4534079142672992,0.7433236769884544,0.513330265305738,1.0
2.1612857988671714,1.3275930168463954,0.299778758036254,0.11006628012314523,0.5202828174783949,1.0
0.9275046344759895,1.31447660084661,0.39208570002337145,0.6110824503100527,0.5410190423095816,1.0
2.367710433209836,1.2825698379824868,0.3663029755358004,-0.15505650519122577,0.5137856931081028,1.0
1.0019609273569473e6,0.9825709576555501,0.23705548556141345,0.2283616037560723,0.6423174023919033,1.0
1.875545584269539,1.5817272995811784,0.3097404401439873,0.2890776575482846,0.5055103564247017,1.0
2.3128862133144135,1.5709961120699607,0.2802268991554214,0.019424533887277436,0.49637166602684535,1.0
1.0019608772952831e6,1.0092891057685396,0.26211672597202346,0.5900848913646279,0.6659831615599778,1.0
1.0019615666990462e6,1.0381241716222305,0.42296677479440137,0.12016088223274445,0.5974452850149425,1.0
2.191035208273785,1.3199505882981029,0.3434308099284888,0.03400202135344203,0.5178352888914928,1.0
1.765021457628242,1.5771454182718565,0.35644674103436397,0.307829371966113,0.5063598481756636,1.0
2.4902463581944754,1.2319301681722887,0.22780318878365083,-0.049025272173029544,0.5238396355473798,1.0
0.6614415766986236,1.8635801028113959,0.40830153228276456,0.7356521254645669,0.5021185275688114,1.0
1.7796031936379983,1.6035723711909016,0.42532085385884894,0.28939018916744386,0.5029513591001735,1.0
1.0019614831669455e6,1.024061145355344,0.4552399749714984,0.2302416614111,0.6131669007342584,1.0
2.1593073482924106,1.208874107702193,0.32511725903446553,0.07923606519838404,0.5310369717398812,1.0
1.0019606526694102e6,1.1996417254423453,0.42890874778161353,0.6419452938126853,0.5860851797191838,1.0
1.0000016130577493e6,1.0316707416971524,0.3552166119752149,0.09494739016054439,0.5797371973840743,1.0
2.093420656694341,1.6495091285678263,0.4137603786263699,0.05969688764715785,0.491418518731915,1.0
1.001960738838514e6,1.0038743402742243,0.34869162347615096,0.7843668681575313,0.6785152279359999,1.0
2.2005778314234483,1.4293862491158358,0.3910842322359864,-0.022450520827392968,0.5054972929242356,1.0
0.7178515286372725,1.56699603647344,0.35574110506156864,0.746637582253427,0.5233176045642289,1.0
1.0000015361570815e6,0.8345715794679947,0.415571278641397,0.33851052529255077,0.6088008616565987,1.0
1.0019606964458865e6,1.0062298874446283,0.38417695741226077,0.80928371999607,0.6822275743173407,1.0
1.8106211580178921,1.1913413324784403,0.41458690224958517,0.24985668745028616,0.5390797041544049,1.0
1.0019608142271102e6,0.9662447907169782,0.29790742531826003,0.3086163320339956,0.6392494247080881,1.0
1.7001801176980074,0.9852130630397462,0.4135610685552784,0.30325565057329723,0.5675165490366384,1.0
1.3694643665473336,1.3131092543973821,0.32547696607754434,0.4879425847242418,0.5366049364758658,1.0
1.0019606272969596e6,1.0047240184343693,0.4670600336899314,0.2809527833584301,0.6298304665551118,1.0
0.715403003622513,1.624720475215184,0.3763972458135896,0.7117300463475291,0.5177283650949768,1.0
2.516435527309075,1.0963913851371558,0.2694569169251447,-0.15610761899239636,0.5342101647443153,1.0
1.0019606839217843e6,1.0821177610243216,0.3948191867378342,0.5702986136038952,0.6055987870982422,1.0
1.0019608155363543e6,1.052508745005724,0.29682954229728786,0.4407614362547528,0.6156424708183493,1.0
1.0000015517850374e6,1.1081862413633718,0.40993257487170437,0.10529135504107465,0.5691779613264351,1.0
1.743021945624418,1.587036024633055,0.4307621445197665,0.2793723895628975,0.5040550138795222,1.0
2.165654277087937,1.3614941600539296,0.27664509067964943,0.15781476134372457,0.5188181611682467,1.0
1.0000015605687712e6,1.1826329964315425,0.3995046009345228,0.07865334918610563,0.5601648191857347,1.0
2.139831195005493,1.4028808743719345,0.41586598018182097,0.010470948645274564,0.508873417848673,1.0
1.8429121115505793,1.1592889214652513,0.36017418470848583,0.2553334814584514,0.5435222302662548,1.0
2.0019810811212233,1.1342918508016535,0.4033620121694746,0.12491722924380905,0.5408426732185676,1.0
2.202866963898993,1.1552742710575437,0.3826737629685379,-0.013683291893280158,0.5328207218360675,1.0
2.018484328216478,1.4147908551483557,0.28151408783448034,0.22665108988000604,0.5169598591150695,1.0
1.0019606843920712e6,1.003668009412864,0.39453745586972755,0.5613691322047012,0.6474956854600474,1.0
1.001961556614771e6,1.1499245534595037,0.4335303292385943,0.1564286200158199,0.5819610248636461,1.0
2.2320956386063107,1.248744898426063,0.30428939775750774,0.04697557465195916,0.5256817274439828,1.0
1.001961510392918e6,1.078295592357255,0.41391524637458654,0.3762298736733484,0.6017363317025991,1.0
1.0019608495807102e6,1.0608244378862945,0.2772101236453845,0.6717546466725309,0.633638515436679,1.0
0.8124159908324105,1.8408639063095154,0.3954862555760028,0.6508054743588124,0.5009024047219675,1.0
2.1558519977903683,1.267788655488961,0.3118283627500736,0.10187616529679025,0.5257125836880674,1.0
1.001960669911042e6,1.0412050562405846,0.4097386115542139,0.5884845903845612,0.6358570052407092,1.0
1.0000015186024525e6,1.2679708545467592,0.34988657204893364,0.39766746342280196,0.5382676440231815,1.0
1.0019607377423607e6,1.0473972819489996,0.3489844219824046,0.3534469740652229,0.6207982155082566,1.0
1.9653759344422224,1.1274284146770346,0.31263454209397723,0.22707393236009293,0.5462875336647535,1.0
1.259272300716227,1.067579985461071,0.40967420668400073,0.5173818168728155,0.5647842240328199,1.0
0.67413894249902,1.5557972955327972,0.398886500134821,0.75968639439508,0.5243199995171306,1.0
1.3967847617583562,1.634839165059158,0.3490437333468102,0.4672619608434734,0.5081988752952068,1.0
0.7933464781345877,1.4783213157437043,0.307783732998298,0.7608786030386574,0.5314282041121042,1.0
1.7485629208453592,1.7796164873378053,0.41868036484562327,0.2850267216275091,0.49110606442276833,1.0
1.0019607452112687e6,1.1485647781886437,0.3436697676622425,0.6569526586199027,0.5940494721638212,1.0
1.0000014686904257e6,1.338531877415685,0.40677407773439306,0.467867814824434,0.5430215842459851,1.0
0.6849790853303548,1.695098468877395,0.38472436645601127,0.736949562091994,0.5133301289145475,1.0
1.7101750302536562,1.2915203486854523,0.455355910757332,0.2823329329604768,0.5296298071781984,1.0
1.1641829662167118,1.2761327050938054,0.4598214746560229,0.5132967337239024,0.5403805935861544,1.0
2.121138359282506,1.236165766324489,0.29150157746465494,0.14759068638158157,0.5309912733101325,1.0
1.0000016560135649e6,1.2059678473660287,0.3213349195509345,0.16290166362830627,0.5578192734528022,1.0
0.7548963955547144,1.3980396774579642,0.40728681029372865,0.6728373440702715,0.5351894871629551,1.0
1.8388904742731633,1.571289152838817,0.41173707746462473,0.23392820436698747,0.503664520208122,1.0
1.001960668058451e6,1.2681030230444186,0.4114062936721438,0.5298522883456571,0.5845508543801469,1.0
1.9068603926129373,1.777768136929769,0.44633617714583035,0.18206956093337737,0.48722730633486105,1.0
1.0000015588170573e6,1.181295023960027,0.35571722489410784,0.36103976076331007,0.5599556185418294,1.0
1.0019615065960512e6,1.1698074079114669,0.41832898165340476,0.35831372607975714,0.5901328756187991,1.0
1.0019607315412272e6,1.2316015697442555,0.3535632086892345,0.608635887043242,0.5843290627368614,1.0
1.6725299743034243,1.3667574982591577,0.4203981510961402,0.317325071939036,0.5239717636290828,1.0
0.8525815405834825,1.7333946129569195,0.27047132043846434,0.7359728491882613,0.5113163765216134,1.0
1.3681107293827006,1.6817463469321332,0.37983205572997325,0.46415198846381267,0.5045462317246052,1.0
1.0019616148445337e6,1.109665708808966,0.30587544330557365,0.35164949638189297,0.6047984939738544,1.0
0.7281860893192382,1.4391345069270267,0.34786707102545533,0.742473303531333,0.5339876835236698,1.0
1.0000015578677765e6,1.345568578483206,0.39892615293582007,0.13788846831016832,0.5424643781410263,1.0
1.3113348319523495,1.5060746347816385,0.4070835866095827,0.47365718567161025,0.5180356563265843,1.0
2.1350830612116622,1.3052626140716086,0.36202441375952016,0.06115152236207039,0.5201573667666787,1.0
0.7038277043328391,1.3571020271267271,0.4423254278847885,0.6837520878653381,0.5391090022783278,1.0
1.0019607472269987e6,1.281087025386367,0.34180586086368636,0.5945673245904164,0.5804284499946234,1.0
1.0000014228980266e6,1.0645010984369199,0.4732863592607296,0.5355257759658879,0.5745437167586472,1.0
1.0000016142469255e6,1.222815669389569,0.3072425493243375,0.3927663787428772,0.5556689114617872,1.0
1.0019607582658461e6,1.1813303001993358,0.3339618660149289,0.7664837986609726,0.6019862637298522,1.0
1.0000014919846344e6,1.2414478226908199,0.42562624304948077,0.3465720299954416,0.5524432039996889,1.0
1.0019607019744223e6,1.1535720657235635,0.3784354892733839,0.5653240149613498,0.610691853644259,1.0
2.0031251709226088,1.3715904957335634,0.35182840218895867,0.16675655969505332,0.5181310924738474,1.0
0.9339488179624121,1.384498135571571,0.3787716034132633,0.6135145364866087,0.5344120569638555,1.0
1.170845619242898,1.5259820086981184,0.44858134381206693,0.5116695369247561,0.5175808218122249,1.0
2.3022646125627637,1.2373233961191497,0.27432398204814096,0.034228747104773416,0.5263916129207366,1.0
0.9577467510000306,1.6717924158337525,0.29889422857114245,0.6450689186871346,0.5125173815809505,1.0
1.634457942809695,1.3206958819812127,0.46155985073883293,0.3203702547121743,0.5281858004798469,1.0
1.659507874725072,1.2000077154056632,0.3699004183832817,0.34499369678098957,0.5424658349673924,1.0
1.8707151898077827,1.4007872270589805,0.40992648552481237,0.21189011262785845,0.51685547234436,1.0
0.6251965485145926,1.636076015747416,0.45299738511572374,0.7448919053753258,0.5172959065117895,1.0
1.7504856717435158,1.3080363517514386,0.3462498484952906,0.3161403197678247,0.5301047061783166,1.0
1.001960650311179e6,1.201840431937018,0.4319146406823231,0.6692162753254373,0.5989861270720016,1.0
1.8307992654275345,1.3973314026076653,0.33406874620208454,0.2851120042843263,0.5205071641879425,1.0
1.7105156881929309,1.5758607904160096,0.4086334741195195,0.30579597967132516,0.5060536163654132,1.0
1.6520304972570181,1.2581361606594306,0.37404849702313286,0.38923666057410156,0.5373566804335043,1.0
1.0000016390832113e6,1.406888183356943,0.331449742745403,0.19126980215789594,0.5374629551197673,1.0
1.688509584776445,1.2634579281232505,0.31729547155544835,0.36471911287177483,0.5367583960973599,1.0
1.9082158040085735,1.3934917675364529,0.3824389632463996,0.20711101729855075,0.517477715931976,1.0
1.9247281948157,1.3152511217309355,0.37366101712470434,0.200423480344464,0.5246114949282242,1.0
1.0000015456937496e6,1.4539121436259654,0.3379399533972803,0.473362118979618,0.5328462052840657,1.0
1.9403921578592447,1.3900926821291073,0.3237144489018831,0.23157273791987823,0.5191368190177467,1.0
1.0000014914214517e6,1.3077200066363035,0.42360473184914016,0.3482292720357982,0.5454458679219117,1.0
1.4672568778078667,1.4418926319293206,0.3575234437040533,0.43534121108947677,0.5223006813232884,1.0
1.0000015752988107e6,1.3027828904931031,0.3294291021194295,0.40386296674253014,0.5469298375987477,1.0
1.838305674513149,1.7391922967086093,0.4628023870957567,0.21770368343361504,0.4908787581237203,1.0
1.5867931734660827,1.2376779024733577,0.3610202351703111,0.38331445643527146,0.5399553048387787,1.0
2.0191298801486557,1.6298372379723,0.3181666849809031,0.19438108439734117,0.4984344333957079,1.0
1.0000015187313734e6,1.250637052939204,0.3648652070571521,0.4469115384299052,0.552357766893025,1.0
1.9572194929309532,1.4443286201372458,0.31458743941480827,0.2310897438118991,0.5143914803167297,1.0
1.0000014718775653e6,1.20921426509051,0.40294546743446896,0.49345237401498276,0.5570469807750974,1.0
1.8307823640026044,1.4938140007497587,0.42516229017464674,0.23029716156687258,0.5095193806556665,1.0
1.7724197705943747,1.391734157018312,0.43616945921971206,0.25729151033094955,0.5192362398705378,1.0
1.0000014550777638e6,1.2735731760998692,0.4347972181318746,0.4217882233825776,0.5493542194257578,1.0
1.8073700121047784,1.343776040606402,0.3119253952811417,0.3135267738575792,0.5267161633055762,1.0
1.0000014313911273e6,1.4215925338413649,0.4513170755591338,0.488270154435091,0.535208092994005,1.0
1.1258194268811494,1.424800569740718,0.37957996524367693,0.5487807741771887,0.5281024169053339,1.0
1.9501182628712532,1.3610890250581305,0.4231083691675571,0.15205521247443898,0.5180376551883731,1.0
1.6987200398191424,1.6038332772397508,0.3809192145278285,0.3256306093476612,0.5048987492298831,1.0
1.0000015706821308e6,1.3462827986194628,0.33317477356218306,0.39905737562481336,0.5426192149540974,1.0
1.0019606885175894e6,1.2649154634735098,0.3901837841425923,0.482674511422086,0.5857519980285436,1.0
1.6131056688418308,1.34083010905601,0.3945001760198654,0.3553178674876675,0.5281429891408375,1.0
1.245720847544765,1.2398487814753698,0.44402601897022614,0.4862252820784904,0.5433129409511744,1.0
1.8159756010152919,1.2910196482370655,0.36521291657613064,0.26908055442832374,0.5298051672236994,1.0
1.7382226965797134,1.415709147654774,0.3383056667068721,0.32905306409167706,0.5205613914360768,1.0
1.0019606874795886e6,1.2927440942468542,0.39126823337296207,0.4126121827096739,0.585956840309021,1.0
1.6944591205031627,1.347871023351043,0.4522907656433837,0.2937577510643089,0.5245797666482087,1.0
1.2866831415558677,1.618280722586956,0.3702197069083077,0.4971460135449079,0.5104208098303437,1.0
1.5326167325435938,1.4062553348023907,0.3595431074074379,0.4087905021515226,0.5243832185415629,1.0
0.657527696943651,1.7544844350461923,0.4125940510134871,0.7511140953909181,0.5094258000631444,1.0
1.0000011668412648e6,1.2519143093190497,0.4999606290321642,0.618557397510807,0.5506506644059238,1.0
1.0000040268422486e6,1.2559538108731478,0.36620193050988914,0.5043415169149852,0.5575708989110165,1.0
1.6846093215223403,1.4182106424224405,0.37537184214986813,0.33265694554823344,0.5202408193622751,1.0
1.0019606319173963e6,1.3172001765445644,0.45797696027194756,0.5044530589488241,0.5793885781825553,1.0
1.605147685674689,1.3680609269200759,0.377809615848901,0.3671815461195367,0.5261514733514491,1.0
1.001960712647308e6,1.2698387843663363,0.3687884862032449,0.5498650695604468,0.5824056704066323,1.0
0.6589370989181307,1.4902280932813277,0.41399791286279564,0.735088081077366,0.5287804008129838,1.0
0.7489882999190852,1.7340165120650028,0.3836317079762604,0.6851650259052846,0.5090940338064437,1.0
1.7876377297561028,1.4327188335780934,0.38879421871792214,0.27251338464692065,0.5165442603691269,1.0
0.704964820884795,1.3288589873995817,0.4504748488564279,0.6918949419821318,0.5416410253049455,1.0
1.0019607284127984e6,1.337534438321734,0.35595029537426576,0.7858979709660903,0.5688989469954935,1.0
1.3116863321547403,1.3822857361465672,0.3769017316327454,0.4846295685659241,0.5294845552622074,1.0
1.347461497916076,1.3448468493647985,0.39226278348939175,0.46537459317923024,0.5321541945710009,1.0
1.692847085642834,1.5913749262588723,0.4445724220649057,0.2999895928469721,0.5044158597418639,1.0
1.4781868134659142,1.5363526992615093,0.402701267647308,0.41168551981475393,0.5132221485616438,1.0
1.0019607115400253e6,1.263698398765975,0.37033143475772584,0.6451793133927545,0.595463550501084,1.0
1.5217042446194873,1.3219098439881873,0.34004214273747946,0.42231011072509883,0.533008278524522,1.0
1.741487577294422,1.3808243399928053,0.34966059733034005,0.32166564352456817,0.5233072809245948,1.0
1.0019606591310487e6,1.311558689985571,0.421366966046507,0.49574826175888226,0.5797564595682215,1.0
1.0019607346947062e6,1.3181748386242738,0.3511604256500931,0.5575672344943337,0.5768881252375321,1.0
1.6991301660913731,1.423060609908587,0.3517169049398966,0.3393601783232029,0.5202290148081647,1.0
1.4004449327773472,1.6780485825329823,0.4107661656400201,0.44074573572897763,0.5037055599669212,1.0
1.2415771063101935,1.3857266550658265,0.401386615763535,0.5004429983572333,0.529623115313174,1.0
0.7289582299915311,1.4456895794179003,0.4091213118928332,0.6841316392213557,0.5312237489298839,1.0
1.700710105151808,1.4693150760689848,0.4407065485607216,0.29589712393915973,0.5139390509555144,1.0
1.3537630749538516,1.331221660504604,0.3582767516739469,0.4773524418333931,0.5341865253576403,1.0
1.0019606896705144e6,1.3195780010698372,0.39038517927236555,0.6260187054319222,0.5754339732005175,1.0
1.2972865098996305,1.3606753024458078,0.44203764196488576,0.4692671416594491,0.5303889023088575,1.0
1.001960736503396e6,1.3470901034354967,0.34978154578244625,0.6227196392953769,0.5722904591057596,1.0
1.5401394171916702,1.5090979360931904,0.40489566545301764,0.3849754345817965,0.5143636357912925,1.0
1.328946472762626,1.47728457794653,0.3551443752893147,0.4884347169074582,0.5213425383001539,1.0
1.238291597720508,1.3423743886411499,0.3505006359770579,0.521844837657215,0.5349329644591431,1.0
1.0000014366708116e6,1.3987997098607377,0.4460827205571417,0.4611432481128834,0.5370562584449128,1.0
1.4328622580384909,1.428928578891673,0.39442896394845683,0.43301552774134605,0.5230826031091043,1.0
1.3351973320716566,1.4618835303482622,0.3552506628706605,0.48561517381290265,0.522559514022958,1.0
1.520225486880233,1.4251034210379177,0.38171648943792835,0.4023988031330322,0.5223275081166873,1.0
1.147819573671388,1.349848817726318,0.4588575706279976,0.5174237579794225,0.5332494920965758,1.0
1.0000014554059217e6,1.4720207214145993,0.43290317013589424,0.42568669032805284,0.5300399028385188,1.0
1.6451947207606255,1.5630535875959115,0.35617822801933574,0.3644087978045787,0.5095953694252208,1.0
1.1363619863416003,1.339364715430386,0.4024581934728448,0.5379532116393159,0.5354612257115078,1.0
1.33199456355302,1.5107471429476456,0.4435533128095845,0.4570173321114466,0.5166892640745112,1.0
1.0019615025001203e6,1.4012528685346102,0.41449238477720823,0.5377267732958857,0.5600725198949252,1.0
1.4066871291853105,1.4405558667830076,0.3539121276515601,0.4603698834025048,0.523416313885625,1.0
1.0019606303281129e6,1.4313542710502418,0.46025524827733966,0.720712261402204,0.5585291509088255,1.0
1.301511994849008,1.4158278389297032,0.37400122170668826,0.4905975500844035,0.5266418544495595,1.0
1.0019607153247604e6,1.376098197809767,0.3664680229517745,0.6063499103423959,0.5695377818507389,1.0
0.7343774810363237,1.4664685172052354,0.3630252943451371,0.751013414015236,0.5321635759636996,1.0
1.5718530847854264,1.4466868983838623,0.3619980953881202,0.39126861496626886,0.5201160766619137,1.0
1.0019606606215073e6,1.4081203453460243,0.41907533839365513,0.5262464531200179,0.572662301084124,1.0
1.3406187843132948,1.471547896888919,0.38980640478817324,0.4702283832719533,0.5208733548494829,1.0
1.374086741945841,1.46987583655147,0.3904206585004149,0.45942445971130186,0.5205444027072116,1.0
1.5050207661029908,1.484164195177538,0.3629075339994818,0.4180034025812505,0.5179824811530236,1.0
1.0019607002198031e6,1.3756407256977377,0.3796426020545463,0.5425903681976276,0.572723027728376,1.0
1.3588503428304353,1.5829977710256313,0.385050885860735,0.4691297412117269,0.5118157625599615,1.0
1.0019607080564157e6,1.363197913421801,0.372827599471043,0.7456288169078948,0.5733799102954846,1.0
1.0019606864172892e6,1.3426586734781074,0.39289317005863017,0.5590970377702811,0.5742625902497954,1.0
1.0019606307305127e6,1.3480421367414666,0.46085162087246423,0.6464613555149847,0.582139754697478,1.0
0.695252586289118,1.573568374800892,0.38116296270879163,0.7265102667770067,0.5220339428585121,1.0
1.3602071655578634,1.4955013364839818,0.42169152583211755,0.450729741876173,0.5179115343760405,1.0
0.6488939137016234,1.760820706730725,0.420966591096008,0.7460296221937768,0.508842174501727,1.0
1.0476866351302232,1.4125747609890498,0.43700741443151686,0.5570924880905473,0.5291158508748621,1.0
1.0378840135163885,1.4527123817921164,0.3795008538932745,0.5772501877021956,0.5268063869390716,1.0
0.6368018479087406,1.6591667605021938,0.4363515031583359,0.7464068029689801,0.5157617849817481,1.0
1.1577061451236181,1.510627249749923,0.37670721939651164,0.5382439269731859,0.5203803046955886,1.0
1.3529838463636106,1.5401902236821576,0.37258505731205427,0.47191491806252145,0.5154417320192097,1.0
1.1639879260541417,1.4674769029465033,0.44910232439262293,0.5138954328185438,0.5225238094725732,1.0
0.7105835362736331,1.5169709714392217,0.37657051647495077,0.7161608965465839,0.5263324854612961,1.0
0.7969164786442345,1.6562217077196661,0.41658694518157474,0.6564451060619717,0.5130226251320577,1.0
1.0019611884395638e6,1.4300668352276873,0.38356089973177854,0.570162968213508,0.5645431843686324,1.0
1.1584658816903548,1.547133102092909,0.43049421860316595,0.520437261975905,0.5163651415540423,1.0
1.3255739129214863,1.630719263437332,0.46011868981524345,0.453953844259158,0.5072403263968194,1.0
1.0019606700110728e6,1.4024257028158063,0.40862374115111577,0.7216547279453581,0.5608914834801121,1.0
1.0019606501237897e6,1.400130762254359,0.43196699520735465,0.5810281893439505,0.5668846850864478,1.0
1.0157431869590796,1.4563093668851081,0.38570420637969316,0.5824300806366248,0.5266537322477799,1.0
0.6385246240144231,1.6534888750370156,0.43387322245503696,0.7441681302845853,0.5161374029745254,1.0
1.477241437860838,1.4329781232509768,0.3747176681171487,0.4236000822654379,0.5224987927264496,1.0
1.1236776302298064,1.4737285592671663,0.41344957944793204,0.5421922958552127,0.5232028518306099,1.0
1.122184797227295,1.4843824530719478,0.3729270370207552,0.5608287304200983,0.523192064055431,1.0
0.8464170663389895,1.6193764021779433,0.39077145264307545,0.640369175411024,0.5156255440769351,1.0
1.3731157821194382,1.5396385991690964,0.4054970726002352,0.45145720006577955,0.5144786215617052,1.0
1.1717957644575645,1.5910286838585266,0.4228004392168439,0.5178083355236714,0.5129201728448086,1.0
1.0019606811145288e6,1.434228986242962,0.39723976171694464,0.6508662951912934,0.5609194775201644,1.0
1.0019606681639389e6,1.4433828533355573,0.4109659767285445,0.672977429858971,0.5594104759629573,1.0
0.7250591814525171,1.7679300226053185,0.3894331125237187,0.6964327248696103,0.5070058391995655,1.0
1.1853176682592534,1.4850622224895407,0.41613560806926014,0.5164119284426657,0.5213431528559568,1.0
0.7397635046265775,1.5011771920106327,0.3982530878557349,0.6835129208330305,0.5264534545905207,1.0
0.9394972290578965,1.5189308766174745,0.38996960304510425,0.6066503452984813,0.5222876502905914,1.0
0.9465272802861224,1.4879489366935565,0.39279349643214656,0.6035697050073704,0.5247097849766449,1.0
1.0624131692651555,1.442328838931183,0.4173192578116551,0.556442235030524,0.5266261977297855,1.0
1.198682566051092,1.4829377980312721,0.3942352444165631,0.5254168787111607,0.5218548036456852,1.0
1.1192210677581564,1.5202690184203707,0.4596634731965719,0.5274369232341212,0.5185517747684059,1.0
0.99519583336519,1.4908614308857753,0.38553332656190065,0.5900041930094363,0.5239606839493651,1.0
0.8632224349499761,1.555330717169819,0.4286117865641714,0.6208412071033059,0.5196214799899012,1.0
1.199262756470907,1.61255358801817,0.43751654623538383,0.5044735334487519,0.5106784546156301,1.0
1.0140305151234787,1.4627936726588922,0.41502155792609796,0.576749129207434,0.5255124539290792,1.0
1.0481715344338505,1.4754980599251841,0.3866290101632907,0.571685218110218,0.5245466947094066,1.0
0.6649219155145417,1.5581556091493227,0.4034796641520461,0.7492178547475313,0.5238150136018999,1.0
0.862138630301564,1.5495316291791181,0.3901180278577604,0.6354314861080207,0.5208134601917377,1.0
1.0019606307028851e6,1.4525979671040183,0.4597786321490271,0.647010761647485,0.5588652640875772,1.0
0.6753990302337637,1.3749994252350508,0.3955508215017685,0.7346470121569936,0.5393317507738531,1.0
1.1824941253551295,1.5539903023391919,0.44962304922602236,0.5080508432767131,0.5151814016720648,1.0
1.0019606902253083e6,1.4300589159562462,0.38870744339375296,0.7455052434768737,0.5744073412420839,1.0
0.6566424892699491,1.7311600204902415,0.41339018150548384,0.7368535617771335,0.5106524542772634,1.0
0.6592378807408618,1.690933396613838,0.4237157425742251,0.7206091922268255,0.5129464896873634,1.0
0.9185241617577433,1.476809836809055,0.4040317941182579,0.6092726543337267,0.5258115459467095,1.0
1.0822086292186344,1.5897968996449572,0.45288336304764654,0.5406463546038641,0.5136647346897392,1.0
0.6620066027700632,1.6355697986954043,0.40685637774876715,0.7401649744918539,0.517526104385032,1.0
0.902065171349621,1.554551130595323,0.4094446253568109,0.6127201909591329,0.5195240866369681,1.0
1.0668466376692245,1.513377033136906,0.44062414400498084,0.5487155553587642,0.5201117927611051,1.0
0.9680527899661606,1.6139161146897925,0.45169073200136334,0.5786506876893672,0.5133252911653788,1.0
0.9114693957165323,1.5076484149547948,0.435448892779892,0.6020685012718331,0.5227182964924115,1.0
1.0631009373725684,1.5632193710859303,0.4252691975761023,0.5536731215411961,0.5164337832852619,1.0
1.289232404819153,1.4876658006718202,0.40771166253974533,0.4824019615985634,0.5198672185170709,1.0
0.6173579466519901,1.7715957997224376,0.46637319348882667,0.7417431619976858,0.5076681753432589,1.0
1.0877995921009884,1.5451073094480843,0.42897909851447763,0.5444146766657447,0.517477408458808,1.0
0.9685754849809293,1.5211124649671528,0.45505432618573244,0.5781531593926443,0.520522416335018,1.0
1.112206612202069,1.5883601315455955,0.42351407586069834,0.5376858882936658,0.5138862439908038,1.0
0.6622583148812567,1.4995881466216687,0.41019601289592333,0.7320560642878651,0.5280529711941557,1.0
0.8374874442343856,1.5487012576111936,0.4219911184523116,0.6321413175053038,0.5206463610576294,1.0
1.0515108200984251,1.5554515664505801,0.44978715856879115,0.551489944882218,0.5167747460291566,1.0
1.0019606437886974e6,1.4811091960213119,0.4416193526312781,0.6346369194485701,0.5622491626516,1.0
0.9947095347129752,1.520695693966423,0.39738815501145863,0.5851225933290476,0.5212570280910807,1.0
0.9547735921735941,1.5293418316022254,0.4304428430997471,0.5890757163917327,0.5204433592451164,1.0
0.6647195937096573,1.7118530708793078,0.40483650506438984,0.73819348006988,0.5121205331312365,1.0
0.9964758500712635,1.4950037487419483,0.4501942781773153,0.571809607267821,0.5223848283675727,1.0
0.9489729320313494,1.5274945584068758,0.43192989597250186,0.5901556299350997,0.5206504465296964,1.0
0.9118379107052748,1.5715732772589917,0.4480559909656073,0.5985652090549763,0.5173539290451902,1.0
0.9323975852924211,1.571195122759607,0.41639893561049535,0.6002954290660129,0.5176649387433946,1.0
0.6435942228982129,1.6011957924242928,0.43541111168734875,0.7283567499878735,0.5195498186076856,1.0
1.042478605896309,1.6350080031413783,0.447658203587713,0.5561156188221706,0.5108778840858903,1.0
0.6213429208351007,1.7251045279711457,0.4594668049391297,0.7415282598859094,0.5108375072279127,1.0
0.9046814285843652,1.589250445607534,0.4403388864960488,0.603206431535376,0.516201095819251,1.0
0.9221438469894006,1.549464727046809,0.42093002397173357,0.6025346493368802,0.5194311764533099,1.0
0.6837928219563225,1.6006190417897688,0.45553193256022817,0.6884408444330454,0.5181740443897036,1.0
0.6369479366820432,1.6993599685258813,0.44708107357101473,0.7251645382907886,0.5122550180927168,1.0
1.0019606497893769e6,1.5045715098759453,0.43203873580989505,0.676753762467019,0.5555552954598915,1.0
0.7757818654188465,1.6043085963935617,0.44344334239874456,0.6498858804273385,0.5167423031248176,1.0
0.6636292265865718,1.7178814762485302,0.4348626084270323,0.7166405952529946,0.5110682899358049,1.0
0.9262078368569469,1.7002363022245257,0.4173626164937323,0.6034128802042447,0.5082007522883365,1.0
1.0430871842361946,1.671723732056412,0.4359241829718714,0.557236310384004,0.5084155379310619,1.0
0.6182826352902318,1.7595961957380843,0.47590416635020727,0.7557124186211223,0.5086430657672364,1.0
0.7121687228910419,1.5418649759132184,0.46371561764644764,0.6726222892640462,0.522171044830273,1.0
0.8884584425584909,1.6610359418425846,0.4160084979444948,0.6150897953407424,0.5115179447718733,1.0
1.0844081172360098,1.6026401115507116,0.4146620276395989,0.5506544764491444,0.5133233952990612,1.0
0.9727121531489862,1.45981185790796,0.4663507706199939,0.5752342580600628,0.525441489647662,1.0
1.0019606321927242e6,1.6280819995368148,0.4568710087003674,0.7573949072328067,0.5394534108064095,1.0
1.0019606470231639e6,1.6069990480148602,0.4356319156335492,0.6324129345341972,0.5486190289561291,1.0
0.6222339371745934,1.8044669884641742,0.48455690413832164,0.7217054852943457,0.5049790427795775,1.0
0.8167843916606481,1.4942909420348405,0.43450017601082486,0.6442482599009258,0.525060975674027,1.0
0.7379651079736702,1.616905858145688,0.45445222419842357,0.6623836488944956,0.5161657069235672,1.0
0.832555135118597,1.7569266240164034,0.453366367961946,0.6408326445891838,0.5050652297101579,1.0
0.7987212830642741,1.7442174915868676,0.4525720122998801,0.6396579878486282,0.5062301600007517,1.0
1.0651393384084689,1.628154181851226,0.4431764380881899,0.5491863784084955,0.5111665305684367,1.0
0.950721391890678,1.674463266585626,0.4408027632350411,0.5872840768128986,0.5093051250618514,1.0
0.6493349698645529,1.6481463412139539,0.46391621485361856,0.7057002840030939,0.5152469845096479,1.0
0.7316681617089066,1.4592489643859226,0.4603037685409421,0.6698322850393813,0.5288106675383987,1.0
0.6385695934210325,1.50981449476396,0.4407186221921084,0.7310256466046228,0.5268570481084913,1.0
0.6322363580777013,1.6612485184642316,0.4451371540417025,0.735325355783959,0.5152526071547481,1.0
0.7214840274356138,1.6532103980737411,0.4540379130402319,0.6747035229503406,0.5136305588022806,1.0
0.6367419657584972,1.7000643822033408,0.4639353245367841,0.7172167388875272,0.5116883394148145,1.0
0.6612919169889864,1.6177842028205431,0.4410106059193243,0.7074280104439234,0.5176579858117659,1.0
0.854555468699925,1.6596465499094046,0.4656310050472083,0.6141792065302578,0.5112301200222703,1.0
1.0019606285157785e6,1.6408341103506952,0.463287971849574,0.6866972425842047,0.5436915990908502,1.0
0.6394154051622816,1.6579198184038189,0.4481112219310457,0.7219112521217357,0.5150542403601558,1.0
0.6193617910646213,1.7034946782967793,0.46344220027991334,0.7486656136060258,0.5124864919135896,1.0
0.6895625413879019,1.6204683061722314,0.4681617863894361,0.6853220181659417,0.5163084089886308,1.0
0.6214279376209969,1.7757728588758592,0.45942670093506954,0.7469463629379859,0.5075886326704693,1.0
0.6314157509331596,1.7306520492018824,0.44361382883241823,0.7433598650855907,0.5106446550765371,1.0
0.6257889410768579,1.7484145922081,0.45203748385622833,0.7439759468382339,0.5093975582116351,1.0
0.6193392199116885,1.7854960453536393,0.46266732202607547,0.7428266502474125,0.5068226622316861,1.0
0.622262565122162,1.731578646517325,0.4606426545032423,0.7381043814370536,0.5103643450495959,1.0
1.001960646832222e6,1.638839869246225,0.4357062983327214,0.6882334933398074,0.5415951302693729,1.0
1.0019606300800234e6,1.6420993808923476,0.46082802682260354,0.6547695037141709,0.5438721257162895,1.0
0.806289728476309,1.657731341591442,0.42466976187529465,0.643061984556282,0.5126976408963065,1.0
0.6795254666318716,1.6021327501531502,0.45493746803564045,0.6906511623187099,0.5181647271751888,1.0
0.6487821057720964,1.6250047773609118,0.4687383365413825,0.7041621178580795,0.5168376295472179,1.0
0.6249488670847073,1.7313353342259514,0.453633755906386,0.7414788693735461,0.5104340201202293,1.0
0.6195588989034525,1.7224817359785722,0.4650330006405886,0.7358550433429856,0.5108040863840415,1.0
0.7367997469781501,1.6782462672549818,0.4501476036004541,0.663985329955008,0.5117353940810535,1.0
0.6656829590510971,1.6214786715308194,0.4448612358535538,0.7025277012864733,0.5172147014405883,1.0
0.7590820539189377,1.657890844195155,0.4392598272347366,0.6586242668015359,0.5130272685799476,1.0
0.6565131139146486,1.4661181551272175,0.45226458233289674,0.7066612876034453,0.5298421633577389,1.0
0.6263111547709264,1.6810439345608628,0.46619945610571684,0.724011457253124,0.5133466622320777,1.0
0.6845152361166335,1.691160722042463,0.46241166721925536,0.6850670011004035,0.5114148273822987,1.0
0.6264998811316539,1.665312210367179,0.45729462112462127,0.7321451948999347,0.514717219044234,1.0
0.6164013794128868,1.7478333567738684,0.467978513136303,0.7443156257544996,0.5093081506179451,1.0
0.6947300324621751,1.5661895480731916,0.44817909469964895,0.6905090556635541,0.5207642626074332,1.0
0.6194641427287063,1.7044632745571235,0.46285078061946433,0.7414431295123867,0.5122466486497389,1.0
0.6198210490885203,1.6870687715306292,0.46355864640021754,0.7381447577960077,0.5133765632878856,1.0
0.6409342143912821,1.687534196613236,0.4602799151185456,0.7130208078964664,0.5126179771408936,1.0
0.6182402910826984,1.771800523399425,0.4647642697364042,0.7438265464780576,0.5077497198824382,1.0
0.6161475834195436,1.757803683236339,0.468446232306194,0.7442895713631973,0.5086356537730481,1.0
0.6397582095616808,1.6901304038424159,0.4570468929600689,0.7162892928146118,0.5124802243815778,1.0
0.6596839626038652,1.7017385059287313,0.46606407117924337,0.6975560023089336,0.5110736967464826,1.0
0.6213874981757135,1.7287537010161296,0.46312687726241236,0.7357687978964752,0.5103236715032754,1.0
0.6217143906410435,1.7179815219566674,0.45863323431274744,0.7430033949200014,0.5113750984585613,1.0
0.6185349273942162,1.7212305868954565,0.4640870005191936,0.7443340969444666,0.5111456666735074,1.0
0.6252560110652372,1.6824994563313789,0.46009654097465086,0.730326328142962,0.5134985950392321,1.0
0.6169807664413254,1.7235597913285936,0.46701648866068995,0.7425166708296471,0.5109037523409766,1.0
0.6308858092543133,1.6495890981214427,0.4640087455328631,0.7208245143697898,0.5154900609318667,1.0
0.6325577538641749,1.551874832183541,0.4511865077110462,0.7285273871138959,0.523298993292367,1.0
0.6197674699831752,1.704103684526578,0.463014570542402,0.749378144114668,0.5124781559234272,1.0
0.6609062359502242,1.7218090962881536,0.4547735943366704,0.7009586367660494,0.5099543443042545,1.0
0.6268328332152147,1.7104739605954413,0.46889590733919645,0.7216046076633773,0.5112049049773203,1.0
0.6245971096675936,1.6468865925589202,0.46526833327709405,0.7270548690676097,0.5159095573019427,1.0
0.6327164197817817,1.684744210555279,0.4632822234580362,0.719001229953254,0.5129287127902121,1.0
0.6233312673241838,1.7295499712724924,0.45662950501512933,0.7423328905484582,0.5106231616931569,1.0
0.6163566138597852,1.7318653142626839,0.4682100791486096,0.7459110136083055,0.5104269571879771,1.0
0.6155638933890293,1.7495080794956652,0.46957603887038135,0.7432476098619136,0.5091513084251086,1.0
0.6216009064321512,1.6638527408682655,0.4639338446122789,0.7333645632368735,0.5148321103628286,1.0
0.6235690987333424,1.7368122746440848,0.4630053454297963,0.7300127017158499,0.5097052857308224,1.0
0.6174965991554683,1.7303140044988443,0.46613263081803213,0.7454371344834574,0.5105144037031797,1.0
0.6275800589285838,1.735166199875883,0.46875264346504236,0.720775620949858,0.5094586997753793,1.0
0.6159570451278127,1.7476453530540346,0.4688773353038545,0.7442966408767466,0.5093234891134087,1.0
0.6163685213850624,1.7484639916276616,0.46809253531849904,0.7451731963490169,0.5092817343224711,1.0
0.6165176237244021,1.7517416746225274,0.4679760897522745,0.7450614239957605,0.5090866058843662,1.0
0.6156799762599802,1.746758052759871,0.4699329151838316,0.7402968738193487,0.509246476459507,1.0
0.6170135054667282,1.7286716528280106,0.46851712865037476,0.7380165627632354,0.5104376240223242,1.0
0.6161663786425934,1.7441890543230885,0.46916403623851644,0.7398586841156042,0.5094186855591402,1.0
0.6157427186211906,1.744122522038959,0.4695386394976916,0.7413888147674778,0.5094503049352154,1.0
0.6160203184427971,1.7355971363658138,0.4687590439150219,0.7436027393371645,0.5100886328879483,1.0
0.6160078173477337,1.732162756680498,0.4691045872857236,0.7466329707343433,0.5103989581494036,1.0
