1.3050939694771237,0.2573751842119723,-0.23690982460941576,0.6073571700864814,0.8908557416283461,0.2
2.0878587149113876,0.18325442142297907,-0.09359950463446308,0.5472756073935802,0.2638960651134101,0.2
0.8055565155445669,0.33866238380421443,0.2020957091103464,0.7497598328651183,1.2374220940072438,0.2
0.8395519882301304,0.3382864161565254,-0.26806074127775403,0.6458024750680661,1.464076281123272,0.2
2.2885977103989408,0.10895435923158374,-0.0591171188476865,0.6275539311782121,0.2039945268612982,0.2
1.4082118519760525,0.06949520529263065,-0.3336804943720068,0.608984545870001,1.5231098743658793,0.2
1.1842648826719657,0.2575483384990203,0.415568199588175,0.8181659009012923,0.8330363438750094,0.2
0.9959009905416373,0.25171268448470796,-0.343431758569963,0.5058129350530306,1.1363964394726247,0.2
1.9374720818572608,0.29206916092241914,-0.3850861928445268,0.6854628027231593,1.5360543309720693,0.2
1.0564609219871526,0.27082074409978685,-0.26966062592292245,0.6159218996177831,1.130188292623181,0.2
0.7671103384940976,0.2865460403030348,-0.2485575140955343,0.652011978356035,1.6396854314679767,0.2
0.6601686706913727,0.27616406958624073,0.21096443681572197,0.7069119604252556,1.6032492589204534,0.2
0.7028602203411378,0.2517912438299642,-0.31176109264075064,0.619110927171354,1.8952126635882531,0.2
1.878091550551828,0.12978546912407551,0.24572771350136427,0.8570542123473928,0.48742542427040303,0.2
1.0584130413165322,0.1404347414302828,-0.42492500106727815,0.4619258546815536,1.3526988227704873,0.2
0.8142813836813437,0.2895726206104002,0.0493851448551052,0.7226493112586172,1.3773110273360354,0.2
0.9813814459185488,0.3524306488766044,-0.23145669725771606,0.668359457893127,1.1576904039903075,0.2
2.1931310954753647,0.4958140722522063,-0.02320192547254768,0.7036841081849451,0.11561473191372279,0.2
0.9532020831689845,0.3999728175407583,-0.35928393107913664,0.3138791151284449,0.6583277433340833,0.2
0.6791601024800408,0.21950006044225456,0.16198485525210027,0.6856735424793816,1.7704377359445183,0.2
0.9596449938698762,0.41026748050715756,-0.3176319651755733,0.5298595124003386,1.137645284772141,0.2
0.9866798397273894,0.21550117879404007,-0.18037053858639385,0.6894662527333018,1.3874572227114292,0.2
0.7729970088478775,0.24287943771773074,-0.4375892260610831,0.4973996369832713,1.6352147153469792,0.2
0.7548858164667779,0.24862616225444836,-0.3060246604082203,0.6248531982109218,1.7552790386428732,0.2
1.0376706091336345,0.45218089005008444,-0.2558711676715435,0.6102169900688853,1.043499500966621,0.2
0.9301956751946551,0.3133755294056388,-0.2433241753841222,0.6606893560189936,1.2808399427204507,0.2
0.923907531650136,0.2242128380595629,0.057924232760344335,0.7239517280927222,1.3668914846586526,0.2
0.9535553640703588,0.45482440476424896,-0.238076978753062,0.6564163072495085,1.2149332346264687,0.2
1.499001343899154,0.2619505679088617,-0.036554121373053416,0.7892627110703944,0.676083606597782,0.2
1.255805155136103,0.185305818535642,-0.2858678032878418,0.6184183111874356,1.1862351634225732,0.2
1.5089886034634945,0.405581735431458,0.12107400708972768,0.8449829525676025,0.46771613731347095,0.2
1.0274011637818448,0.24103699054806393,-0.3226114549077139,0.5498534008504028,1.195152595584042,0.2
0.7675944040721107,0.2527130039372173,-0.7231354018041684,0.21284472309955965,1.237946441467664,0.2
0.745286890014496,0.22366664258296398,-0.18380598790513464,0.6568085304978333,1.7604140164185964,0.2
0.9382020833885263,0.32497535493575846,-0.22881599874913122,0.6714090781071943,1.2460859808251212,0.2
1.1131103320528062,0.45582422083594404,-0.22071601697590099,0.6021910489710921,0.8227502888954088,0.2
1.4684575768374277,0.11181817444790013,0.4629441684533738,0.8193181853945741,0.8529082835650943,0.2
0.6394408279441615,0.26145800295861077,-0.09163952865318212,0.6567279636491725,1.8722878473096285,0.2
0.8592739410271331,0.36612251352052894,0.41308271709521643,0.7732803352072806,1.1446367128483108,0.2
0.8499613471021994,0.36861680519827744,-0.3139152780229109,0.6170461796964216,1.648138165677598,0.2
1.3994332858411183,0.33764374763023297,-0.2803421953132096,0.6499117909855536,1.911302390846136,0.2
1.0689474097841345,0.20632678701178192,-0.24208185862185125,0.672114901779443,1.3351509977864109,0.2
0.7164647193467566,0.3978287640242903,0.24855807485449471,0.7408484613065105,1.3326947205366708,0.2
0.7891024090966354,0.18654745055833932,0.035931890511631565,0.6828241387346546,1.7160234566204249,0.2
0.9722272516687303,0.36963133144658383,-0.028407631492350108,0.7521436000042809,1.0448687816010265,0.2
0.9105811388568609,0.3481130185800798,0.026243472484146005,0.7482797054973207,1.1373501760057076,0.2
0.7935880009889518,0.2866668341200683,-0.3491723489335852,0.5898071028193589,1.6567013992322452,0.2
1.5263803411602443,0.11886759091247386,0.18246845480601626,0.7939238769784056,0.9006470296426393,0.2
0.7071373054565236,0.23757334707136324,-0.49125121569427327,0.48049966561944835,1.9017480631764565,0.2
0.7246540283971729,0.2479407332413661,-0.40643347531520657,0.5613678293436897,1.8874331345273947,0.2
1.3507795999912262,0.22130781858281487,-0.1992537615856393,0.6840396408687988,0.9360341124885301,0.2
0.6667473152240639,0.289288892955237,-0.18691845812716298,0.6457348442768833,1.8705812989059591,0.2
1.0251239555241944,0.1682033570886335,0.4208036489141079,0.749779742319566,1.3441633198320153,0.2
0.961499682432487,0.2410656504646188,-0.3400603153732261,0.5689948361717844,1.3470063366968017,0.2
0.7234952639349576,0.2395602190809436,-0.3602885441925795,0.5948481481287093,1.8793743652946084,0.2
0.7091783053966769,0.28796047194837276,0.17109207922683317,0.7145969158796165,1.519588183668521,0.2
1.1782363008701848,0.20842078068534792,-0.2986771548015722,0.5403033480918071,1.024134175274873,0.2
0.7041377694503075,0.3690469012947883,0.07184685292651163,0.7017204253671739,1.5734793246619212,0.2
0.8358823529234849,0.26101588872527154,-0.4092706220343489,0.4702169606303969,1.3482345251553627,0.2
0.5424852536264037,0.3794073213403096,0.5134901698892647,0.7350963743483986,1.5110362585911334,0.2
0.7278337464910573,0.2954059849720843,-0.2490478343960592,0.6452893211803871,1.743892935584303,0.2
0.8477793202478184,0.3493685093195692,0.30889727410110596,0.7732673664749101,1.1119799256143448,0.2
0.6885153082263931,0.2316401948085173,-0.6110237475858102,0.31917264439298476,1.539110633572092,0.2
0.8206751931530558,0.28087401634880044,-0.23577436667790874,0.6595992949040721,1.5340793412909453,0.2
0.8025004650983705,0.25056674611848895,-0.010636470744740986,0.701204349694555,1.5119810002277487,0.2
0.7044118021049701,0.34770803738400574,-0.03382338570538099,0.6860290739674694,1.6323623005652854,0.2
0.8159666409202782,0.28364159337971173,-0.3838034671462585,0.5391017529217177,1.542889425124785,0.2
1.1666809663122535,0.32651798454218145,0.4795718313534386,0.8389342115914815,0.7132501602492791,0.2
0.9473491728423046,0.18845043226962743,-0.0954050905599396,0.694769382217906,1.501485664614561,0.2
0.8015650611873109,0.40371659975526214,-0.1453892727671754,0.6840185176326717,1.5215851089910162,0.2
0.5350558072917279,0.26777470839344586,0.34530303888509156,0.6927243519984523,1.795547097796566,0.2
0.6271015454535672,0.45482629231999694,0.4685413274985995,0.7324390307013294,1.5122473075559117,0.2
0.6144822238626036,0.27771011192009354,0.005152941763173713,0.6607789811105984,1.893779923596208,0.2
0.582627436894674,0.3270515312631247,0.5303787078776102,0.7478937833009065,1.417162679924195,0.2
0.9854865842056909,0.1963977692824158,-0.12243954764051734,0.6990970048420764,1.4263571778645079,0.2
0.8250876481507122,0.2815847123771751,-0.07921629302104298,0.7024363544726214,1.4342074803784726,0.2
0.9569128632642898,0.3490030285092485,-0.05524313412694179,0.7423939662151635,1.1236491396905393,0.2
0.7915905215531316,0.2540696762544421,0.4420392173944859,0.7535327171512545,1.326019093973306,0.2
0.8246114245679522,0.2661333675421397,-0.16435694969088185,0.6827900260126847,1.503320093199956,0.2
1.0925504449581451,0.24731142792288852,0.2904953533438441,0.7866336168959667,1.0060661310453445,0.2
0.8540799917868624,0.2522108318688442,-0.010203473751521225,0.7112364406022602,1.4231322760900627,0.2
0.691302626276087,0.23182896194693864,-0.1988658741880921,0.646033162081389,1.875207062673538,0.2
0.9598790979022622,0.25962418902028206,-0.688186322792778,0.30957194111949726,1.8978771779213819,0.2
0.6720963556076937,0.2896128351155175,-0.09386253653724932,0.66789446353457,1.7610174542054615,0.2
1.1994603785386535,0.17728416542726308,0.38286326042780605,0.7910563355861894,1.0205894681270737,0.2
1.1498441583529042,0.20084935609543775,-0.2567416762667759,0.6495298096035681,1.2165610488243173,0.2
0.6328231309129118,0.3087916233680804,0.12617608928530316,0.6911487066667954,1.6971443462297813,0.2
0.768872298147461,0.3429643865845525,-0.2943305100953486,0.6219302330678212,1.869380041582127,0.2
0.6968487569474562,0.22732751949710311,-0.578558915515091,0.3332765120383003,1.4766763476136775,0.2
0.7119658954314162,0.2952397283293876,0.24424891270691,0.7271814145425438,1.4466486012329558,0.2
0.6801256729847964,0.28607202117057967,-0.15474292973994744,0.6580072961771721,1.78856720903272,0.2
0.8076238079123266,0.26728080698638523,-0.40407706030240803,0.5187253457966998,1.5447621138258878,0.2
0.798511892512855,0.2828317997221706,-0.3288532477583347,0.6104414190863812,1.6289909996962857,0.2
1.2828778890409673,0.1531867139646495,-0.2507599971189979,0.6581527206848231,1.2161382538275705,0.2
1.0401399083065488,0.19946694933978798,-0.11642870249179935,0.7061765484926447,1.3470179299345084,0.2
1.0199151991947208,0.39616620002573466,-0.2773729807365428,0.5202138271714348,0.9000931310081964,0.2
0.7510542071240902,0.23494002225206564,-0.3465801315354018,0.6027119133170603,1.811163726988077,0.2
0.8978881812854725,0.24599497682038496,0.053050218717957134,0.7269337626404351,1.3420800957717074,0.2
1.2653143934727245,0.44439226399188503,0.1558568921355877,0.8291611930471927,0.6060433329147461,0.2
0.7114674047839427,0.23577947826600626,-0.4123977471158732,0.5626246423384189,1.944667173747884,0.2
0.8998720278275667,0.3359429791233611,-0.2529497940600352,0.6527647058185942,1.316944633374239,0.2
0.9341466796204281,0.2605839293853088,-0.17893908217649568,0.6891159625688821,1.3609441986346842,0.2
0.7390624148361185,0.24022532331948437,-0.47141801421646423,0.47382980670933306,1.721160541660075,0.2
0.7059405909315187,0.29326309229779934,-0.2903857485889947,0.6251555363657149,1.8955027808312626,0.2
1.065371275270914,0.33597329670645737,-0.27014045383118496,0.560676113206162,0.95444830114132,0.2
1.6915564088380068,0.0768949582180201,-0.2716888571310655,0.5396443537841876,0.8970225966154215,0.2
0.6916330552582366,0.34548075425721275,0.6551763839895873,0.7955586151979059,1.1011891069482498,0.2
0.729855896511405,0.3134914208761954,0.036577664946093214,0.7065604783302051,1.5059851038090968,0.2
0.43093311804501,0.3002687998207329,0.6003734812802924,0.7149542317812193,1.722981589958681,0.2
1.2312194797365168,0.1616625202764247,-0.2866284950955961,0.615780117281663,1.229386729394044,0.2
0.7574495674587955,0.3079532992665268,-0.3324023031108828,0.6055649465692448,1.796592712570896,0.2
0.6976190587152241,0.34611096516238093,0.35085405710928597,0.7479508217058799,1.3273757148596523,0.2
1.1702708884422597,0.18986997578835924,0.04725949044071902,0.7508119338316331,1.146070448922854,0.2
0.9931262670366472,0.2743205923458488,-0.06351424825007576,0.7302336340229316,1.1935991920803926,0.2
0.8278012535755299,0.3428606338155945,0.11249773154897441,0.7434242236107884,1.237371441438575,0.2
1.2599896570168903,0.4515267366411341,-0.4664839545915262,0.3296617004795501,1.085746339394316,0.2
0.9119944906711066,0.22661275019390867,0.09717485140558352,0.7272790063947135,1.3637515913932567,0.2
1.2909298371557982,0.1847202406716452,0.009071780920435146,0.7614972024814393,1.0304560903743551,0.2
1.0089542269641383,0.20240559804344757,-0.11936696332106835,0.7041476552675036,1.3734483423047323,0.2
0.7422701636869912,0.26403335743748574,-0.4354881465638862,0.5287132494523431,1.847326298360031,0.2
1.4747728605136299,0.23735680766824327,0.7365976386680017,0.8925716755387522,0.47383870309495274,0.2
1.541572669482559,0.1420027455459263,-0.2192383982623586,0.6493775728460096,0.963909997302087,0.2
1.7475600622436394,0.1334174294599416,0.6235501676522168,0.8999524084625529,0.3758954311055154,0.2
0.7759782853845061,0.2981832992969865,-0.20707580683516957,0.6676013896967593,1.5747804983217264,0.2
0.8353390157032844,0.29622834134885906,-0.3761212043656952,0.533106539832119,1.4597943239184257,0.2
0.7975188870099162,0.3811887379220705,0.03688027161031879,0.7300405168085143,1.3000869644792075,0.2
0.6801258321694275,0.35328670842756393,0.1500175061106315,0.7114160248945484,1.5284751411321444,0.2
0.7302102702751857,0.37881311505139537,0.3717239593199626,0.7625615584295885,1.2241884969730386,0.2
0.8406810211285766,0.24299378721293025,0.4020660355981996,0.7514601319003735,1.3225674596492953,0.2
0.8476502018001477,0.21945660701723646,-0.05628694604216131,0.6953490009730025,1.5350313186323814,0.2
1.4533582248669297,0.1706799891303587,-0.18258366756742,0.705308732118673,0.9543185431561494,0.2
0.6799154873191826,0.2988736853692082,0.3735658917377674,0.7393178752056518,1.4121032170146437,0.2
1.0557649739129666,0.07779661832430323,-0.6002829472024691,0.3836639256699246,1.805403503219715,0.2
0.996730677248321,0.11490440738198102,-0.4723647197538072,0.5024485250772225,1.7907027949531098,0.2
1.0057820895950251,0.29470548029362925,-0.2936991416193512,0.574975039191703,1.1196392542723308,0.2
0.7595996820901054,0.24654351719271647,-0.4613229400026348,0.46536586875662056,1.6119406385906534,0.2
0.9253124206672588,0.4236279019752146,-0.12461547302665307,0.724084756913923,1.1194024128551427,0.2
1.5760163757878938,0.004325871838483266,-0.042760945848225373,0.6612162360986157,1.8542946372411861,0.2
2.0357931593529437,0.13346938243921502,0.0796317446334529,0.8577168631246069,0.32761045717202497,0.2
0.8953735893097758,0.42595512337647196,-0.22705867743900063,0.6687893697823395,1.3431044126327025,0.2
0.36108693008352993,0.2977018324430169,0.741195660820525,0.7095377395129898,1.8299111417244809,0.2
0.8831992078246409,0.18622924380932754,-0.16323494930425234,0.6722796907736395,1.635806604534024,0.2
0.6900895120219913,0.2201200822150362,-0.5239760986428517,0.4494201446210321,1.8948305120256985,0.2
1.0230731183602413,0.42864627755409435,-0.2913742693907958,0.42873064944910566,0.7377587316712931,0.2
0.4537771657958711,0.31842546293704194,0.5889420114155954,0.7201459042250704,1.6760947652845457,0.2
0.8565614090115229,0.26051278104562936,-0.11874666216285573,0.6980124725920567,1.4366300731038202,0.2
1.0301660984853482,0.4290168538660963,0.03100490104569381,0.7781011729311545,0.8846912222040009,0.2
0.753919720674658,0.2546494812227617,0.41469223974458325,0.7483308945594326,1.3612916580437828,0.2
2.2362640064929593,0.06203010934030976,0.16548607677039368,0.897681237640866,0.13205432236415418,0.2
0.6163135438869838,0.2682182680875247,0.13065594712082584,0.6830353341375114,1.77132397807445,0.2
1.2584419767846116,0.13319090603397765,0.010752135485271153,0.7319430254408252,1.2641078431733166,0.2
1.154528262339786,0.2691070117795525,0.06505073774016074,0.7733717590477539,0.9656423019555677,0.2
0.762776017750253,0.12432713270222943,-0.623763235556034,0.37183609268409984,1.8663400189532273,0.2
1.2721215163473314,0.23302220231411555,0.10895621607358197,0.7868606523794233,0.8982094124542874,0.2
0.8194582261970862,0.3012557637295256,-0.43959907275288346,0.43618355366156947,1.3821469234380392,0.2
0.9129193089408587,0.2402436637906605,-0.11410751762249188,0.7024373105706176,1.3975776889129243,0.2
0.7170088047597257,0.3350932493389532,-0.13901954235128547,0.6700509649859523,1.6885325781974194,0.2
0.6461382292829689,0.2528273481974384,0.16796013224265477,0.6922362189336028,1.7105011461533162,0.2
0.608144959210786,0.30395172081954513,0.04945962236995995,0.6684661043818109,1.8610188776447267,0.2
1.2619359913108148,0.17934442366816145,-0.0819756635657907,0.737891455547907,1.1088901561867086,0.2
1.9640470200755238,0.05574127076625972,0.0838049814930862,0.8301316628356956,0.5622139850025621,0.2
0.635274137405423,0.3421930808299585,0.3822911356298988,0.7368401944055459,1.4370609508484642,0.2
2.092436720410815,0.32319254704950895,0.048540489224304734,0.8630433801972199,0.1783266912034002,0.2
0.8581455123574578,0.3782500688962943,-0.1795747115487073,0.6914623685946416,1.327605433700473,0.2
1.023628803082624,0.3805023077540333,-0.3096194497705893,0.3317955205158266,0.5729004389619522,0.2
0.6320568777305432,0.32885381631760546,0.5048823130230664,0.7555852051484513,1.3421069060849615,0.2
1.249800198704703,0.09238066222148832,0.12520080167327646,0.7201899806016904,1.4451009357674143,0.2
0.9568340541359308,0.24213643792852005,0.42122507448891205,0.7802669391042846,1.1180174096874038,0.2
0.9448362067804144,0.3161821707839099,-0.33928152124141464,0.4690507574339956,1.0228059358886412,0.2
0.7649823562804103,0.3392441606432325,-0.1691627315128813,0.6771782979889547,1.5580902426794172,0.2
0.8777302719226312,0.3597613884099412,-0.34475372469984467,0.5702784922344204,1.4757105657267375,0.2
0.8289460394159569,0.34558968965146347,-0.1287468398366346,0.7036801613192578,1.3669658299503296,0.2
1.555331490471977,0.11847881189848287,-0.11648813289313534,0.7418665448600076,0.9750033886110944,0.2
1.4424992348492451,0.1990173769430319,0.11228576417089696,0.8015501180983559,0.7943973295166469,0.2
0.8357113147107125,0.3039806338392096,0.39293145224829756,0.7733516419201409,1.1520898040715646,0.2
0.46393946073317327,0.3823116951683667,0.6846816715559513,0.7459650601423562,1.497932656568619,0.2
0.781366231306758,0.37046518960692676,-0.18518499955754575,0.6695661209313613,1.5873786212717227,0.2
0.645674232857966,0.2875016332896546,0.5759518720415037,0.7610654038417127,1.333127730413248,0.2
0.7152840072969765,0.2665719686653722,0.24045814967859616,0.720821835375757,1.4999321869853794,0.2
0.8395681467482402,0.3875186084462961,0.8013185400627342,0.8402735479001532,0.8382499159205379,0.2
0.6763653418355307,0.24429674361969644,-0.2955127827434383,0.6185909158520382,1.95009242582733,0.2
1.0769667419645168,0.12275508573199785,-0.33107710607542784,0.6251723350330369,1.7659773431601904,0.2
0.6507125513051214,0.30274607305326295,0.08654847684702816,0.690443930643003,1.6809687526607022,0.2
0.8894205162481834,0.3019651753983493,-0.2073056369738857,0.6819171761936738,1.350053107659068,0.2
0.5861786221855837,0.2896473791541045,0.38172292843139866,0.7165658144930769,1.6060898860215171,0.2
0.7442155065636108,0.33049681952841864,0.0774669909305441,0.7179883478955418,1.4290807160195464,0.2
0.8556848847516937,0.23718102680265574,0.34993612723548945,0.7524364759360307,1.299052110448068,0.2
1.4619530328179442,0.4569013827041185,-0.4959928999230031,0.3326809192659608,1.2437670170385156,0.2
0.9543381495896508,0.18964274930019556,-0.4018267663889609,0.48950948645548503,1.3561112248306713,0.2
2.19035680095553,0.07084623076960807,0.11239173996656097,0.8781429769799363,0.2126516422804993,0.2
0.8136612301233097,0.20138095432567835,-0.0874134682685263,0.6786547955630492,1.6649208743682444,0.2
0.6287714194898454,0.2480178425415139,0.14493694122155135,0.6839225194660007,1.7700279092799345,0.2
0.8417185760335685,0.10447332466264063,-0.6376062255509499,0.3619384960888449,1.8629539062880633,0.2
0.9284049404318984,0.25765987711440136,-0.03230164309311245,0.7243292166844929,1.3023893805529874,0.2
0.5570154677677475,0.3095830411490294,0.3484170727312621,0.7038263800474214,1.6980734937857058,0.2
0.8066336826501825,0.17404275050009013,-0.1752499308594868,0.6527676642211601,1.8239517994658931,0.2
0.5425953973779767,0.33458211829745493,0.6602766947620362,0.7625516519208411,1.3566042734830461,0.2
1.8519348831008604,0.08751166138618086,0.2012055062455453,0.8408420391431483,0.5659552859409802,0.2
0.6921200533592361,0.28522983429353166,0.37878687022767565,0.739476312258143,1.413554000988653,0.2
0.5592490192979285,0.36547295588985207,0.5219856604729541,0.7432655221011097,1.4458663058881502,0.2
0.5709660432327859,0.29023040379234705,0.41298309238020886,0.7179355701080554,1.609423100325651,0.2
1.3656817457500134,0.15123623159971528,0.2371632776645434,0.7884048048055358,0.9708602707896885,0.2
0.7981581571405779,0.2573726262854434,0.36261112621253766,0.7502003977357474,1.320926313028246,0.2
0.7151733810247554,0.22039946871330254,0.7424657438706657,0.7733031738592911,1.3116697914932596,0.2
0.607187031046174,0.2836004672611043,0.4129192710277672,0.7256249836761016,1.54526952446032,0.2
0.8408541003087138,0.34010985357805024,-0.2296459835118702,0.6678754346901461,1.4226423158782906,0.2
0.9647248368729868,0.3760332273315557,0.29670163143917605,0.79327291246991,0.9434244790198758,0.2
0.676300062056729,0.21278652827968775,0.043309109626147535,0.6711245366811601,1.8248411017920265,0.2
0.9885329465996822,0.2775897608107738,0.35180824737548066,0.7865295611785309,1.0340031569413717,0.2
0.8243401217157151,0.25247192550895464,0.1846766736319213,0.7313604248789634,1.3832479071642954,0.2
0.8462651441719391,0.2930147701122583,-0.32138617381940804,0.6033530198029371,1.4904699923004912,0.2
0.6009918386044506,0.3684072700544862,0.2718362628767606,0.6910577583811726,1.7758911084171909,0.2
0.6742718597184173,0.36114390680472225,0.19423179950643227,0.7167383654904593,1.5085464106289674,0.2
0.7543741012624716,0.31991026221549074,-0.21049955886621086,0.6626907865237731,1.6278864912698394,0.2
0.40951001189149777,0.29855437890859965,0.7494511859584261,0.7275516650956139,1.6776607143172182,0.2
0.6472479332444325,0.34189569260740194,0.02918991657858866,0.6660931123445927,1.8659647027140662,0.2
0.546492356914428,0.21478989506447616,0.3495202377634886,0.6818463273996699,1.8927962280166544,0.2
0.6529129220210383,0.2785277387238915,0.4075293380133415,0.7335414433678278,1.4755766225021878,0.2
0.417094449748353,0.2908281228106035,0.6277813552782984,0.7147728700685071,1.7355778898678922,0.2
0.6123649857278815,0.2557798422609345,0.012184306375608023,0.6633200711769368,1.8815042309927918,0.2
0.7218303360193272,0.33574073690144984,-0.17821147184152264,0.6590371377006059,1.7341767874845877,0.2
0.5921652231466845,0.2873786478995872,0.28342958447083605,0.7015387076886406,1.685726330093126,0.2
0.5228573959573699,0.29233425763325493,0.3106239898585666,0.684807742636448,1.851527315822708,0.2
0.44717761943630485,0.3262569096926397,0.6460420500617847,0.73175963610178,1.6009760982952819,0.2
0.7916608915859666,0.2485772130815844,-0.2432137842698291,0.6541002376732732,1.6407829314009157,0.2
0.6836456441833304,0.34784946444421166,-0.03000334520685749,0.6763919160010903,1.7329596380301102,0.2
0.5609513364410728,0.2984994937415508,0.18797535462492365,0.6751774276389546,1.8750302984013292,0.2
0.7439894669257883,0.3286959616959077,0.2660396426094402,0.7436875213660716,1.3212578027822057,0.2
0.7833535127311002,0.2624329780918425,0.3495589508172464,0.7473205662755448,1.3382879456942636,0.2
0.5375432401793416,0.3334363394949737,0.35497864053137773,0.6954361646927381,1.7808244703665366,0.2
0.6866144539595098,0.2352695164672199,0.5091759699344358,0.7403929595638596,1.4654905797825544,0.2
0.7201224752659823,0.23248317863146406,-0.02421134375187889,0.6787977398478645,1.7096851337586225,0.2
0.37639775482247284,0.30348963395577117,0.7408437237750117,0.7161401389700921,1.7732345401790803,0.2
0.6003653102371838,0.23397822133729312,0.4186668913242132,0.7109458971278549,1.6741171660472067,0.2
0.4494692713237476,0.23857106617876433,0.5383922449759948,0.6963303027764607,1.8554961960176684,0.2
0.512025697642609,0.2869794020144907,0.45445679547429674,0.7087230914542293,1.7094395344626627,0.2
0.7823247879372437,0.23100898922984223,-0.16864641606817488,0.6690416290004254,1.6616170524837788,0.2
0.7028590273920454,0.2788893283972543,0.01043486394205273,0.6909600499034998,1.625235509788888,0.2
0.665809892250945,0.3316937120166327,0.23911412354820757,0.7208329924357495,1.4965722732939233,0.2
0.7386999014815399,0.3081181247049958,0.32861458813936234,0.7468357453019807,1.3272145063845566,0.2
0.5011525996170096,0.3073584774882106,0.41241897431396346,0.6975461787443092,1.786294215263002,0.2
0.48900119988019886,0.2681404762162045,0.4462452536060141,0.6972610061262059,1.8038657499242112,0.2
0.4885839918547402,0.31924723845346475,0.4237513287379074,0.693710738499044,1.8292308635057923,0.2
0.6644923480545288,0.2557528770085876,-0.05433745582981031,0.6679934483445066,1.7900298614108368,0.2
0.3580605566352047,0.3129280020365793,0.6943263966741067,0.7040908422585367,1.8592348590063126,0.2
0.532630818182515,0.26730788752331053,0.3152785268504483,0.6869119140449711,1.8326036414896014,0.2
0.6875005924001566,0.2156012135897826,0.4004899115363507,0.7198328984514073,1.58813172683242,0.2
0.6039693343925339,0.3485946241359964,0.184790266553415,0.6778076522772453,1.851531416728845,0.2
0.5349107899188573,0.24620971106451228,0.4516092599050625,0.7051942296516409,1.7379312138150065,0.2
0.8421329418188208,0.23949110991622025,0.10966991516301228,0.7215979829394007,1.421702896538974,0.2
0.46098379216492313,0.3936654456459864,0.7039582938166142,0.74677858353117,1.4986894795573318,0.2
0.713760656447544,0.25704005003743063,0.3648773685151518,0.7341884648053248,1.450597277111989,0.2
0.7141245409378381,0.3169423198761682,-0.07331741268800412,0.6847230869130754,1.614218984971187,0.2
0.7298776768029358,0.25253572445492767,0.34413735559429,0.733082712161496,1.4493517947497228,0.2
0.40268181316229557,0.28355557599378123,0.6161549090460837,0.7069125701694497,1.7984060199482979,0.2
0.5564061054627393,0.28109116409400936,0.6738536680533376,0.7556020872906395,1.4182253232298523,0.2
0.46059030792064026,0.3701242663142832,0.636913375089067,0.7333517763886143,1.5803428982794212,0.2
0.6030712591672827,0.32135846316374234,0.14633976713243813,0.6819182464841319,1.790527972345617,0.2
0.5311233316143994,0.22958260187551321,0.4250749196672719,0.6948608327646056,1.8150037754305777,0.2
0.6798663395641239,0.23923487143722497,0.5487855273800053,0.7482161992962917,1.4225590573575901,0.2
0.687830761507636,0.22678425453031403,0.38529752310696563,0.7221011539311148,1.5623522746354879,0.2
0.6749393739407893,0.23632679298504358,-0.04627130146209402,0.6675149660289956,1.8036637226319574,0.2
0.7167169993881918,0.2726633381517218,0.22099342800829663,0.7201772406155604,1.4962699809285736,0.2
0.6270201321790843,0.2535438764169662,0.5390221152006068,0.7417573196888471,1.471840286511385,0.2
0.4163070078865235,0.31523097249620863,0.7638607581152903,0.7314170750735859,1.6517428778657255,0.2
0.6287163074665723,0.24557566503587624,0.3568262366932661,0.7120653761677509,1.6330950296853974,0.2
0.4946660547209986,0.2429542591455914,0.7554188106183544,0.7357455551002374,1.6134960166676067,0.2
0.42624894401769137,0.3425994574137043,0.6896327718875064,0.7289140387521185,1.6465694800893105,0.2
0.6507084250342123,0.2227192148509734,0.1522384454228292,0.6821614100342968,1.7875978802363388,0.2
0.5593361770103702,0.36517382584363295,0.5244908243808897,0.7445600938357662,1.438262948049395,0.2
0.7064934026996018,0.29194334003603856,0.2105811524528764,0.7209415265363599,1.4823958907804755,0.2
0.6022052254903794,0.3067349768714292,0.29933603859437896,0.7095658859193501,1.624214191046466,0.2
0.5995737644731011,0.3007470855816536,0.14215547739673864,0.6814969290049805,1.7897857297906854,0.2
0.6957864564379677,0.30681964727232275,-0.05965428800477862,0.6808678603079026,1.6605683624516436,0.2
0.5083811191647463,0.23597847227295055,0.39055667573626257,0.6856585353672354,1.8794114535031976,0.2
0.5518845910888681,0.23587054384240258,0.334572169399422,0.6876633333104616,1.8330382896027666,0.2
0.6303553684915689,0.3249531419049051,0.014922177791593216,0.6654492982084976,1.8682245485246392,0.2
0.5965394552825847,0.2721013197420347,0.5040471398188228,0.7351236187098031,1.5101140072433146,0.2
0.5636009242808061,0.3269750071383506,0.5512845429687794,0.7471218078854202,1.4312070236087837,0.2
0.3783365997945681,0.2954605363595494,0.6368500646418312,0.7033143478555732,1.8399691661748265,0.2
0.37952193996500344,0.2760829614533402,0.6556784956320115,0.7056504377212507,1.827285855379456,0.2
0.5436750077200241,0.3074905382169898,0.46068879098741516,0.7216629653681281,1.6023150978584577,0.2
0.5473487191157057,0.3084476835585318,0.548440415397573,0.7393512495490165,1.4939282041315523,0.2
0.4107199753296104,0.31801028574989637,0.708308685878284,0.7286038069393993,1.653241348762607,0.2
0.4061499084818698,0.3530243109047294,0.686941026693492,0.7205017724853133,1.7129724762569096,0.2
0.6486482340639975,0.347257245365832,0.2771391529343307,0.7228927704339523,1.4979141834502865,0.2
0.5852632328534876,0.263279298331449,0.42915021003011455,0.7180725850701866,1.6160314856196392,0.2
0.4564325480408514,0.2755827266279417,0.44758565820812596,0.6886241845840099,1.8834930004216792,0.2
0.45888836836807995,0.2818241142611202,0.5622374653676913,0.7132658120012876,1.7209255014902791,0.2
0.5184036550677091,0.252190491312994,0.40033064740738916,0.6935688093679739,1.812860103952504,0.2
0.46301955219760355,0.25330052202667286,0.45977396334540077,0.6896427930371417,1.8788587721950925,0.2
0.5298518015975971,0.35731983037780934,0.5861814809107225,0.7483108817911923,1.4358572194460801,0.2
0.43896770646600713,0.2588131343653022,0.5344460495618618,0.6979368756519843,1.840241617256516,0.2
0.3724365623384835,0.3050581470396129,0.7021683267481807,0.7124666264497445,1.7887841312798534,0.2
0.5871920962090059,0.3308600223610137,0.4406501256076901,0.7331488884888049,1.4940932335859811,0.2
0.5087860411544954,0.2528968495729457,0.3564874286597109,0.6843679679160218,1.8755172594850218,0.2
0.5780973034661703,0.26388277259875614,0.4957452563771678,0.7274588466697431,1.569535300219476,0.2
0.5839452527052066,0.3330502983034233,0.26316104166049253,0.6953813105004782,1.7300432661344753,0.2
0.5442058014273636,0.27317914723600123,0.46444053360263476,0.7165412197157693,1.6465494810869228,0.2
0.48756227017089876,0.30494185919066186,0.42298728762911275,0.6950725858117793,1.8145361334447274,0.2
0.3800021314163006,0.322328912779393,0.7454201757377079,0.7174029671368932,1.7639918099159573,0.2
0.45133925017761156,0.3436445158368257,0.6602140214044473,0.7367310704221468,1.5656632753579178,0.2
0.5266415487798133,0.35518429010938435,0.5134118575205808,0.7302582176999414,1.5529605965389779,0.2
0.5129358650574165,0.31799548326170124,0.4888507022156262,0.7191314998137442,1.635243286484635,0.2
0.4855948333712735,0.27799693664686853,0.3813909174767215,0.685146084268868,1.8820445842562707,0.2
0.4925368073394438,0.31580569626956456,0.6223179758569095,0.7399066946821579,1.522466126532182,0.2
0.4594159889171816,0.3144403740640816,0.49587940897707994,0.700874234348885,1.7991599611353304,0.2
0.41528112562812575,0.33097982475189924,0.6809925107049936,0.7268841125720414,1.6557292299535566,0.2
0.38142108155178367,0.3005262815167395,0.6346160722071662,0.7037553887934307,1.8372618754709205,0.2
0.3929579802000221,0.34234776981964665,0.7392333408055114,0.7215173253843286,1.7269936571680915,0.2
0.5632249996032894,0.2932855387110766,0.40954600166874566,0.7156423351959768,1.626712258104645,0.2
0.43312564396884384,0.2837365009440838,0.5985859365746439,0.7131974679003766,1.7369401778569586,0.2
0.7587634884782462,0.24281068984078577,-0.1279782330573188,0.6750003840821502,1.6552929617842347,0.2
0.510586186823532,0.3100684768638942,0.3663221888456275,0.6907831470315215,1.8260940139531412,0.2
0.5679902217356534,0.2826748008273304,0.18180966035334606,0.6775192179498973,1.8501749661924256,0.2
0.7356424505407265,0.3249066886516023,-0.17799460799400385,0.6670055682794702,1.652053794350003,0.2
0.3775967622248473,0.2892051797684147,0.7574428311950611,0.7144916355026001,1.7925185824586778,0.2
0.5528172604623801,0.2470032047582412,0.3986242101244051,0.7012053625257635,1.7464678869137098,0.2
0.4329592211946585,0.272275113789655,0.594944130865404,0.7103568914412911,1.7589015225983147,0.2
0.4899251596281462,0.27011733260594945,0.6206529125243458,0.7294102515779188,1.6088335358825636,0.2
0.48348566759343675,0.29867443188198656,0.45519188366934965,0.699541394795546,1.7874888481472404,0.2
0.44053035703732174,0.26473102714354857,0.5373330650748754,0.7000273140290882,1.8223876562077517,0.2
0.48721292084864,0.32232811534767536,0.4924532799026074,0.7107786069452331,1.708742726482534,0.2
0.40901126482477207,0.29210160622286724,0.699956448073817,0.7239202535874396,1.6888556305173958,0.2
0.47062353428439474,0.27031195292860577,0.41781348893775216,0.6864227017450268,1.8869605444322468,0.2
0.41588445578133854,0.3672467656268389,0.7271048300933547,0.7283941353161424,1.6635667251775392,0.2
0.5454409171283983,0.265686431585175,0.4912276200487707,0.7194807888501263,1.6332974731971281,0.2
0.37240403438487524,0.29840332852013385,0.6770571412450946,0.7087372541495485,1.8104316045819298,0.2
0.5027777981607239,0.2817535037166431,0.5810007001327977,0.7286026945255247,1.5978986137040152,0.2
0.5916311877600356,0.3386970333918247,0.30510030367362295,0.7081583017367141,1.6404560427628274,0.2
0.47935613055169585,0.2905920538325192,0.4893135142595545,0.7061127721523341,1.7477547810839347,0.2
0.4120210893561639,0.33898895719902156,0.7320730341550954,0.7316429699553219,1.6371364588513178,0.2
0.4599513560639851,0.3057058041416102,0.4501965686363086,0.6897528821978104,1.8752519164933363,0.2
0.556699447741859,0.32830690759575154,0.4166895893957718,0.7188989187557642,1.6027111891519719,0.2
0.43370693220128964,0.3119836934465281,0.50460931047515,0.6912862161701626,1.8902195297582354,0.2
0.603898477150428,0.33357649169127573,0.24771914093184388,0.7013446014354199,1.6695652188222037,0.2
0.451861583019427,0.2914114624346674,0.5004277563986974,0.6993932564908933,1.8120486768889765,0.2
0.49417811796655114,0.29488775189943356,0.4075396359292976,0.6941624980089239,1.8141353166026315,0.2
0.5559295819561934,0.3165342334717469,0.29108485985495386,0.6923936540564437,1.7737957676181888,0.2
0.41556802785197744,0.33302685349484296,0.6424739485778026,0.7187823528862756,1.7095345918088,0.2
0.4005091109894789,0.3213827858234911,0.7131525707795119,0.7253441311629912,1.682272403776027,0.2
0.4913450329400436,0.3061648278424402,0.5561621460049743,0.7252862121729592,1.6143037455556741,0.2
0.6651970302030518,0.2659782259187385,0.06759817001352886,0.6869596275026365,1.6996198999879453,0.2
0.4927156283713249,0.30727899741407755,0.5173294181776394,0.7179125011397834,1.6595649266937047,0.2
0.43119281651544455,0.3266243385319317,0.6519936172826404,0.7273895574062612,1.638933607661562,0.2
0.488399726947372,0.3292152733915761,0.5227595543538522,0.7181811064532364,1.6582359278322718,0.2
0.37762010812242625,0.3257646254537064,0.7149644948744376,0.7148155736695351,1.773474586594304,0.2
0.3693377682887556,0.3284195821121743,0.7256430597250243,0.7102914817744715,1.8179571874894245,0.2
0.4788891003192453,0.24998419343234263,0.5045933845061361,0.7007997469271499,1.802671277547267,0.2
0.4418877077420482,0.2823982354494107,0.5382635635004592,0.7035317398934741,1.7934492996808882,0.2
0.38558649651794136,0.3074363771053285,0.7423798547359833,0.7201514537888276,1.7390035873036367,0.2
0.5498184414080595,0.2590159988678528,0.2725096750235629,0.6836096109093016,1.841537039163676,0.2
0.4765088944865995,0.32234165588952524,0.5710994444344569,0.7254510119890618,1.6195093651145103,0.2
0.3888278811550173,0.26736689750088083,0.6447709196417466,0.7047645489094317,1.8280168782803556,0.2
0.4311050957264968,0.2887502973396493,0.6639956554144396,0.725086839650694,1.6641622009981893,0.2
0.38665836284824584,0.3010123831719565,0.7084902910706391,0.7183836039887115,1.7406248037037255,0.2
0.42659871613278294,0.3042829911220456,0.5882503719123995,0.7110496021474212,1.7509293195149112,0.2
0.42063997116434493,0.2547314775353542,0.5886093594729616,0.7015739977654799,1.8308536255525323,0.2
0.4239679574611632,0.27711938995219443,0.6967545811275879,0.7249941289753463,1.6781234955380395,0.2
0.3709512431261232,0.30643868879824254,0.7311931351124246,0.7139925339216046,1.7873271079435789,0.2
0.408008116043476,0.3523870391517403,0.7158654184615583,0.7268917567640323,1.6713665056852522,0.2
0.46402554400074975,0.30032584962143744,0.5667879032758147,0.7185534897802207,1.6770013326392395,0.2
0.46162283852003894,0.34171453515746936,0.5793084633744348,0.7219263278980345,1.653454180769488,0.2
0.403067708549192,0.2879941313109485,0.6516193569868913,0.7143550943315502,1.7503863213081525,0.2
0.5238800434510156,0.2864619657017717,0.4288050016723608,0.7072677675675428,1.7091675042527708,0.2
0.45357890891203867,0.31018582849145515,0.5636610839232463,0.7153148491469772,1.7029523786971608,0.2
0.41270633375813787,0.2742391256001877,0.610038084972614,0.7073485877125184,1.7910474264632663,0.2
0.3642127945765046,0.30574231832301635,0.7263017733234343,0.7108677390130114,1.8128052612901584,0.2
0.4909614822983984,0.2869438508269967,0.47358834029202806,0.70610517754112,1.740351655616165,0.2
0.445258359308358,0.27331285066832006,0.5775723639234829,0.7106279751098395,1.7507220604792106,0.2
0.5018123535173268,0.3055967806198459,0.37136648773489367,0.6886937914132044,1.8469174816289318,0.2
0.3932459715891621,0.28060807307483016,0.5845341074662255,0.6969144280420739,1.872919084191072,0.2
0.42258589918395356,0.3015021603789571,0.640553342218984,0.7178620346709376,1.7119259211855982,0.2
0.47889750671420434,0.32690255212571445,0.49020662381532154,0.706377875179871,1.7484025025026557,0.2
0.5006798891592643,0.31230898157273324,0.39812611599580067,0.6936469406148817,1.8147042279102656,0.2
0.4160150240012303,0.29995689780214113,0.5755498576647678,0.7039569451176872,1.806785532452426,0.2
0.3816273267350613,0.2954330158048974,0.7236856674624877,0.7172112746225664,1.7558513652652639,0.2
0.3533159610464196,0.2931176908876229,0.7259893819317568,0.7060551482750589,1.8540501125001403,0.2
0.4288570165455173,0.31936764502368487,0.5927986056923307,0.7126352560815267,1.7384883693292963,0.2
0.38378319790458515,0.3342685210986991,0.7044061097138193,0.7155485251787481,1.7638974554367393,0.2
0.4410488085804434,0.2824690839601339,0.5722433947437672,0.7101224047311526,1.752394051499512,0.2
0.3994483985685236,0.2642210907551843,0.6327732673087368,0.705703821983924,1.8153835534575555,0.2
0.5751630177378925,0.33718209859202475,0.31086220385969676,0.7021710321613422,1.6948293241929795,0.2
0.4197460721028631,0.3134544158680145,0.5587514449237972,0.7005502001984617,1.830612221809946,0.2
0.44709227101132365,0.2858122158682956,0.5747073031569103,0.7129512603401585,1.729101412201877,0.2
0.35157678182672275,0.29396635862738213,0.7218236636244844,0.7051591879323443,1.8603971639133396,0.2
0.4289038319195632,0.2754744479930913,0.5508556372134551,0.7010492951670972,1.8202959501677325,0.2
0.37636018504214663,0.30714019858450375,0.7291400084234546,0.7162352260624449,1.7674505063829127,0.2
0.43775194015824426,0.3362726567182982,0.6170148948085812,0.7220045484873516,1.6696672405668667,0.2
0.4045850601366574,0.3022116444242674,0.664842777784159,0.7187948512024068,1.7178586337884942,0.2
0.3676903494864244,0.30352879363300816,0.729824361458713,0.7125229888828287,1.7994315302005122,0.2
0.4972309262141752,0.3252987253839875,0.45686293625863256,0.7054196722548136,1.7383394242944632,0.2
0.5629749138682205,0.31477367111420695,0.22990032767792207,0.6821966398447208,1.8351686244381051,0.2
0.41796932049144847,0.2821347312972442,0.5969933726611057,0.7078012457142897,1.781907946651565,0.2
0.4138755470253503,0.2942332737085439,0.5612279946852442,0.6997204344237105,1.8376697839205207,0.2
0.383346487732964,0.32073477839867054,0.6620769827198811,0.7095650111405389,1.7971517696667356,0.2
0.46991576724559264,0.275510558007398,0.517923287064355,0.706880039500466,1.7547746666665753,0.2
0.43883125861094036,0.3123738260868311,0.5467675090763817,0.7052124563769299,1.7821865189161878,0.2
0.40712905538225863,0.2936673337468963,0.5999896787664653,0.7061367380643074,1.7995036465401177,0.2
0.378244373888589,0.29636569290017933,0.7256482455857,0.7161693685501593,1.7657501957179391,0.2
0.39721704465097407,0.3074426800627515,0.6278269827978472,0.7089510772065297,1.7873401933201265,0.2
0.38121508046238695,0.2874901991145415,0.6509228669017181,0.7067859235804363,1.8157086138095757,0.2
0.40338278616396445,0.30163414338776184,0.6102456236152544,0.7073382655319681,1.7931657780056218,0.2
0.6005647908581764,0.2723721482276356,0.2670144686710595,0.6990747258464332,1.6999075151174197,0.2
0.4063812830548215,0.28219094200942657,0.6705668985113983,0.7171458571046021,1.7328320144813882,0.2
0.37337971236644274,0.2781815053453112,0.6323324391285423,0.6995635190746632,1.871284911198564,0.2
0.3773953457629542,0.29444202560935695,0.623962689783186,0.7001862345433719,1.8624331521983766,0.2
0.3998374258701873,0.27440464658087116,0.6042884751511202,0.7025316639040585,1.8319811960366201,0.2
0.39384701569881914,0.27154389483392727,0.6308262995022714,0.7051672334880212,1.8200823666793888,0.2
0.3884489671868674,0.3041648069669954,0.6870453416149499,0.7167257149997677,1.7453760083022718,0.2
0.4267644298771489,0.27642906482019963,0.5722186335692668,0.704915844944258,1.7967426381645997,0.2
0.41417248052098904,0.2817369138520499,0.6258688638833626,0.7122487139015302,1.7575506094870894,0.2
0.4205673223729159,0.301142975104238,0.5390421453398988,0.6968190529926421,1.854192919009796,0.2
0.524254233249614,0.28480125908566,0.34822505022209765,0.6922475443785887,1.803107622900981,0.2
0.3729323168368101,0.25598449407622714,0.6692262862434649,0.7017884967641865,1.8657788637989317,0.2
0.39876776947624476,0.2868531484773021,0.5813363749605938,0.6974340582808126,1.864987079526862,0.2
0.38873116338400354,0.26853443724929,0.6120768089445667,0.6995498245776344,1.8618244410860043,0.2
0.381367055943119,0.2881726259195674,0.6248118787777864,0.7017618361191933,1.848690917285655,0.2
0.39160158399523104,0.2974265503062335,0.7110708139473267,0.720092612843831,1.7262446142147243,0.2
0.36355950017817673,0.3032754184028546,0.7292688589548627,0.710542471649007,1.8158206234424181,0.2
0.3636988151892629,0.2848802239712452,0.6532865587094019,0.7004819401134184,1.8714461455237656,0.2
0.37069609839457635,0.31158188060643077,0.7293863193016258,0.7137178768321426,1.7896649138701137,0.2
0.37884373592093584,0.2914165948211984,0.6378042512053669,0.7035901259796744,1.837715759241818,0.2
0.3906687349770579,0.29995877728533105,0.6547624133735221,0.7117987693678673,1.7736417326626748,0.2
0.3697437234048678,0.2810343413610314,0.6782625417043459,0.706247066941367,1.8331241264879967,0.2
0.37127057569688715,0.3020146805428474,0.6403831706165591,0.7010026071501649,1.8628662525025264,0.2
0.3823349425337632,0.30895071409379116,0.7213615414731344,0.7183668100919004,1.745419911811426,0.2
0.38837075489034784,0.2842816551479425,0.6469333192967223,0.7081841499059064,1.8018635081866743,0.2
0.5282640142872307,0.30448284024095323,0.3495193420884299,0.6945799374111685,1.7834692814471083,0.2
0.3832652443002735,0.2767991732548842,0.6445381243575453,0.7049994906860374,1.8274515067841097,0.2
0.39941785221878245,0.28236257584125835,0.6354366015491931,0.7093447602648466,1.7855391177327733,0.2
0.3821898804880559,0.28774826556126915,0.6525696085176961,0.7074501418945343,1.810489533442155,0.2
0.38467386593903197,0.2886353939729102,0.6281161670381493,0.7036923984480857,1.8329064961843573,0.2
0.35559759825210113,0.294903152819855,0.6890291016792278,0.7036346861348912,1.8600642568939028,0.2
0.36667475124467946,0.3023442465379358,0.7016331135714347,0.7099738823050277,1.8100626598792475,0.2
0.36484549680096795,0.3049732930047998,0.6998033817436711,0.7089300643123448,1.8187712870653305,0.2
0.3534983111777271,0.3036144625574502,0.709010187740189,0.7048236275327445,1.8586204001427318,0.2
0.3778418418204553,0.27966473863948743,0.6410374976933834,0.7029574006703677,1.8443190880504228,0.2
0.47605279222139213,0.3022351655608217,0.463268096137625,0.6997711301610031,1.7909284207877758,0.2
0.3676858632992965,0.29285964230921446,0.6492238936661191,0.7016199843619734,1.8604687567680214,0.2
0.40155774939424504,0.27460572605395145,0.5959717681307398,0.7014562331780255,1.837501123650837,0.2
0.37771259294572884,0.299989256561391,0.6411178777512686,0.7040004220196533,1.836205571551302,0.2
0.35240727456745147,0.29344592447003504,0.7185417714503766,0.7053057245787734,1.8573426040609402,0.2
0.3625416449039924,0.2856177489261681,0.6787650655335236,0.7044888273202538,1.8474881013304663,0.2
0.3623010958686758,0.2937936966375983,0.7176111524334592,0.7093292698150426,1.821535950415604,0.2
0.3874551641408714,0.2822156687259573,0.6250736180573343,0.7035081780005522,1.8328042660113932,0.2
0.3720740992974172,0.2782708565237611,0.6707183357526665,0.7058771149407003,1.8316638739854905,0.2
0.3616967970839262,0.30363944692803274,0.7290901310374678,0.7098591638805585,1.8226826704712602,0.2
0.4444638550428464,0.27983515163912853,0.5074779797784028,0.6976077847363173,1.8312500798851516,0.2
0.3636294234678869,0.29067411301577406,0.6822563789863734,0.7057786231741665,1.8380546351762188,0.2
0.38038638322099394,0.279712360429918,0.6536762893735839,0.7061070320429768,1.822337492571132,0.2
0.38079172734777483,0.2985499886826839,0.6586236151908975,0.7087311856723968,1.802065388302632,0.2
0.36566129073377945,0.28904739528190965,0.682368613980576,0.7064418288905217,1.8319391074394278,0.2
0.36048009657627533,0.28954537733946045,0.6841061237319138,0.7047517567517343,1.8476635394969527,0.2
0.3737530462651195,0.28398579406283825,0.6626675159456605,0.7058078359177745,1.8286834705796553,0.2
0.3536896567710967,0.2938269133188782,0.6882584132225635,0.7027145480260626,1.8678019165858248,0.2
0.38758280376029897,0.28663380567148267,0.642678467543215,0.7073094667181536,1.8067971881817129,0.2
0.3569439531402666,0.2862414432804077,0.6838520359312164,0.7030697672025417,1.8618051161008817,0.2
0.3604948145155494,0.28143456507637177,0.6906309650398857,0.7048676307624325,1.8484437897921029,0.2
0.369835552484126,0.29448572078243396,0.6724692065804972,0.706807792988005,1.824830280378936,0.2
0.35382051149446675,0.30145164759027604,0.7122932212721431,0.7053246243440844,1.8559674925744396,0.2
0.35793222085576,0.29234410305534947,0.6717557993236515,0.7018782226575984,1.8681654242230614,0.2
0.35681264199212476,0.2908133254774768,0.6882758503453108,0.7039615757715749,1.8566752041395624,0.2
0.361403562900964,0.302416063126409,0.7261256057048123,0.7096127465712674,1.8229916778211053,0.2
0.3736261065176838,0.28154656857587834,0.6645102043715262,0.7058377946033358,1.8293668586573864,0.2
0.36132247827448094,0.29969354708283197,0.715813723681464,0.7089170610280298,1.8244145955375095,0.2
0.35987454100616806,0.2945156287984414,0.6759711521101511,0.7034086140334669,1.8567140030266298,0.2
0.3595800339878904,0.29652953442182534,0.6888798956951308,0.7052838532950142,1.845392308485023,0.2
0.3609138109519483,0.2945297756235995,0.7302457626224369,0.7093830848906186,1.826423267428813,0.2
0.3602525852658545,0.29951689621879524,0.6847389409499319,0.704922994394439,1.8469740197949014,0.2
0.36243314832978835,0.29961054800321923,0.729398686992897,0.7101915077936493,1.819419746277155,0.2
0.3554543067976732,0.29750852969242353,0.6990030304385724,0.7048767761216834,1.8535796006925742,0.2
0.360871647724483,0.29401732257484325,0.6894967380128576,0.7058521577975339,1.8404512103386903,0.2
0.3714036561146522,0.2736685721807858,0.6717786882989774,0.7051334871797803,1.8385956909539216,0.2
0.3547110559933392,0.29116008481455474,0.6993210487710917,0.7044960457110899,1.8563322915179268,0.2
0.35945165875130175,0.30076049517805864,0.7240823541614818,0.7086845625768707,1.830236228761484,0.2
0.35350457125286694,0.28966726717025637,0.6950309574116512,0.7034712086917525,1.863894569216562,0.2
0.3569579501389515,0.2937290663814525,0.6923310510788043,0.7046154129234631,1.8524564336534313,0.2
0.35603893073185955,0.29052511645140444,0.6909931565440264,0.7039802463184194,1.8573486270151083,0.2
0.36238655791735686,0.27811310472657064,0.6621009240865063,0.7010990630964838,1.8699736801730529,0.2
0.3528998575172999,0.2911822708626863,0.7186001848416796,0.7054569003879233,1.8559218040079688,0.2
0.3533289948598961,0.2959050163334629,0.7008781968959623,0.7041894352805117,1.8602622725907763,0.2
0.3516329564803726,0.2931750746742469,0.706243286815751,0.7040278508662519,1.8638169862982104,0.2
0.353307526872446,0.29170423833028597,0.7055673704792191,0.704624883069425,1.8580017208768285,0.2
0.35290349782806457,0.29277768654474956,0.727505616818406,0.7059056826471117,1.855842436042364,0.2
0.3532432811279439,0.291665475114349,0.705659099106043,0.7045973701190694,1.858203702109698,0.2
0.35580266644228237,0.289412669196231,0.6892879091754689,0.7036248685071056,1.8597879837438958,0.2
0.35575904590807395,0.2943925171565541,0.7065835713166979,0.7057268842777645,1.8484379729725926,0.2
0.3540354307749101,0.29804254806821523,0.7196219625634689,0.706108516049363,1.8515659326700347,0.2
0.3515971721356716,0.293626521980671,0.714770242702976,0.7047165967867388,1.8610085307237594,0.2
0.3511866777591076,0.293721559730724,0.7195791581689073,0.7048650899422727,1.861837577251779,0.2
0.35623447392868907,0.28105249685518213,0.6863237237605098,0.7027738155071496,1.8653032569865033,0.2
0.3530820709566729,0.29547180350922375,0.7168896819732652,0.7055426442058742,1.8549213804637894,0.2
0.35668198062651524,0.28387416989176534,0.6913579145478382,0.7039010204685002,1.8581637476409698,0.2
0.36225170750006747,0.2912234820949104,0.6692295339906813,0.7030146385537949,1.856163973190753,0.2
0.3544772411870857,0.28792028130673225,0.705145578428821,0.7048922239069645,1.855345463474825,0.2
0.35102014680416144,0.29372387481566764,0.7164922482735775,0.7045848394779355,1.8628763451584054,0.2
0.3511513919318279,0.2952200196919076,0.7200262992221086,0.704885212986847,1.8622328261693286,0.2
0.3516532775560183,0.2944166229702852,0.7166345363416142,0.7049031537975053,1.860518022425512,0.2
0.3509498258620323,0.2946733853128794,0.7166848687017879,0.7045717636444293,1.8631341152662237,0.2
