0.823350446440426,0.27143210693090775,-0.7430372554658247,0.4258796907858536,1.1790982610623975,0.5
0.7337291468368199,0.37582472577193843,-0.6731631379182015,0.4103307573203367,1.7150464628388313,0.5
0.7466308829788671,0.3539043737288451,-0.5314653406974956,0.41360573818418644,2.6254990025336564,0.5
1.030156893285629,0.2899713486337026,-0.5533170353327347,0.6907308752353882,0.6022466722676193,0.5
0.8248743634904547,0.3049874658776736,-0.687677660251972,0.47697200179358873,1.0793450006487186,0.5
1.04581537518079,0.14660843944107624,0.2845456824177248,0.5260351445409192,2.1139070650128833,0.5
0.8656550347864957,0.34034998168761443,-0.17099463962396555,0.6808011323660381,0.904598569172772,0.5
1.2864276659660216,0.06352192314720277,0.21470555799438185,0.4426418345191573,3.4316443510488646,0.5
0.8136083393409784,0.34725498354360895,-0.30978056245585484,0.5883619551427388,1.2868815760628962,0.5
0.91452102988996,0.24654032827861888,-0.6131119878835513,0.4780271014644455,1.412048663702769,0.5
0.7420905571284933,0.35397650250090806,0.03378990598673619,0.5925048814590039,1.4175288187663349,0.5
0.7789407868958573,0.32623283124422003,-0.7201305685447414,0.4643637264151666,1.0088064831589727,0.5
0.7312868557685477,0.35104505836347255,-0.4269088664116529,0.4167153283205656,3.08123895497691,0.5
0.6493737573907574,0.29051454096708784,-0.8557446603872679,0.2820323880381082,2.474386945224112,0.5
0.8860680144675628,0.2141024282548337,0.22582749807782632,0.5408130234197239,1.9199417261715575,0.5
0.9584882368899892,0.15412664404650464,0.20284826610783346,0.4610886517238792,3.0345094016203973,0.5
0.7725768760290002,0.34926127057244083,0.24167330183927768,0.6689148769451886,1.0397265145145012,0.5
1.442700060346541,0.24079246901328197,-0.18576004107656063,0.43556089559331634,3.6202638639827014,0.5
0.7477090103728591,0.3638924743217444,-0.57620281564788,0.41229938286874185,2.3798299023174376,0.5
0.7223825982261458,0.32869316582083075,-0.32618708369870025,0.4381669915428398,2.9431032535361816,0.5
1.2010194675487447,0.1442728831404916,0.17398416525510252,0.6836213968882938,0.9683953834775235,0.5
0.7374541420153718,0.35499054290989457,-0.6351733257228311,0.3885321346421038,2.3182863862774017,0.5
1.0917926904129525,0.21250221482713155,-0.19546404817948185,0.6610518090746416,0.9731112910798975,0.5
1.1088640823101024,0.20703159486474015,-0.2462393507488823,0.6446584607170344,1.0501496856162515,0.5
1.148891355622109,0.07240740530336155,-0.8907095523697397,0.24456917484283702,3.34067336465135,0.5
2.008256221527717,0.34258526838500764,-0.9126217114099537,0.4318500562019931,3.4433612805499627,0.5
0.7797174300788705,0.25618019757707977,-0.6148150915269066,0.37135972014428964,2.8786277998898506,0.5
1.1654868542603212,0.32361310941278376,0.24772160027763113,0.569261871249279,1.7213698684814502,0.5
0.7890226111847926,0.2517579503091808,0.09603926075328606,0.5012698102069384,2.341847201398106,0.5
0.8590843920496265,0.2587060693501593,-0.5460931790988722,0.4553346990359936,1.9713530877523813,0.5
1.3191701497758126,0.06733606096712146,-0.039859263613025386,0.45074560689656745,3.0880351071122853,0.5
0.9040498206966718,0.25977423854402304,-0.43309275235322287,0.5163641093208541,1.6755274052818843,0.5
0.8476270186052384,0.18859489674440638,-0.6981770485704987,0.32724895329320164,3.042433027038051,0.5
0.774471127539022,0.3819150539374584,-0.4750407167817191,0.5266925857677868,1.4995431018173138,0.5
0.6395694725462614,0.495690423505757,0.57691064817598,0.7598582427633855,0.7436069823738094,0.5
0.7327261274484108,0.32340785348222245,-0.4650830846904278,0.3929018216605787,3.45149089389956,0.5
0.7249857946841338,0.31743713247549765,-0.658676129107681,0.3395451154176744,3.14059781462144,0.5
0.7951298768496964,0.27570599512219907,0.6236254233590794,0.6029487263057434,1.4843858867680235,0.5
0.8017031553704689,0.42189406015521325,-0.44352414053219774,0.6311082696685613,0.9452101230728662,0.5
0.7933007598633119,0.19360752294903683,0.33532682874876696,0.43361053865323695,3.6997788693212135,0.5
1.0565743920593558,0.0995133335777222,-0.8713540912476307,0.2790935900424617,2.466386341520987,0.5
1.1923618826689237,0.1632454713545915,-0.6350683944754042,0.5510392656280125,0.8828126554175558,0.5
0.7665823278577844,0.3455170121106747,-0.32946134371626196,0.5161461103832734,1.868694412533493,0.5
0.6777245971108194,0.3585519889830966,-0.06289934070039538,0.4738190635181969,2.632369905783626,0.5
0.6637337881597569,0.3270208879596755,0.05338887563625361,0.4601076512699384,2.940516596972059,0.5
0.9152463490796723,0.3517431994478282,-0.9613373007323317,0.7137676011707258,0.10590349994318371,0.5
0.9816325659295355,0.39881908631990587,-0.5310227173335657,0.8491834803346583,0.34968354086059017,0.5
0.8129710554295788,0.43807778857450136,-0.46096260486588503,0.6646702629061041,0.7986519744844227,0.5
0.7380095925843543,0.4384889886700563,-0.733725013062758,0.5231262677224691,0.6660738911760613,0.5
0.8763984102559987,0.2622524757095367,-0.6258104245575157,0.4683744394612057,1.4283534398417506,0.5
0.6811585931687623,0.3147090097583622,-0.13856075401478538,0.4206321281390442,3.6019413663596986,0.5
0.7462111499048623,0.3652714971311506,-0.5965684418172453,0.4142635223962203,2.1967736403159352,0.5
0.7057052243443367,0.3045300495721678,-0.7241351954758101,0.3328986141180591,2.598138859283286,0.5
0.7368627001297395,0.3320515707082575,-0.6177898305748905,0.3752623557870711,2.7298448267683,0.5
0.7631883133069953,0.4419832370395505,-0.6005739321907387,0.5278830555863043,1.093712278680114,0.5
0.6705535168394978,0.3957035072189253,0.08914930612351701,0.5465429868669698,1.8054362510087434,0.5
0.7075952934829441,0.30378613258760934,-0.7170869157578714,0.33465568025479014,2.6278765704537723,0.5
0.7341345802679676,0.3119455282574184,-0.5854417976205073,0.35298885518371703,3.574129896102605,0.5
0.6215503594475879,0.35771746105173047,0.2612832550756652,0.4683889420969621,2.901949067171458,0.5
0.7068629616116852,0.38668087746017443,0.05223458505349088,0.5790800268847262,1.528178647959642,0.5
0.7006845336481932,0.285336946750809,0.4425295179826749,0.5199108631841265,2.211825247228077,0.5
0.9077645152238291,0.28772701214315444,-0.46226173745931254,0.565030838190673,1.256502927213479,0.5
0.7594739041845187,0.43965561828495325,-0.7012106074775373,0.40040253514206325,1.6368425455739812,0.5
0.7820536304323342,0.49996245183985233,0.527510824851316,0.42708404812742806,3.8693746069057706,0.5
0.6441851282761172,0.3127473154806276,0.09408317389087076,0.42639785792090873,3.691552342388485,0.5
0.733430462042765,0.35363472936476337,-0.19961146403276253,0.5206665336991024,1.9192409447732295,0.5
0.691603738717328,0.38391290939449374,-0.12627754740796382,0.49670404212500935,2.256907953338513,0.5
0.7642794703181284,0.4194887401404025,-0.5443832043950738,0.51283284906763,1.4002322976952586,0.5
0.967681152030756,0.3495262892151127,-0.5405560288994175,0.7265337052700603,0.5405348971506383,0.5
0.7358529362472817,0.2772536464290563,-0.7112155475136147,0.35688258602695455,2.2493895478272132,0.5
0.8898235058856723,0.48570353005132516,-0.7273182523855418,0.36307324793182066,1.907930933663672,0.5
0.7380146093383877,0.3247240019185484,-0.5898652397518694,0.37241242756800347,3.039267189502625,0.5
1.180194529524458,0.1843407368228201,-0.6872686217451863,0.6079133123932534,0.5355025022738167,0.5
0.7131364429305137,0.45712919937873453,0.1231761049826613,0.7000427938256577,0.8875063124032512,0.5
0.7021580315477991,0.41044365155904167,-0.09134685448763571,0.5590401796006774,1.6239303619633885,0.5
0.6839590394577763,0.2746132187037989,-0.7606629135005487,0.2811366064532462,3.645476156435723,0.5
0.8401138152063057,0.4545525497398417,-0.728424274314053,0.7181664843273896,0.27141049973194264,0.5
1.2362535921997904,0.07864851591695637,-0.7294362577881323,0.3210188199031936,2.903606984728371,0.5
1.0664168294285687,0.30124439883283877,-0.5182469850814997,0.7734815525189498,0.4751130832788027,0.5
1.8387111528081472,0.3988378752690192,-0.6780161258740083,0.5591798678075667,1.6525567383276631,0.5
0.7390300548817473,0.34293135221509635,-0.4037889136490156,0.44808090629204955,2.5734840623435313,0.5
0.7075449056368003,0.3214337352062783,-0.29471776084353374,0.4165658368366636,3.4535251572333565,0.5
0.7777709371078779,0.3437979751198069,-0.04762271841742442,0.6059784075050406,1.3077232706217448,0.5
0.7319573127403449,0.3595051676267129,-0.6662981608296481,0.3774565682024822,2.2387348144875774,0.5
0.6918211465358615,0.44648201899851825,-0.04245303222134945,0.5803190721318872,1.4767347504900945,0.5
0.7513557611824405,0.40132085035140763,-0.6067227367687706,0.44838821474042345,1.6969620512660186,0.5
0.7654937470851273,0.38428141023641227,-0.38969047795251277,0.544414561404304,1.51952892321127,0.5
0.7796393627564917,0.2892607103604904,0.10434333589062908,0.5544852832770226,1.7424706268473114,0.5
0.7378567098682823,0.3778559655529216,-0.3927566890351467,0.4771637147707531,2.187888668394974,0.5
0.6958309024236919,0.39687328051098864,-0.15221367984503437,0.5017982209641896,2.165548510010772,0.5
0.7532422012195045,0.3323972464887964,-0.4310943656391159,0.456076928082742,2.3889086927874685,0.5
0.7415803661072763,0.3662517711282949,-0.4390059368626168,0.45406578507921397,2.387126501940358,0.5
1.012571729354874,0.19209777753849305,-0.23400376101698042,0.5299725233693411,1.8202699035197567,0.5
0.8131202220386323,0.21885186204838955,-0.1928398638910948,0.41995768780246223,3.6000978241914225,0.5
0.6832782440980507,0.3378884446194375,-0.05390521106502999,0.47140363295775484,2.6759975615007447,0.5
0.6915953687964207,0.32468510379727733,-0.2144760948072002,0.4193037895776173,3.5319312694888234,0.5
0.7450952470693523,0.3576204023858966,-0.3405076605542546,0.49339294516968707,2.0674700362696936,0.5
0.750255745082174,0.3474123380593559,-0.5802319545573364,0.42100894205096356,2.2260343471174258,0.5
0.740937500098573,0.35666951506942973,-0.4582516787069497,0.43579911005767347,2.6079615692309543,0.5
0.7269808511975129,0.31552919782366107,-0.13694867046734738,0.4821101982520943,2.4691755790670165,0.5
0.7446826362533665,0.3545078857044771,-0.3125591068289092,0.5036147681811877,2.013416223716048,0.5
0.7859261169553957,0.33514963045199453,-0.23012760153687783,0.5607730559317592,1.547710327411006,0.5
0.7195154416868359,0.334958123170226,-0.3077014684654032,0.44542338661540554,2.8401109890523744,0.5
1.02268508776831,0.19206783121318377,0.2119637150840266,0.6240801388641191,1.268186552161068,0.5
0.7372788664843448,0.3227374751765387,-0.5820322518131075,0.3664421054909184,3.2489184532506274,0.5
0.6806724267402272,0.3635124414321564,0.16291438141452455,0.5513849450547592,1.7847610771110896,0.5
0.6971948214430942,0.32343524212509944,-0.22484805877717895,0.4245011925517098,3.3851285323003983,0.5
0.6950071042490742,0.4732684458733719,0.015150130880828006,0.6322583735765669,1.1637268930760407,0.5
0.713366809443828,0.3479909011940989,-0.2013446959320747,0.48425469763230045,2.359650136552727,0.5
0.7638079940591255,0.36828625106861335,-0.5075048970263607,0.4822279370912846,1.8090614102004856,0.5
0.72455406267549,0.2974230722485274,-0.3574410222238015,0.4036741820586053,3.614071008179748,0.5
0.6967334832935977,0.36150752233754996,-0.23556824326307485,0.4210638354280517,3.4386603973820766,0.5
0.5962979243433738,0.3522093473361803,0.46609910906055985,0.4559399555683658,3.2308579318120683,0.5
0.6169891199395388,0.4263463888689367,0.3777420557420168,0.552492357417334,1.8301103937794212,0.5
0.7441871900946564,0.44127538620617773,-0.18723172864473753,0.6402830460030204,1.0700255141219919,0.5
0.8145278157374651,0.3269103622236173,-0.25798367919431275,0.5774316345976596,1.4045938005981207,0.5
0.743487370237398,0.32476862856401334,-0.3856571788567764,0.4488084096480426,2.6219279995966107,0.5
0.6450894527391261,0.36414598890145183,0.06444727495918438,0.44022274208288303,3.3326922404108643,0.5
0.7097668485161065,0.37244589063333833,-0.2138360168559052,0.49226972181642725,2.2351738130955914,0.5
0.7498011243472418,0.4048966031298924,-0.42420463363620886,0.511176925652909,1.7436127174160128,0.5
0.6097299170105112,0.43892617603173234,0.44407712273066574,0.5653576307367207,1.7255928319631821,0.5
0.7381871587101124,0.3180290605837914,-0.42604999695249024,0.41940717531403643,3.040564579822219,0.5
0.7370029879617771,0.36086696332632606,-0.20673182158267228,0.5339713751511671,1.789396678422443,0.5
0.7504087064588105,0.24585135407090947,0.2408660534852054,0.46950124974228197,2.873471538233772,0.5
0.6987172669767869,0.33953676101095853,-0.1956854422594063,0.4476884221913563,2.9732955871007274,0.5
0.6250398916726758,0.34818931288763477,0.2119640189577562,0.45084754539875016,3.2134342527880997,0.5
0.7243399098184784,0.3985458475924023,-0.3168649440318712,0.48912431769721704,2.1562637913825173,0.5
0.7107774515184755,0.35835112663292124,-0.2792148059539972,0.4544673371958629,2.7221357035949563,0.5
0.7425278881184654,0.3624248207916647,-0.43047917436332067,0.4596855118603646,2.3321180085968445,0.5
0.814569827389723,0.2375537022371677,0.4243203910662983,0.551022135034882,1.8712774997361985,0.5
1.0321491616568639,0.1470623968148592,-0.1656099299735222,0.44537991306942243,3.0494650231797076,0.5
0.7255930603408433,0.31924523233663477,-0.39914222632449237,0.4063144428278914,3.4112829552724566,0.5
0.8540262220151993,0.2912973165408378,-0.1233995469587689,0.5943770404542801,1.3575373370849269,0.5
0.6245253194464401,0.4049887517343156,0.2899447653439874,0.45606503137121357,3.1372856034529395,0.5
0.7266779611431216,0.3039556125437498,-0.4145561486772902,0.3915656056840043,3.7312719534838132,0.5
0.682795377287877,0.3101636660786987,-0.07616123466250341,0.4358496302107956,3.339485606929099,0.5
0.6716519489129208,0.31611290649691065,-0.006728583964802359,0.4409802756341013,3.2622156713663855,0.5
0.627338293528398,0.2974399475044115,0.5426093706734805,0.45730598302305747,3.2512537312414844,0.5
0.6683445977261516,0.3407225436146797,-0.06370298959029302,0.4409006168379308,3.225104220933977,0.5
0.7690630334882504,0.2963916574994784,-0.4299551820424752,0.4375214495003975,2.6776935994901527,0.5
0.6901375152075494,0.3566445953941278,-0.17651638842687406,0.45181301826507675,2.8993593935751876,0.5
0.7249466475195505,0.2532776901851739,0.39968880604179235,0.48940073979522153,2.632309730462674,0.5
0.6465212438509322,0.36224828825515554,0.08380648882570611,0.45982892954284466,2.964780707287293,0.5
0.748000460072287,0.32669577802472494,0.0648191533822759,0.5702302280592316,1.5966965310888246,0.5
0.9130371848872789,0.20080346813968528,-0.5330145606599066,0.40575612567146924,2.8007262742898056,0.5
0.7278712275814041,0.313106641012139,-0.40513135333935435,0.4044224874200718,3.4422158823015367,0.5
0.6801745577714775,0.34394178843093004,-0.13938841247749104,0.43704632114785896,3.2320093688536873,0.5
0.7374471025451186,0.31347913679791006,-0.46594351478330986,0.3992299082486513,3.3027587070442452,0.5
0.6202265164185407,0.377364434609475,0.27467668939265566,0.45466671935474995,3.1482049450324103,0.5
0.9328622954299295,0.23949120132185303,-0.07769883887661339,0.5831995318766349,1.4485135706045094,0.5
0.6450010752928317,0.33059734316124856,0.11393173765241005,0.44414179085299993,3.3054114850811946,0.5
0.7173878020561568,0.3266392613502831,-0.36700865870078436,0.40637124142283715,3.5113564178328454,0.5
0.6901196952860185,0.382032454627932,0.03479037449371869,0.5522632910092726,1.7342854113749482,0.5
0.6778291271015305,0.3678687731142094,-0.060729922642862144,0.48251361705283163,2.496014128384572,0.5
0.6496569759035511,0.3610714547036623,0.0486899102569818,0.4519347364074765,3.0862590715157845,0.5
1.1151719775559057,0.16839246677826572,-0.17010030172641333,0.5824794127046931,1.4264280218928236,0.5
0.7284730845712886,0.314210854647364,-0.20075192929948818,0.4714540044559338,2.553301442186099,0.5
0.7301221908369273,0.36777849154812753,-0.25323684326048035,0.5110767331531929,1.9936129651339975,0.5
0.7404894860692535,0.3033528983502568,-0.40524942117921087,0.4079380296313323,3.405500436269093,0.5
0.786650049825067,0.25961540140489375,0.11215203558958564,0.5167417180985775,2.144285049647385,0.5
0.8711086340218491,0.21964412032913017,-0.34179520380597705,0.4386800448787157,2.8878650861340156,0.5
0.7428554625239303,0.3407966163998613,-0.16339344049459886,0.5292401801618595,1.858607126996136,0.5
0.5979972052313812,0.4458008121084825,0.5543697755942281,0.5501551445028867,1.8947114879922462,0.5
0.7523466872013317,0.320601117623035,-0.48218488969564044,0.42609553612546414,2.678685917843897,0.5
0.866473136902725,0.23501460822529335,0.26651765045604225,0.5719836679290107,1.6415508496066127,0.5
0.6065850470071213,0.38016309442885665,0.36308507471473195,0.46453930895675377,3.0071305322093718,0.5
1.0290235857850911,0.15255965040639197,-0.3166647563638312,0.4283835815489397,3.1501945613250153,0.5
0.9194341733017937,0.21589596336407257,0.00737032017410507,0.5369041246145729,1.8768755902160996,0.5
0.7117754096708093,0.32498514325119554,-0.30845944391806646,0.4217822115565122,3.3037824950413803,0.5
0.6258405070317796,0.3305066556514532,0.35841625759869095,0.47896089597137975,2.7669264139045593,0.5
0.7466090435737092,0.37869519093238724,-0.23797348456899337,0.5522951744085295,1.6139302841511733,0.5
0.7444619178402597,0.3637853008230069,-0.042076118689477957,0.5913273416265283,1.4024544627640272,0.5
0.7550551876563273,0.2944615676012513,-0.5460609317317884,0.39159364429311705,2.9979565896759155,0.5
0.8178395583674336,0.3046691103422765,-0.6043067945995075,0.4501644184355887,1.7546280650975807,0.5
0.6854790653951612,0.3353342121547879,-0.16307405867908759,0.42994059478792723,3.3406308627978833,0.5
0.710675296732481,0.3497484711407122,-0.23671153831376815,0.4663674886459627,2.579328650134868,0.5
0.704226367795922,0.41419746833089244,-0.04188254124648973,0.5853228171049099,1.4418582281821968,0.5
0.7247997789210118,0.37380324643978324,-0.02245327361682252,0.5815217932328185,1.4784296988754235,0.5
1.0064987436435837,0.2007195493249806,-0.056413527680722525,0.5783121913196768,1.5004573327341946,0.5
0.8240324392267888,0.24379361363660415,-0.31239656127949283,0.4482633169917716,2.7842722619923053,0.5
0.7279777430590544,0.36082190035645867,-0.34834077041912975,0.4632088552482185,2.4633800293931376,0.5
0.6938278518695015,0.36518872927932877,-0.21310514517079232,0.41857715684545677,3.5312117666841782,0.5
0.7289552221626081,0.30780759131553237,0.7235153783151451,0.5820404524410617,1.652051742169542,0.5
0.8650467044644539,0.2571668355856125,-0.4274743135825881,0.482212034587172,2.0778000720447514,0.5
0.732436245561551,0.30648271804415217,0.0679735689877182,0.5227242850118705,2.059841752989719,0.5
0.8674326066821219,0.19562818066907992,-0.10484964787076743,0.43737394280110115,3.2795593028418404,0.5
0.6395251308480177,0.35030886193286487,0.2623363060684093,0.4975507482550223,2.437392583838735,0.5
0.7386776969885,0.3658333323247852,-0.41505060786474324,0.4592351895403165,2.3788722632852037,0.5
0.9906993073785381,0.1621799270863507,0.5304030401968437,0.5547410074887213,1.866046167058482,0.5
0.8411228257725849,0.27487790630872666,-0.15923211701768758,0.545060247167125,1.717598109061526,0.5
0.7932772076893662,0.32826178541196593,-0.15061604978416507,0.5781717389736086,1.4526335492859785,0.5
0.7050088006871946,0.39984469359491226,0.012635870580808284,0.5896436391264347,1.429728505867779,0.5
0.6820130906426763,0.42565281028202495,0.024571937721306197,0.5712362583827276,1.5700510145443152,0.5
0.6138472742024722,0.36878371744275473,0.27789198531940107,0.4464248106390427,3.3320695746382536,0.5
0.730338562617064,0.3627360372164674,0.007647679219680778,0.5833529775907428,1.4760645577672644,0.5
0.8469980351697215,0.2445236507191096,0.15230418044807092,0.5468682842994111,1.8282944524614986,0.5
0.7306662214770119,0.36678058151122833,-0.24877945042715746,0.5165551474653095,1.9276453637558335,0.5
0.7728588423650244,0.27450533591121146,0.15805595191417382,0.5353683583400206,1.9507853267222917,0.5
0.6710779529493827,0.36553394236855574,-0.08093543721853161,0.4473140608150708,3.0744571768166575,0.5
0.5994845605327612,0.43692993568952,0.5123345537433783,0.5423674679398752,1.9643997361358196,0.5
0.7346078751598054,0.311320194559264,-0.48289211166627255,0.3846429156296619,3.5651433284387486,0.5
0.6728345829673361,0.31993452242794407,-0.06875110668829612,0.4332768639099467,3.3896111450947846,0.5
0.6058859570463219,0.3752611701973465,0.37155433266920435,0.4748755192452504,2.832571013751204,0.5
0.6345330353107038,0.3772832597012827,0.25483821527205586,0.5129842686405597,2.2314721843133,0.5
0.7028073119170676,0.346770045041263,-0.06543160164593513,0.5070614927300893,2.1645056652194348,0.5
0.6338367599599195,0.4198749936718862,0.7351130773563738,0.6003614587378189,1.5057534442606304,0.5
0.8640710296013029,0.2147199504411498,0.424372535543236,0.5520584536058659,1.8651252773374503,0.5
0.9955411792644392,0.1867886826233544,0.26988361266363314,0.591345330898169,1.497785293291582,0.5
0.7016331769189379,0.33505004938789507,-0.22122217068591457,0.4450005999516262,2.9763216687332195,0.5
0.7140446775850374,0.2862905578901668,0.09174940634093291,0.48232090815607204,2.600148982034618,0.5
0.7108175226953334,0.38593350965689077,-0.2756329688650747,0.449675880620711,2.7980965463046665,0.5
0.7890446300484969,0.3156839861406486,0.016792467563221974,0.5908295427976726,1.4276149191065513,0.5
0.59962032493226,0.35748953032586683,0.508347562610714,0.470017165597549,2.983290393746821,0.5
0.7166285004762499,0.32559279487302156,-0.23638620268309335,0.4571577379860395,2.740908092167885,0.5
0.6364672384953552,0.3736665890352985,0.2469802330190614,0.5113730902739658,2.248072374421943,0.5
0.7301458901406946,0.34709027114618307,-0.4108477823210354,0.42573098262871073,2.9611578515530934,0.5
0.6817065356810492,0.3360438090808705,-0.14541311973402116,0.43415697596672775,3.286016421290144,0.5
0.7289587033252534,0.342397561672134,-0.13322353514917823,0.5194963983330145,1.9775314850265775,0.5
0.6965660378570787,0.3738616011526413,-0.07913509554439291,0.5192878148155747,2.017576808594379,0.5
0.6648534280457908,0.33013395203321466,-0.06182276536457243,0.42688866915057827,3.5345930276577033,0.5
0.6592278778232851,0.3466747151419559,0.04897986693866743,0.4678096855206597,2.8043802540311367,0.5
0.6760132218901197,0.31862830736185765,-0.07363169840541951,0.43612163388404884,3.3216292236149005,0.5
0.7329208078069893,0.3382649178943028,-0.3943986859983438,0.43777821595681277,2.7827863279029086,0.5
0.631182777045967,0.3468440272309517,0.15466290663567478,0.4415609686136134,3.37600277551513,0.5
0.8097747801270502,0.2405656421953189,-0.3878164908592743,0.41627665949562376,3.2346948637393886,0.5
0.7490436786115087,0.2984723487428923,0.008771811807194448,0.5201624274981306,2.0552666617594886,0.5
0.8316183847608494,0.2486307028123739,0.14402916190257006,0.5455559219961215,1.8469348534859793,0.5
0.6428831772120442,0.42761529606291976,0.17169778384906884,0.5027886473239164,2.321142829548758,0.5
0.7409731004381236,0.3059820420807803,0.09095390322948299,0.5381897858617133,1.896588351535884,0.5
0.7237941201823026,0.35895512055341516,-0.15442227083891819,0.5248691498688306,1.9060434703889997,0.5
0.6448638731756071,0.37458014401212136,0.11979346356785062,0.48128183123687435,2.6150214283845123,0.5
0.6772289821014125,0.37169604309797233,-0.019570235977879914,0.5007190780688493,2.268638740272758,0.5
0.7511282650830546,0.3529342071441501,-0.4452679626707612,0.46586593322879577,2.2105538178352817,0.5
0.7005855180823615,0.34962429738587014,-0.19019546014302335,0.4658688939410372,2.6428511373730275,0.5
0.9147831198230695,0.2096659532602564,0.14403981099908714,0.543972482023153,1.8695949713714253,0.5
0.6394525902394071,0.34023562825753906,0.23459811344123996,0.48206860057782647,2.664519968736744,0.5
0.6231495204999581,0.33849458467356086,0.24555759505946978,0.45276340380843,3.191258172493598,0.5
0.7078639239513207,0.3261260226024425,-0.26475441767991037,0.4324685294158587,3.154467039500631,0.5
0.6211477311667172,0.3478751429609559,0.3891232865788355,0.4962250220042526,2.5066940614568156,0.5
0.6943673592834096,0.38686140020524523,0.05922709541902291,0.5715345113509533,1.579233971310434,0.5
0.6995485093874251,0.3532589723118172,-0.20975910643455373,0.4561086214352325,2.7785891136810843,0.5
0.8569997862817912,0.23266763055163303,0.34067635240501226,0.5566477709797045,1.7890955245718532,0.5
0.6832718565539899,0.3584386990460591,-0.08012422924084048,0.4785378571520176,2.5487103689109185,0.5
0.7193058963092466,0.3070526703652578,0.18820975417062027,0.5345484722574332,1.9694533557920952,0.5
0.6476537332324608,0.31740449386629693,0.5562098001932716,0.5185835378262575,2.262024998121015,0.5
0.631152819230377,0.34470109810850247,0.19175710216966774,0.45716609179402445,3.0745212629789713,0.5
0.7381646128847272,0.3051072526290918,0.10593101344471727,0.5362631540499595,1.9198421117032134,0.5
0.6657951834291244,0.3792020775146145,0.12215489490281367,0.5333413420228127,1.95014141799407,0.5
0.6035478150825521,0.36438013878724224,0.5510948837480134,0.5029936751482383,2.4624336799017557,0.5
0.6004132575306352,0.3953845459155204,0.44486884387587844,0.46945476538827646,2.952761016022594,0.5
0.6714895089153738,0.3193062895700086,0.12906299686716627,0.47915917688872073,2.655804005426222,0.5
0.694191474871734,0.36882434941991127,-0.17522445087142036,0.4699456056289751,2.5904479305113717,0.5
0.7099210491506353,0.33299568528948814,0.06018781886500345,0.5317845359558764,1.949055902636907,0.5
0.8104140996019559,0.2202109644248327,0.6015190539395513,0.5207422575282755,2.257773281894819,0.5
0.729044807915372,0.3429427782855334,-0.11955018884106913,0.5260267685014307,1.925163632204508,0.5
0.7135428163963051,0.298527787522994,-0.021808221939024118,0.47326560410753443,2.6646304471447513,0.5
0.6210100903132839,0.4188534429345631,0.7085354459491251,0.520453886899822,2.2682646265057786,0.5
0.7797044545064964,0.23628839854123893,0.3690140513948613,0.5084318519373882,2.345245156528625,0.5
0.6310214777048946,0.3442262817260343,0.14570718314324246,0.4363274379612414,3.4788080565025905,0.5
0.8081778015344594,0.25682973055513375,0.09486256583114475,0.5260117778015808,2.0243639944608613,0.5
0.8785432646270622,0.2463110400143081,0.07208333792670953,0.5739262739233075,1.5735955901746772,0.5
0.6718781984432102,0.36052193101412705,-0.0284153432032651,0.476947010375718,2.600058893608324,0.5
0.6261729473914522,0.3094855570289591,0.34802697679040173,0.4525602320502016,3.2591221694458854,0.5
0.5950159812177787,0.3889391811069901,0.5375323406781334,0.48629096278281814,2.704089885156625,0.5
0.5965332806094951,0.34406285590302965,0.5690413117007787,0.43845287994491267,3.666195892230351,0.5
0.6525705758575906,0.3280440430861845,0.02939536498845413,0.43392411008506143,3.457646326398721,0.5
0.7093594481378583,0.27040493473854416,0.593990341385705,0.516046840132669,2.311075238078576,0.5
0.713126038196933,0.3381219415234103,-0.3040024927988374,0.43575395122761207,3.024472159875939,0.5
0.7235082607636957,0.3121884124146819,0.06741393332621581,0.5226897411028025,2.0524595943754234,0.5
0.8050608000099764,0.22552651339503527,0.33147962048677,0.5013579605893184,2.421929883779965,0.5
0.6864042875896472,0.25894571950343137,0.26676371846587327,0.44489432369338433,3.388459402813766,0.5
0.5942390790958441,0.3673016686360272,0.5358946089854719,0.46159552191057696,3.1440496213228726,0.5
0.687590571598313,0.34766634352262066,0.05152305478885977,0.5164764466462199,2.1110180724986436,0.5
0.6548934152493932,0.351889121192675,-1.882356470792046e-5,0.4382901948468471,3.332522389682819,0.5
0.6964042615209282,0.35255186795486293,-0.13306425558739435,0.4771521835966074,2.512544488488719,0.5
0.6949276779023538,0.34339395509446563,0.0773928958517913,0.5287092848466471,1.9869993479902173,0.5
0.7611880864428682,0.2859272677959967,0.030892674796120675,0.5190261145017206,2.082313774768777,0.5
0.6221372739057256,0.3725947803300737,0.25834751898105934,0.4774335032045895,2.7407759289291564,0.5
0.7522416053659237,0.27901868722247564,0.12158119073886642,0.5151673531094936,2.1625160260278875,0.5
0.633020173861474,0.34528876135349523,0.16756773899767055,0.45297451995349636,3.142848533848135,0.5
0.607631163650949,0.3815729534180564,0.40468085424902933,0.5013599942869065,2.4352603952058556,0.5
0.620987688565729,0.3378065767001701,0.6443204874630698,0.4878213682868118,2.7258466336127194,0.5
0.8285311454317609,0.24004886493817365,0.31055308134727455,0.548894733836457,1.8584815188171788,0.5
0.7182827615045072,0.2950305037068841,0.1861464015154914,0.5159524676185432,2.178869298640603,0.5
0.7679584645213664,0.319372284422621,0.012071835333640306,0.5718100614977532,1.5673853092430454,0.5
0.6466593746273386,0.36357770244289966,0.5863422752728512,0.5900009837034296,1.5612847620677377,0.5
0.6971096713441377,0.31857406390158316,0.07283467262120044,0.500873011133762,2.3224719241292813,0.5
0.6927767100331724,0.40184768409795457,-0.14130150278193213,0.4997206605414025,2.2003697857457287,0.5
0.6137392447932551,0.3440202823161669,0.2825052778965941,0.4433209973675307,3.413943404524959,0.5
0.6673201056817117,0.3693723646261937,0.12116502973120123,0.5263677522928255,2.0259453324004757,0.5
0.6388013948240687,0.3484800617755386,0.10925389319503825,0.444908484919993,3.2714693711805576,0.5
0.6187364580439887,0.344037587010724,0.23107295338114567,0.4389301744380658,3.4771521400400385,0.5
0.6084437953511425,0.39132973070934307,0.55382396920252,0.5499534272787959,1.9028924701730028,0.5
0.718746945176446,0.3356823962757016,-0.25540687968333664,0.4639885164948855,2.604025105734831,0.5
0.6403973652550613,0.3757058304742144,0.13992440262993008,0.4766464578602986,2.695382838120165,0.5
0.8172089578781785,0.2503328991205649,0.1783493982608731,0.5406028847609328,1.9064980274790617,0.5
0.6769154969244804,0.35854081659628095,0.14837042941798104,0.5378747677599335,1.9158850103002607,0.5
0.6424274725199597,0.3661114943548276,0.09673559073199159,0.455566424196578,3.044620376758426,0.5
0.6243396054777833,0.3260627330016137,0.6659251378363085,0.45259849998137913,3.3937261131204117,0.5
0.8064696712236809,0.23079964951398366,0.3411465930734527,0.5186732117865624,2.208948047935627,0.5
0.5955200040092742,0.34180418424028525,0.49917438310689477,0.44790605243994513,3.417037750058982,0.5
0.6087585468299775,0.3202651340408149,0.5090282779056331,0.4543561142476848,3.295403733893296,0.5
0.6995976573819176,0.2850208464907972,0.5340020174618199,0.5312851398168454,2.107794782264382,0.5
0.5952889527542343,0.3873724728988756,0.5183594644997473,0.4831946441969439,2.749110890883969,0.5
0.6975007809201859,0.3001465381086771,0.3290014016158862,0.525111178223194,2.1159753751080728,0.5
0.8537030303691098,0.20974848444260227,-0.06472246266433365,0.4580456785869141,2.904813215152173,0.5
0.643824150062561,0.3523955257190403,0.13122562984122405,0.4694245784120541,2.817421627007431,0.5
0.7078516444264947,0.2998291168543634,0.1488946508511775,0.5034219059775847,2.3189184317699185,0.5
0.6182350218467045,0.37793495685443274,0.31950395201893994,0.4969434997637236,2.4672193917783165,0.5
0.6934967304448776,0.29790197196592827,-0.07200191505940134,0.43752945475080074,3.2833118019783347,0.5
0.6092603905639452,0.36071116089350314,0.3325413703083797,0.46235490620125114,3.0424364393750634,0.5
0.7146614520300133,0.3692349503295469,-0.18689438538297004,0.5115974492723119,2.035029657682372,0.5
0.7374250848250301,0.2637314525484747,-0.06941970468864554,0.44519312190926075,3.141043872051576,0.5
0.6931657996860854,0.33808374333721974,-0.05928116935894447,0.48568622966045527,2.455580075736544,0.5
0.5952927463492931,0.38202645856953366,0.5580611618135916,0.4831739441716181,2.7634388038149793,0.5
0.6549744800958962,0.4178241994362609,0.08861433157304785,0.5093324220038042,2.205793739416038,0.5
0.606997489012788,0.3338855905625177,0.5127390623396186,0.47074837622174415,2.967503365785368,0.5
0.6526131898585442,0.36525024570322595,0.057268662400350986,0.4684552303406087,2.791276659287928,0.5
0.6722846228361794,0.334416614608449,0.3098644104031762,0.5397278202056323,1.949139494646305,0.5
0.606728915337907,0.3850253700370664,0.3599573773257232,0.4635582532437307,3.0278913066922186,0.5
0.6635255871718865,0.34216708233815346,-0.03920752502072283,0.4405304549220316,3.2525958955513214,0.5
0.5990282137972833,0.3935414901781383,0.6094413359443218,0.5083924796575904,2.401442526007236,0.5
0.6409237932586066,0.3345232333961284,0.1533209937256222,0.4563532993625654,3.074103402095285,0.5
0.662563287717902,0.39109005437908223,0.006850538842136154,0.4440376710148117,3.2046001403890148,0.5
0.6967974186784411,0.3600008001623432,-0.18293470451527938,0.468178367424623,2.6195803328361564,0.5
0.6382829986971454,0.3849097911746281,0.17186543506831195,0.48862274008450896,2.522294357404984,0.5
0.6375729947060363,0.37744234042928804,0.19679322333905186,0.4973885471229396,2.4115243700262226,0.5
0.608797716861726,0.37657329801629463,0.5204728150140412,0.529282591436995,2.117134913257473,0.5
0.598744319896109,0.3889684674217194,0.603795273313057,0.48229044031363444,2.791465520127893,0.5
0.6180565255023444,0.3427322736849666,0.298444235103627,0.4575896769051213,3.1152349685807192,0.5
0.7539651256591419,0.2543173542560535,0.46917466426211196,0.5287062012028084,2.121049050736889,0.5
0.706239635595283,0.28680135921488453,-0.05657182420973904,0.4457770549464387,3.138224396924154,0.5
0.636037289907901,0.36582289797553796,0.2189642271756601,0.4941430853532528,2.4697058554182325,0.5
0.6263640877792013,0.4255495946053557,0.2752504949461927,0.5099395899324699,2.270808873640766,0.5
0.6489946295098575,0.3843158381016624,0.15233217266646917,0.5133300411317887,2.187794091817996,0.5
0.6005007890612694,0.41320010204038793,0.469033530462759,0.49562576764790056,2.534838394578101,0.5
0.596565848306399,0.37516364112673756,0.5475744926210186,0.4479954091559615,3.427931133782984,0.5
0.667089459051319,0.3284626641129072,0.07225679280828828,0.4715490667948932,2.7521824806448616,0.5
0.658196639321421,0.30583545760199426,0.08325661213389265,0.4387641626796652,3.3924805504517686,0.5
0.6054515525802588,0.3757682425100325,0.3684178371980089,0.46472286814982655,3.015444906379433,0.5
0.6544835699898823,0.3195910527474341,0.04087215505730908,0.43477692511061455,3.4485230100260114,0.5
0.6372461112402885,0.369308603027933,0.22087622147564825,0.500361221169187,2.384645535811875,0.5
0.6312479128365605,0.33330249417141483,0.4398660410957332,0.505915823838158,2.3916186644051662,0.5
0.6204301345499432,0.3572481770783995,0.25678764969197915,0.46250517626635984,3.002539212115338,0.5
0.7178254916584463,0.28189644538448305,0.27871347049785183,0.5120223537754198,2.2617638384467416,0.5
0.6506600165690033,0.28990171498439365,0.3441605283135998,0.46055607321498304,3.100324826375705,0.5
0.6408277718015747,0.32459301364385484,0.12940201487597458,0.44090054615024077,3.374344545208571,0.5
0.6477679530815903,0.42120535592379693,0.14215044817440725,0.5199059122074574,2.101251950134268,0.5
0.617646632302365,0.3673120146934821,0.3622747800267484,0.501880895894222,2.4148625902191534,0.5
0.6553408814324273,0.3166467696061978,0.12621944635726545,0.45588926241611644,3.0664324433278525,0.5
0.6354727709058929,0.3574258631563995,0.1665396332172846,0.46663374330096896,2.8849127269321846,0.5
0.6295951759546131,0.35731650953752764,0.19523317408587065,0.46191417521840533,2.9816267377988535,0.5
0.6080469821098806,0.4240323933541026,0.41383860195038397,0.49678979469814,2.49486080909465,0.5
0.6330169780960571,0.4216252367669441,0.2395839422450047,0.5268253734739513,2.0556090265527582,0.5
0.6382990699002876,0.37147515858285945,0.15591625820374952,0.47772174354499203,2.689567842494007,0.5
0.5955348352086832,0.36774993078842716,0.5657346156558041,0.46455437083051154,3.0992064984734338,0.5
0.6104631795052156,0.36982422591642855,0.3049496357917828,0.4458963983015392,3.357921386425436,0.5
0.7586008445819449,0.255704401039599,0.22135956071844592,0.5015164848592549,2.385170270137239,0.5
0.6404759704727396,0.4052944909045535,0.19196524530739043,0.5208886060424217,2.1093919643017007,0.5
0.7803565481657295,0.24135390708013418,-0.0864061187707056,0.44685249866125615,3.0904991539052875,0.5
0.6820366561792155,0.3347840837173566,0.23025100907634558,0.5341573953556173,1.9875803455492034,0.5
0.6323341332364244,0.3602484799621431,0.1875494516504252,0.4682848220574764,2.8686064982679995,0.5
0.732644355042417,0.26747801439120594,0.46667396051963894,0.5310050830912979,2.094529713280233,0.5
0.5937633056326935,0.3602663525680189,0.4966916841214202,0.43928424340112704,3.6052950276245563,0.5
0.6098491812144224,0.3299408041126596,0.4912424110585737,0.47162135196313915,2.9463351690660424,0.5
0.6304248245790386,0.3458859920267314,0.20513050600196414,0.4611459275152598,3.0069009549801358,0.5
0.6099757418031805,0.39293809450561823,0.403211188661982,0.5169229001856404,2.2293640347883508,0.5
0.7547965779863036,0.24062787137097855,0.6188103264840975,0.5049309965035322,2.4722554563247234,0.5
0.7620668932704071,0.24996829016405173,0.06875637256950974,0.47045867053773543,2.777022692981012,0.5
0.6493848009671058,0.34932778846102036,0.19025784502560145,0.49592173274548085,2.4367751689233237,0.5
0.6052768435592867,0.34204276639392284,0.3409656761727068,0.4411426621491565,3.489138004020605,0.5
0.7098081061649224,0.2740143067907639,-0.028316560310176084,0.439803682544284,3.2909755066725332,0.5
0.7429416331145939,0.2633958690456521,0.3899881280215811,0.5246588888168863,2.1460326796216824,0.5
0.6102400369605335,0.3762632357075138,0.41533559022863104,0.5082957995461689,2.3450545249027672,0.5
0.6492215045448372,0.3465390347085875,0.1385099749556655,0.4759117275550011,2.709610504393857,0.5
0.6873840311640836,0.27116115515240713,0.2622950862720417,0.4628814642173575,3.01750270648621,0.5
0.6126575165828427,0.3587991115554957,0.29100810157676077,0.44885952315238187,3.2960442834745556,0.5
0.7436511871894689,0.285164734020659,0.07941873419122601,0.5087613020496136,2.2283693067561985,0.5
0.5979852753692286,0.40428654241746215,0.4839679822814863,0.4905793058529645,2.6154714993883417,0.5
0.7359047761933624,0.27609493717910283,0.1847412545469534,0.5059882064313881,2.3083848736162738,0.5
0.6903584823753034,0.27767217994441873,0.1518023116062838,0.4506225418925706,3.1795839633617313,0.5
0.6369019441983222,0.3745440643342672,0.20466600666721135,0.497583319745526,2.4145276136271234,0.5
0.7020676434897276,0.2860293028199564,0.149185757652048,0.4791182547007457,2.6834693445163103,0.5
0.6000344922072788,0.34037899220047474,0.3714142855887129,0.4321971392584329,3.7158704825791196,0.5
0.6107966764436822,0.34217826100649806,0.2727250922171689,0.42926545247818443,3.7327128343265397,0.5
0.702673894578418,0.27402228544211277,0.22499882520082554,0.47506539177187435,2.7777219728101143,0.5
0.6346678951806692,0.31865236513030204,0.42117082232318725,0.4873708273499715,2.6624800244942315,0.5
0.6671989816003918,0.30808650997131265,0.2804151420899685,0.4935486780556755,2.512309739739237,0.5
0.6873799998483291,0.33936103713667104,-0.1473800483348346,0.4469649030840716,3.0168249856841305,0.5
0.6975752326341191,0.2916973185373424,0.19767141584533163,0.4912702234678992,2.5137396665428664,0.5
0.5933421807246221,0.3537813664559413,0.49990268993995274,0.44327095150117996,3.5176236869961333,0.5
0.693137000148957,0.31184091634640115,0.14268468020962477,0.502154572519562,2.3341174642564915,0.5
0.6899617826916044,0.35745943790980295,-0.16125815425699375,0.45980720521271673,2.7726774151041265,0.5
0.680630122916474,0.27401513001850464,0.09293580308220976,0.43178365391590745,3.5703325112043713,0.5
0.7361914328867232,0.2589668632843965,-0.07080903143979597,0.43808355615638317,3.293385832216257,0.5
0.5947084224609139,0.3671874647846308,0.49824048904839635,0.4620562468746708,3.1176029884598258,0.5
0.6223639296590922,0.3033823812690612,0.5768499096728912,0.45463982948465104,3.31459198480284,0.5
0.6108536703176718,0.35038936514009245,0.3185141810910598,0.45566717881035707,3.1676211434250146,0.5
0.6695175337418499,0.3128557942067379,-0.006959557327485773,0.43953161306323013,3.3068956176194715,0.5
0.7241708606730053,0.26760395454834596,0.1972581296214319,0.48298247163930047,2.648082745119158,0.5
0.6294831820785453,0.3422522406111948,0.23602303177628198,0.46594410491911187,2.9331687304326115,0.5
0.6130341736354257,0.3132675505168479,0.5939234320261669,0.44666899256246284,3.497174504164132,0.5
0.6668852793164416,0.28871936693197103,0.620476721347812,0.49276408940443867,2.647857910652571,0.5
0.6221917475344998,0.3726050082011148,0.2404112655298458,0.46192344862855506,2.9988641590977894,0.5
0.6385363523629725,0.36347382292044844,0.18606036592212452,0.48610486051186513,2.5747800106699943,0.5
0.6078993159574472,0.37185730507379844,0.33391025173891453,0.45784125675145065,3.1266013866774105,0.5
0.6046968166684575,0.3470750081168672,0.32759800011682777,0.43407664783945177,3.64447819553825,0.5
0.6312807990518274,0.33793926690733694,0.1433913457780865,0.4338216109403746,3.540934875363234,0.5
0.5933086408629882,0.353115063234187,0.5024193667225967,0.4428523798691043,3.5282051056506907,0.5
0.6298059670334437,0.304905374274128,0.38183541186439773,0.4589595892466605,3.141644312360695,0.5
0.6561563038406271,0.33277779176858857,0.007327557445085411,0.43624332152169004,3.3821972126971658,0.5
0.6896453198282869,0.276207556618595,0.5231369852605585,0.503870553694702,2.454633559572604,0.5
0.6870377228286494,0.27083421125953633,0.4641640193896977,0.48756873230200526,2.679946739715333,0.5
0.6717902794375764,0.3095942822126814,0.07360161785997754,0.4588658941162555,2.98025015137295,0.5
0.6066876865733467,0.3627964533662347,0.3247342399748843,0.43961851455456735,3.5087350166491893,0.5
0.6834721380580931,0.2999506795048321,0.05608110820472689,0.4588177943522085,2.9721385291669575,0.5
0.7218303262071238,0.29386213666017286,0.109704470336738,0.5034360724292176,2.303343034884314,0.5
0.6566014587947095,0.32867586878837785,0.21845110296079184,0.4919657294593187,2.506108783767727,0.5
0.5936407835286209,0.3617881316109516,0.5175004536164555,0.44847470580441545,3.4078750559765076,0.5
0.5933669747218909,0.35409716389407375,0.48997888559308334,0.44082937886902235,3.5675695135743526,0.5
0.6365021427206666,0.3637651557446828,0.15883518538608735,0.469676238103042,2.8258159624146604,0.5
0.6141059179101562,0.34222231205963655,0.44342473910389657,0.4876429772207537,2.656281334057728,0.5
0.6704527999056755,0.32819850302473846,-0.07365048684968079,0.4333627483387381,3.381760443240353,0.5
0.6216717440419618,0.38496619149489747,0.24924375733007825,0.4632856526934293,2.9837428937751795,0.5
0.5934446498083268,0.35598851591858927,0.5068390282990194,0.4462100232345252,3.4542856171055925,0.5
0.6729242643971822,0.2961823637386628,0.20870451084118752,0.471632523481227,2.8332066692978826,0.5
0.6332641262492427,0.298431081935205,0.5849988145137157,0.46154607626050603,3.1860727665753967,0.5
0.6726522648219376,0.29076693355880606,0.41242807578855106,0.4971410754704678,2.512759977744236,0.5
0.6141692712560967,0.38076249436289006,0.31288774822308646,0.47571587768889545,2.788470388187387,0.5
0.5934785355113813,0.35553340127951794,0.5042541037769009,0.44649731523891245,3.4467959459988964,0.5
0.5931380793925712,0.34952107082230166,0.490672640766104,0.43711032960478075,3.6566087885577816,0.5
0.6307778967015261,0.35746168039893217,0.16320121613685434,0.4502143589845239,3.1922029703837813,0.5
0.720471080931667,0.27148778351577574,0.20844001946005403,0.48760989913494013,2.5743009769550227,0.5
0.6236399533019873,0.3203342526669592,0.473648511991082,0.4818032239269373,2.767822372818979,0.5
0.5966491729072869,0.3848193619585619,0.5265075586678867,0.48948125263969766,2.6545024176519783,0.5
0.6312846628510203,0.3459475837443365,0.29918670035190387,0.4907595611822435,2.555853499786262,0.5
0.7661059358981122,0.26869167861724835,-0.06137500800849882,0.4814990673406114,2.5220540241775837,0.5
0.805008959546893,0.2433896024999734,-0.0874013640819133,0.4725683183290349,2.6396529161493096,0.5
0.7217322832469658,0.2730099676701333,0.13833554297082906,0.4767241218842621,2.704949023500244,0.5
0.661498852101108,0.2941765300485299,0.5471634751837154,0.5005056699784401,2.506607834382605,0.5
0.6053557540515416,0.36663314041469336,0.38689026112963965,0.47405019304467255,2.8520907898485497,0.5
0.6128440202912626,0.3757487049417694,0.2985406260151811,0.45851104172824836,3.097225972600687,0.5
0.6961470885078989,0.26555453789715616,0.4874429965853301,0.4907190185979515,2.6375902847871258,0.5
0.6585971825434691,0.2808822069433765,0.36036382444206655,0.4600382353017515,3.1151049108965014,0.5
0.6170219819744931,0.3365462724075271,0.3173134833623535,0.4591086489529274,3.1052326056448187,0.5
0.6228517758554163,0.3035932326342583,0.3108059546731554,0.43515333597007533,3.6222089881746222,0.5
0.6436368800393532,0.326051861594896,0.2878808189573622,0.4861111632809398,2.6242973797657427,0.5
0.6262413647427119,0.3402254152154953,0.18014065299711307,0.4369347825135195,3.490999327475741,0.5
0.6837244167834382,0.2883878295085576,0.2638398878597634,0.48301932041098183,2.6668303734775,0.5
0.6160156566725743,0.3562984593716799,0.2723218165099852,0.45427309209615957,3.174315206222553,0.5
0.598867781923705,0.3542852227770892,0.4007252288276778,0.44576006024194137,3.4132350882224816,0.5
0.6557873667833236,0.3043271375290436,0.07935872822538419,0.4330446488221893,3.5201626363852716,0.5
0.6240702585466342,0.36599717937201404,0.2294340075862505,0.46602542182410633,2.92443733014455,0.5
0.606259237397283,0.32793347577742393,0.324428636029173,0.42878801495513946,3.7768858445859026,0.5
0.7373947264416297,0.25770252141085853,0.0010362081388647151,0.44978346180473106,3.1178767106329186,0.5
0.6990368860785957,0.29590283162399134,0.23620188071359055,0.505426853673764,2.333409853079844,0.5
0.6311211914146133,0.2929010056224508,0.4406470289351356,0.450988878956679,3.3299194652253035,0.5
0.6558534223837048,0.33983010797345875,0.0686861716461036,0.46278624478186947,2.901158774921252,0.5
0.5959401869485209,0.4030300120328982,0.5242976331359288,0.4953604084207959,2.5576920894716357,0.5
0.6452508708275143,0.34452449126576223,0.24636106541753464,0.48698947466011766,2.5791210952683796,0.5
0.6785133802211982,0.27115925218912323,0.3511688929634366,0.466409728361019,2.992221034223042,0.5
0.6175910335700494,0.32319586444746456,0.41581109366381463,0.46772637741108725,2.9881055448166642,0.5
0.617557123152924,0.3277046215389323,0.22971729633310156,0.4258661902388953,3.7913156125083027,0.5
0.7318101038975375,0.2779614737578928,-0.0027455664800744295,0.47181467907908753,2.716493657492013,0.5
0.604701678531091,0.3534179429634213,0.3650378071634205,0.45578448841792074,3.1869963863493065,0.5
0.6513983870185626,0.34145336966438633,0.0037264305471295875,0.4258864931429881,3.6177864946608085,0.5
0.661210320171539,0.28498800858569834,0.6223209074029018,0.4771476746964693,2.9063650045135705,0.5
0.6125093443641322,0.3988915184293029,0.35415622281265435,0.46069852957581314,3.0793333980896054,0.5
0.6676189297767395,0.2908019904693802,0.34434201839759365,0.48144255442344813,2.7251568721422474,0.5
0.6909296218216957,0.27328088092867314,0.17770766645491687,0.45591217108526577,3.107759657177789,0.5
0.5935932831904627,0.36015480031059016,0.5135029165715133,0.4493361586828303,3.3883249191751164,0.5
0.6409953197542724,0.35874510071549187,0.09101700338389321,0.44445301824976036,3.2636072619321697,0.5
0.6003138256889838,0.35995111503835325,0.5574614395109379,0.48682602775174727,2.708493899648802,0.5
0.6325654806416935,0.36148209233821404,0.21430917113862546,0.4810032794228605,2.6658156618044737,0.5
0.6471699130919131,0.3361931336469367,0.0991191663483359,0.45297548616391814,3.1036761548386873,0.5
0.6285554242367319,0.36636313104180446,0.2208538359219669,0.4766261935595457,2.739925366666733,0.5
0.6419820036568925,0.31302194716326126,0.2227534957558805,0.45524866436905204,3.135756694249303,0.5
0.6166364303711588,0.3345540304441312,0.32865517618767115,0.4590031200730893,3.1078744452432407,0.5
0.6516668271049789,0.3633507730408599,0.019778971414248628,0.4324457046821435,3.4730847061708916,0.5
0.6255344132766261,0.3434445734306897,0.19793513141529084,0.4444865157140467,3.3350259462063856,0.5
0.617175905575162,0.3283705295621704,0.27071109256382986,0.43898919884677895,3.5003007674687767,0.5
0.6850978304061686,0.305040173616508,0.16804573187206195,0.48733293114855636,2.551446423745486,0.5
0.6065102506597156,0.3394556094009015,0.4231088272771716,0.4654096231417514,3.0300493461797706,0.5
0.5928684628429808,0.34753834786470195,0.49375707367787636,0.43259228829212165,3.770192531806131,0.5
0.5939122280657878,0.36053456360802527,0.5065828342401362,0.45333107737331574,3.301416738100629,0.5
0.6295150325415736,0.3518596772411363,0.2675421343273431,0.4843312108166785,2.6402751459035945,0.5
0.6585120960609043,0.29842579462753366,0.2869373195476703,0.4719251627444657,2.862500025805774,0.5
0.639868624687066,0.3020597544561333,0.3917058692820534,0.4704792397222801,2.931447436857093,0.5
0.6383715285174804,0.36607344422469495,0.14095675533062044,0.4676389413475241,2.8512189428202617,0.5
0.6250427452105569,0.32075849250775373,0.3374154544599429,0.46236981560297996,3.0554519110011524,0.5
0.6106588914233152,0.3524645659110182,0.3150025810529644,0.4546703942392635,3.1843363610485893,0.5
0.6141642736048823,0.353952480456902,0.2748571064396315,0.44876615690547567,3.284794651924289,0.5
0.64654115385637,0.3594334612918549,0.08581643883157583,0.46169718211162397,2.9260432193928545,0.5
0.6459408060495705,0.31389118997250814,0.25517007835109146,0.4685796369476588,2.902001103948828,0.5
0.62799324045098,0.3780218291924246,0.20740989659978043,0.47115183756922746,2.821113146495412,0.5
0.6238215574377987,0.3872729249228332,0.2353665684229091,0.4651961863338961,2.9385069628579363,0.5
0.6474080210246971,0.3013835302877743,0.23056789181382895,0.4513745108657171,3.2201174692086645,0.5
0.6364142935791669,0.2909338496409731,0.41476243899469417,0.45384040655311003,3.2670916149738676,0.5
0.6615524589797578,0.2823561395504372,0.40212697796308655,0.47079444215416766,2.9325851908905864,0.5
0.6715073810467972,0.3158910618583675,0.2411676720530945,0.49811601845176534,2.4243971145040994,0.5
0.6150847880161834,0.3352446659966114,0.32207340219269387,0.4554075466305067,3.1773845997331853,0.5
0.6031710021254707,0.31330092920723424,0.41529699524068503,0.42941385961702944,3.8178083864247085,0.5
0.6590579978352413,0.3041080136045297,0.24006723479374567,0.47100539952216286,2.8536849921652543,0.5
0.5948929027580591,0.3485848401149596,0.43938392635846363,0.4353022376578718,3.6733800411267112,0.5
0.6190114927331564,0.3837407558775557,0.2642798443325675,0.46303113772034005,2.9913173957179264,0.5
0.6248486059526099,0.36212515900891623,0.18868817311533925,0.4363062327656091,3.5061080564497678,0.5
0.6186065044090091,0.33877001398871703,0.257786779492447,0.4464121981180109,3.32969473245689,0.5
0.5928577807844747,0.3467145756584254,0.49359186726289905,0.43272127151162226,3.7669932612735906,0.5
0.6028724657035799,0.3153811076883588,0.4655867345735023,0.4372237472114218,3.6509359697925468,0.5
0.6072170283299873,0.3233149832188304,0.42246401472740425,0.44966838057615893,3.3466012954876256,0.5
0.6209520061335125,0.35782860729710997,0.2145730011778389,0.4402586771174419,3.433054256373869,0.5
0.5991976032892403,0.33905015735886573,0.3924723924386068,0.4359129988848443,3.6366710681222165,0.5
0.5935751638550767,0.352359097177084,0.4955698536760622,0.4450564158631517,3.4759505410933333,0.5
0.5929140741728903,0.34815343504237467,0.4983048980785618,0.43411383573822315,3.73427625900811,0.5
0.6241132329691661,0.39060715150548997,0.2547576010060456,0.4517308262007456,3.197369816236058,0.5
0.635071682399645,0.31304506584795555,0.36100470976882426,0.4709703748719306,2.9030621577437192,0.5
0.651186921036509,0.2884544619707376,0.34749085835183624,0.46009950757449425,3.1074718584051784,0.5
0.5942575820197976,0.3730247809493877,0.5150960302309476,0.4646484486481416,3.075369616587269,0.5
0.6186884258231518,0.3388559976846615,0.2085042272024517,0.424840424032132,3.801082453458285,0.5
0.6381699271517323,0.3294031482079651,0.21573235324209294,0.4644357059017945,2.9540076298512408,0.5
0.6098983649634269,0.31920006736345485,0.5121204233396862,0.4590968397827796,3.19403586067603,0.5
0.628834700457639,0.34462072822594186,0.2482066809860619,0.4707119389446175,2.855990348802513,0.5
0.5933997252976542,0.3571879947868478,0.5071320530421818,0.44268747847477113,3.533977630698687,0.5
0.5953471956756287,0.3838639490112241,0.5311112385840873,0.4849646018936164,2.7260528140948166,0.5
0.6326879388096258,0.3112972659795317,0.3741991195292384,0.46819507285387013,2.959422366996666,0.5
0.6256044117966981,0.30555532666511304,0.5714730831694873,0.4654305868725598,3.0981495271138773,0.5
0.6205962026893855,0.31687858727264095,0.3288315835327012,0.4490919579835558,3.3133840615390704,0.5
0.5940394906982623,0.36411513074773905,0.5210241639927446,0.45910457364548224,3.188313046780585,0.5
0.6153601058607631,0.3715578807643815,0.27193146362157194,0.45119058240877363,3.2296721674573243,0.5
0.6933525611461896,0.29703256857462,0.04264964507391243,0.46397570133383953,2.8758925245672438,0.5
0.6023143478677668,0.3637557521717574,0.39978980884830506,0.46042783118627095,3.1040850904221116,0.5
0.6505537282008828,0.3203173565183734,0.2098463729765343,0.4723992108426973,2.8128428273136246,0.5
0.6348483597345164,0.29193209913114143,0.3239076652335849,0.43842163403636575,3.563107169992795,0.5
0.5941056666246691,0.3656574730610883,0.5360416964084774,0.4555278830342934,3.2659441064961867,0.5
0.6195482130750992,0.38971081097940474,0.2718224232265031,0.46209236994016684,3.008937464871149,0.5
0.6250922759215962,0.3469942578033735,0.23546393096681975,0.4603195750231373,3.0374998248005305,0.5
0.6109146275187336,0.3662657151899932,0.3045847893895694,0.45440885338700715,3.1826743881849238,0.5
0.6086162998658999,0.3562435712583921,0.3031106684149387,0.43900415466771886,3.5140250567129026,0.5
0.6109852263130299,0.3134053289194756,0.4774743397920072,0.44936912089449776,3.3771584165911386,0.5
0.6459378537495107,0.3165525318171824,0.13471837341744414,0.44377807559776256,3.320192008369552,0.5
0.6491891697427623,0.289648109663685,0.21999545238501633,0.437616687975547,3.509929945883667,0.5
0.5934396593038915,0.34941241044105636,0.5255335895385304,0.43709249619283297,3.6760706784738484,0.5
0.6005333694813195,0.3283327806158284,0.41557164997599977,0.4381247372170896,3.6010600142230507,0.5
0.6211997197543997,0.34190473276745514,0.3133632728698968,0.47134176473111633,2.877853508795642,0.5
0.6178389267958029,0.3472524665976997,0.2255304522083853,0.43292683207773086,3.609945802827109,0.5
0.6013985948208553,0.3675492003625501,0.38827775567268735,0.4347840407582655,3.656304946273641,0.5
0.5942679481085266,0.34936137982804755,0.4532518475807572,0.4373766776236818,3.6324084744943086,0.5
0.6403476568419165,0.3746521265591443,0.10758248314792355,0.446861347143948,3.2222844876373276,0.5
0.6299071873345914,0.3146771355638875,0.20167488245130427,0.4329889225764881,3.6041656984015895,0.5
0.6167663132776267,0.31106134197619684,0.4567892260984353,0.4562064236960797,3.227326783110838,0.5
0.6008498967197246,0.349670080642608,0.5379407791514795,0.4766040798971664,2.8735566983997543,0.5
0.5997628819326564,0.32531920014223975,0.4956939967836703,0.4434100288236925,3.520045778378326,0.5
0.6193549965341656,0.37004954682108276,0.23975123301402995,0.4464953321851165,3.310532222310491,0.5
0.6173886546202936,0.34628741323320955,0.3166889759073109,0.46865654874320045,2.9225968102356763,0.5
0.6415247543378422,0.30292108773389237,0.1987504939920425,0.4383840539414586,3.4833131108852347,0.5
0.622989434144948,0.3115929392324692,0.3948175472043519,0.45741155117097926,3.172990093126648,0.5
0.6280543308007596,0.3342693855212759,0.2717793845809995,0.46633814893760533,2.946535343256403,0.5
0.6335651162926346,0.296438748578595,0.466209617081648,0.46317047852221815,3.0987263209856235,0.5
0.6007706212592997,0.34765221242175587,0.3923099409957107,0.4480301539294186,3.3622304452664595,0.5
0.6438129945291373,0.33191761205339076,0.13786087289042248,0.4543347303748891,3.097831721911273,0.5
0.624448220844858,0.3874663607339621,0.23367554349456424,0.4704059251238937,2.8449033845309772,0.5
0.6133168277708815,0.3038574625901221,0.468209910923385,0.44299786536894725,3.5199461407076313,0.5
0.6102242304279836,0.3019524466819468,0.45005452894828923,0.4339800061626352,3.725140539862715,0.5
0.5993742102965697,0.3372484658794999,0.43974268832450203,0.44768099630784053,3.3933940036117733,0.5
0.6002885622338349,0.34075977230161403,0.43541995226092334,0.4532906210805063,3.2738058663570335,0.5
0.6161491493347525,0.37086063134458574,0.2705652993734119,0.4575600375105213,3.1022229208077663,0.5
0.6253665616435389,0.3236565643965441,0.29510550663587654,0.456619910398384,3.1414496250583346,0.5
0.6296918626835121,0.3254767851844069,0.24523701541873846,0.4529022491748192,3.187300435732164,0.5
0.6276815261890104,0.3472017250570739,0.17477942856906897,0.44183922947755716,3.3755665060449673,0.5
0.6161366988751393,0.3448709975415666,0.2924603459174929,0.45611740433028375,3.1446703323529457,0.5
0.5946511536045613,0.37547598448670605,0.5107131620323307,0.47147257276833043,2.947618133656402,0.5
0.5948476897895802,0.344916393110316,0.43791627036989345,0.4314743653126746,3.7722430735220893,0.5
0.6039534574092462,0.342146358154745,0.341512361673199,0.43634505589702255,3.5986713310626106,0.5
0.6125113730434109,0.3876034447135453,0.3171195882094275,0.4665550951768656,2.953133005893983,0.5
0.6260477532952585,0.30737938837227374,0.2447180518289251,0.4301865918079659,3.7004530289380573,0.5
0.6142350802723174,0.3451100791343652,0.38072413702658275,0.47814524617778187,2.7859943084174867,0.5
0.6012266260275281,0.34341817735400443,0.48697072063945746,0.4673949406300421,3.0194486720673037,0.5
0.6055011087355687,0.3306544624907071,0.5709496409007747,0.46079775683292623,3.182490713836942,0.5
0.5937316890814502,0.3630295980972559,0.5007612694087432,0.4485503708070274,3.3979489739803683,0.5
0.6102190880988799,0.35149943860061106,0.3219139577784152,0.4556038573432522,3.1694717339503438,0.5
0.6039548580598441,0.3442546235567987,0.371246627968452,0.44921610294994063,3.328758471712856,0.5
0.6326242000766374,0.3705186082647796,0.14997017724524603,0.43677413924700076,3.468451726326372,0.5
0.6071513954921569,0.3263749699419118,0.43718860602288767,0.45537256672889415,3.23581055373691,0.5
0.6148917210467904,0.3389806656654222,0.24146001568457154,0.42836649316031883,3.73413511611288,0.5
0.6035812120619705,0.34981600821095393,0.33284722757400836,0.42837313310579117,3.7844068800523103,0.5
0.6328947318981837,0.32133877746045664,0.19446630190291456,0.4423115890420803,3.385413947653661,0.5
0.5955539542471066,0.33599978768276756,0.4392670379016935,0.4329983955653118,3.7363352195936845,0.5
0.5935410853998627,0.35124262777642123,0.48181078824607043,0.44123936829050114,3.5561175425929794,0.5
0.5996559196625825,0.3371031251656893,0.37900006981037826,0.43203050762255896,3.725486870111193,0.5
0.6141326605765627,0.3167104086332903,0.558642228908892,0.46187047895135624,3.161936591058137,0.5
0.6115170836951667,0.3248961724121576,0.4610087078159593,0.46551176661864013,3.0475340928327888,0.5
0.5944066331832419,0.3745086240265852,0.5380352845380884,0.4655943455358029,3.0667593481915967,0.5
0.5931063527140841,0.3503493036130248,0.4947225085210295,0.43782305542583505,3.6419684366829,0.5
0.6164594521338088,0.330276631739974,0.2717327049137154,0.43941439775281943,3.4917095003031613,0.5
0.6057437123849374,0.34787756406149223,0.3331561236194046,0.44211948597725653,3.4595339500474953,0.5
0.618867605570677,0.34241332511590483,0.22739493347984505,0.4367612781347289,3.523069100762586,0.5
0.603709106459975,0.37812120886763323,0.37668260038514967,0.45435972895311094,3.2159643379289675,0.5
0.6065434102307015,0.34686137154123164,0.3383074956235012,0.4473308742329289,3.3509991295790162,0.5
0.6106439324369509,0.3320992533085802,0.3081279925616132,0.43826528713776386,3.5379060854821884,0.5
0.5980899280519668,0.3795130768494228,0.4405377810859995,0.46545370889533844,3.027871725093821,0.5
0.6114060010965777,0.32495586156465506,0.34022345536236337,0.44300837207317917,3.451270523503916,0.5
0.6189816717552273,0.32486404867963575,0.33583860036918917,0.45637554254169327,3.167501498134637,0.5
0.6060903961703159,0.33177489193441706,0.4082419727371111,0.45361852133559244,3.2561453368097744,0.5
0.6036149637114588,0.33079117498830574,0.4379329667569771,0.4520596636504204,3.3007485833547388,0.5
0.5966934013687081,0.34719696817341306,0.4981128262991145,0.45817343413128575,3.200675628519192,0.5
0.6034796266266309,0.38054685566116986,0.3828324203479121,0.4561478418300121,3.1813508688655,0.5
0.593349317677312,0.3473639371689763,0.4932475707792219,0.43962934508250684,3.5998898055520874,0.5
0.6043627656880459,0.3433395459232257,0.3415999627082676,0.4387495907494036,3.5433864670271285,0.5
0.5929874677819306,0.348273862749359,0.5001016594165428,0.43586407041100866,3.692558892166616,0.5
0.5961794931629628,0.3586106543542411,0.4778677989453137,0.46241133512430516,3.104594864536961,0.5
0.6019987932941235,0.3297394741973175,0.3949707946299047,0.4386719211552521,3.5767156584167155,0.5
0.619288381191998,0.3385638613363128,0.26618392275244673,0.45075222303059365,3.2427545668872724,0.5
0.5948364215242326,0.3357785627674547,0.4586266201101661,0.434227846020277,3.7148572180954265,0.5
0.5983186590805719,0.3497812416276602,0.5851403344782233,0.45148151447128193,3.37628020101445,0.5
0.5939259521889628,0.35231404433575403,0.4623482418711325,0.43776807967189346,3.6267710944431797,0.5
0.5988779023558128,0.3522989956131395,0.40879094502536384,0.44798487092637346,3.372249072313607,0.5
0.5930157776715909,0.3493078753760991,0.49735243306691046,0.4363412681406357,3.679147991998841,0.5
0.6087904065647951,0.35044046217638086,0.33872093261689795,0.4571912250026146,3.1478284050487066,0.5
0.5940392054933327,0.3505271132305386,0.49248310490017433,0.44727389654711935,3.424975222745801,0.5
0.6159616473837642,0.3578592913856099,0.27539413335574303,0.45752396052411987,3.108136046264597,0.5
0.5982169338941251,0.373757902691048,0.428939576690559,0.45290443048058227,3.269487310069477,0.5
0.5933901181787985,0.34629359956245476,0.48210888959894077,0.4373289241198891,3.6498314096747286,0.5
0.5992224788509063,0.3448648233836964,0.417458765540987,0.4486741869782913,3.3609396170396835,0.5
0.6166738486654311,0.3341131537985381,0.295920301440323,0.4505010374937635,3.2654225470767266,0.5
0.6257138051267047,0.30925047071967715,0.2725397907328391,0.4364683651580227,3.5725679028628132,0.5
0.6019093455034393,0.3616298806510092,0.39138401354559776,0.46042140261025816,3.1063297753096655,0.5
0.6238232919862613,0.35938155811438,0.19471721251063998,0.43870089658022615,3.4543585051599983,0.5
0.6012436053005744,0.3421982787609935,0.37150231367303993,0.438398811771881,3.567200367939179,0.5
0.6000723734092706,0.36569716719379547,0.4123363562067826,0.46328153179646786,3.059856020075344,0.5
0.6114934867356061,0.3286256639560846,0.37488741760566063,0.454781410223702,3.218098615353776,0.5
0.6024512086565423,0.35202099603891424,0.37514276011220005,0.4504094661122435,3.3019666525158353,0.5
0.6017266880917002,0.31566643589498045,0.44381031177737784,0.43270673078824556,3.7494445390535835,0.5
0.6164649768133771,0.3399995827090648,0.3138866989215705,0.45966816658820037,3.0929057622951848,0.5
0.5944484701565768,0.3590271688738974,0.5192293025019887,0.432753434466155,3.776036011161512,0.5
0.6229399839381942,0.37061577668141316,0.21463133479276852,0.4397626986889868,3.4395866989595563,0.5
0.6101546707312627,0.3421111957270532,0.28523125494210455,0.43384312772221223,3.6260193733323125,0.5
0.6128026841091833,0.37260395835417237,0.30072939964028905,0.43142040615388755,3.683957544079283,0.5
0.6078881987749232,0.3243546153243066,0.36796857363516555,0.44153910645579947,3.4991457294754045,0.5
0.5995516435508699,0.32787048239222283,0.3978801970357654,0.43067218263142815,3.7713250504730014,0.5
0.5962238442390106,0.354510349890331,0.43321909324929314,0.4453922137884948,3.4375199279626,0.5
0.5981259531046227,0.33938995404420447,0.454720414681011,0.4484535191350011,3.3829421502921555,0.5
0.602211368042372,0.3616968200391734,0.3655728863460327,0.4429458194961956,3.457074801739272,0.5
0.6384042157100911,0.32372523276348375,0.14460944320932065,0.4402251971885518,3.3994790811152056,0.5
0.601328834360948,0.341897442946916,0.393345109338055,0.44629301668533267,3.4010587022351397,0.5
0.6106226453645064,0.3305898192780298,0.3653645211074924,0.4526955876074851,3.254430200509738,0.5
0.6010947132465171,0.32899763587030845,0.3937076433770092,0.4352141391730366,3.65802048094846,0.5
0.636208838145776,0.32416177338413105,0.20443607912270512,0.4532710828583978,3.16264126079695,0.5
0.6065094761729202,0.3329585751470234,0.4015626207128868,0.45432975874788145,3.2381463763427103,0.5
0.6028285260505211,0.37320357132777415,0.3784052309643541,0.4570981685931978,3.162037130815139,0.5
0.6073101447716749,0.3573534819622663,0.3344577126121741,0.4538076626301813,3.2106606158680617,0.5
0.5943028076961553,0.3475832708500682,0.4855280898889558,0.4456744660228826,3.45901128939727,0.5
0.5940718925828695,0.33781684127712935,0.4641535111839299,0.43239504793347017,3.7604828328702418,0.5
0.6009133422603903,0.37055064689206146,0.3980041491342463,0.46019501415092573,3.1117929128416586,0.5
0.596529193022453,0.3470306259746998,0.43449326579398145,0.44384524561840205,3.4732953920214764,0.5
0.5971245616990476,0.3696203105309353,0.4360042046906938,0.4515210786137876,3.3028765543042016,0.5
0.6208352647125798,0.34002185718584255,0.23095996892066406,0.4428636913029045,3.388971029711629,0.5
0.6279372370812981,0.33249534003001807,0.21694701079904133,0.4489704648809831,3.253512814964592,0.5
0.6130678346306926,0.3439752197147592,0.28376474123027706,0.4442959914966527,3.3869098899951817,0.5
0.6091230230567596,0.35551911032777717,0.3051984176725639,0.4439548779545082,3.4021161214665745,0.5
0.5940768606417248,0.3674458449232489,0.5292386573424822,0.4532558461151059,3.3101375017712322,0.5
0.5927815771871973,0.3450021048728495,0.4952642303461842,0.43127027582210464,3.8042789180295524,0.5
0.5953106931461997,0.36854499426900944,0.5362612853691612,0.4436764034798597,3.5211144292598813,0.5
0.6022966810487517,0.352588242928597,0.36163351088214446,0.4429153253977381,3.4574056415747543,0.5
0.6032135765046218,0.3276531965567238,0.3848807674878278,0.436710389402996,3.622037101612629,0.5
0.6061144272948079,0.37513065002667384,0.3534619045026737,0.45788640350556514,3.132313412013108,0.5
0.5947874109940925,0.3568144776325452,0.4878181834052614,0.4563099712208193,3.2311619101862,0.5
0.6017778161418942,0.35842698274786094,0.37804548294573037,0.45076780453909554,3.293102339884596,0.5
0.6116590690572906,0.36954858999790974,0.30552165259996034,0.45913643548114763,3.0878083560755116,0.5
0.5941517979889573,0.34805130240516546,0.4525002197357975,0.4352743758768248,3.6816868424986042,0.5
0.600651505951755,0.3442627885085074,0.42464159332411666,0.4549596471983814,3.2332013803790502,0.5
0.6167472298391847,0.33306602328320517,0.2892980306628331,0.44780491925775123,3.317849628279345,0.5
0.596534216258543,0.33318786945553663,0.43082671577477977,0.4328832890779346,3.735331836637823,0.5
0.6046768129285801,0.3318240780520854,0.35771118482041686,0.43767883701213095,3.5793125218784314,0.5
0.5946934597010183,0.375447135563546,0.5230151956244462,0.4745312536260271,2.8981519718824487,0.5
0.5931426823587942,0.3515955035464556,0.5019047383147952,0.4392999070985911,3.6103138694684893,0.5
0.5953464159819178,0.3438079097881639,0.5065633931184843,0.4488861886334119,3.4003653456484453,0.5
0.6144738968730027,0.34286076002374866,0.2970557769675435,0.45266771108733656,3.219535813296022,0.5
0.5951871891114862,0.3470372434297208,0.4352274131506016,0.4303241636911463,3.7916044055890175,0.5
0.600199290237065,0.32632914588953865,0.39170645458682113,0.42989835703221624,3.7892319735482234,0.5
0.5971269572359764,0.34503492296367777,0.5271833779122143,0.45836551301968786,3.2096734002748026,0.5
0.6168921897129306,0.34861134390317006,0.2523073925578967,0.44505243273582623,3.3524978213054855,0.5
0.6021000130661132,0.3324223146353846,0.5547417303931633,0.4563770393031118,3.264683804465937,0.5
0.5945501597190315,0.36350967660266376,0.47032835904569265,0.44734250018067995,3.4100462531652447,0.5
0.6092330135171788,0.34224246098171013,0.32021653312778076,0.4459887843077604,3.370678545796719,0.5
0.613674404451918,0.35277151237373827,0.27905731003690293,0.44867727593617723,3.289785636777369,0.5
0.5964448966695304,0.345617363644681,0.43952677639951604,0.4438622691618055,3.478936732709978,0.5
0.6088302582266577,0.35133551570702337,0.29800241279777956,0.43722151470079607,3.55134155766817,0.5
0.6291273018201802,0.3203468589839606,0.20063133593400423,0.43599565515773137,3.5286294637675804,0.5
0.5931372498920223,0.35135118211426963,0.5030545647787127,0.4392451038599795,3.6126597558601596,0.5
0.5928572933942488,0.3416693288958879,0.4943664750875586,0.43094487720797103,3.8126577433247193,0.5
0.6083565077248587,0.3392275666220186,0.30115515911644686,0.43353265301584926,3.6440637614572644,0.5
0.6005369031026739,0.3427294755618675,0.39031311118439105,0.4430115110792671,3.4713626308212615,0.5
0.5980745039986495,0.34699011464555485,0.4089290149383277,0.44222193237235796,3.499143688089873,0.5
0.5977149041627825,0.32124754080142404,0.49552879506951436,0.432749558568858,3.774169073716269,0.5
0.5996313818437249,0.3587932432534729,0.40388501264977866,0.45356898733563417,3.249356928678705,0.5
0.592821346442382,0.34384560817650206,0.49712423668766886,0.43175129223155323,3.7938616109623777,0.5
0.59504129017123,0.36194741120108676,0.4688886328446223,0.4551550045857443,3.2457164660357356,0.5
0.6077540699419044,0.3721084638666329,0.3316758364713351,0.45169417752206975,3.2501472695467153,0.5
0.5951302000409827,0.3504452940944263,0.43741591950488556,0.4373579304139497,3.6249995750302246,0.5
0.600625354126828,0.3273924005460554,0.40602336814229206,0.4350792761669367,3.6670063239066466,0.5
0.6048269932244066,0.3369784594102391,0.3526173664949582,0.44044570804453237,3.511377667461883,0.5
0.5961721442550888,0.35034409048153,0.4146774517141097,0.4315642396976398,3.752989272222324,0.5
0.6042097666979187,0.34708549679174566,0.32554650208062413,0.4292983743778527,3.759631014406739,0.5
0.5961470196527126,0.34751760417021377,0.4170217708210997,0.43425099431653363,3.68952855097459,0.5
0.5978652018022437,0.331080282093828,0.4865615337096093,0.44378822099968557,3.5067970938132196,0.5
0.6171331754355315,0.32513666492975457,0.2926000080129027,0.44255799168084764,3.4343024880809643,0.5
0.6097649021908234,0.35125187886914844,0.3169740389109412,0.4519645604470229,3.2418305972853583,0.5
0.6039617905502908,0.35348816638103997,0.3596392252769234,0.45043450478320773,3.2936305850340313,0.5
0.593342709993001,0.35683184250250216,0.50598408678947,0.44111181872115035,3.568964742871448,0.5
0.6056532292885953,0.33692163567325795,0.3679248968287373,0.447522685673896,3.3641196868903878,0.5
0.6041633049159599,0.3395945586468739,0.36512782236074415,0.44448386225501585,3.426827816494329,0.5
0.5930810632700136,0.3440620476458559,0.4801467725969871,0.4326148723692809,3.764305348554677,0.5
0.6056794572288987,0.35865246027022113,0.3323011109995222,0.4429990894709523,3.437273769601276,0.5
0.6077233278940494,0.3502486238796123,0.32644890567781754,0.448319625734232,3.3226295298634203,0.5
0.6009525645458498,0.3455376385263873,0.3932743423324065,0.44759086677079424,3.37196383461979,0.5
0.6213299215408661,0.32526592129873927,0.26613685715624874,0.4439354328623492,3.390340023813858,0.5
0.5929250156707171,0.3438379268738504,0.47651697659498293,0.4301518693415432,3.823319756301077,0.5
0.595503419197096,0.3477674861938438,0.4512029629374461,0.4447206146475144,3.463003039501173,0.5
0.6048103899211774,0.33727400280421016,0.3225623442749417,0.42890885700960263,3.7702893610873036,0.5
0.5936816242229651,0.3431915654217949,0.5059969038273464,0.4390993676321942,3.620957247625463,0.5
0.6008477394372232,0.33494747209028813,0.4007104721208407,0.44133366384283096,3.5169497325755636,0.5
0.594185406608782,0.34863520423987304,0.4694376671371358,0.4423536440279119,3.5248870773072007,0.5
0.6091956274134811,0.3430457084460037,0.30198413697597165,0.4387413448693753,3.520951459991812,0.5
0.6087137384968302,0.34508710193530456,0.31233661938144286,0.44282780724846144,3.434705795969765,0.5
0.6122445651808999,0.35090979498644026,0.271539578306661,0.4370191644278045,3.540870946296334,0.5
0.6055234388868509,0.323712623175085,0.3571241148506792,0.43293126677558985,3.694784736953633,0.5
0.593501659867211,0.345172578340848,0.5055069586725995,0.4397733143899359,3.6037529700260746,0.5
0.5966613596006279,0.34487085287432095,0.4435022756330944,0.4460372255445628,3.4308592003631118,0.5
0.5931103123786319,0.3522909590005915,0.5018076859847092,0.43756419614716585,3.6518125768989815,0.5
0.5949808100124346,0.3446235883588437,0.4901416429353169,0.4449640135765741,3.473960638928661,0.5
0.593915852152234,0.3603558075981134,0.5077742879836985,0.43751047590330555,3.653671754777395,0.5
0.5953677691927349,0.3722756390046151,0.5304060125504083,0.4784973827964634,2.832895638014093,0.5
0.5943686790047873,0.34746632580176456,0.44803674516215003,0.43541509493034325,3.6776845728216085,0.5
0.6008472514695815,0.35196347841651915,0.38510199805853823,0.4476967213024755,3.365212713662343,0.5
0.6018006873667745,0.3434475206473636,0.3757889721600479,0.44305783511899943,3.464066956873166,0.5
0.5937061094357997,0.35832547194836717,0.5088711759675222,0.4510896516773302,3.3492651700618388,0.5
0.5935448138715351,0.3550440273480542,0.5209733680903562,0.4365399210755973,3.6841898896873237,0.5
0.5938879705747008,0.3639697359657989,0.4955244796923927,0.45093142618473414,3.3442228483508356,0.5
0.598919023544093,0.3521234562184654,0.4053980230634975,0.44763444273778213,3.3762697735414853,0.5
0.5973610279990155,0.3416462716412374,0.40868780332038573,0.435591576445792,3.6551364710899588,0.5
0.5941713135792217,0.35177961418774517,0.4719263472360201,0.44461112422807164,3.474056189470852,0.5
0.6167893499653239,0.3148604625554045,0.27468593764011984,0.4281032623390448,3.76892488405311,0.5
0.5990505909976195,0.34361283903876993,0.4170409068455485,0.4469151260455921,3.3987092019090497,0.5
0.6054394657246641,0.3442483683790924,0.3361532637210047,0.44090249216560523,3.4904687999197765,0.5
0.5962154758886001,0.3385492101293202,0.4139795385991225,0.4301897948547336,3.789328982183975,0.5
0.593574789337265,0.34907805047389284,0.46821359128347145,0.4363751348488104,3.6638759810203143,0.5
0.6036198220572354,0.34328798854348597,0.3450715029604122,0.43716055406850723,3.5812461360731187,0.5
0.5930957035860694,0.34915323435360285,0.5117469422891952,0.4367078562614542,3.6776354635266664,0.5
0.6128293381213514,0.34856502022292196,0.27832180583514465,0.44322769809307244,3.4059380871018905,0.5
0.5968023886219147,0.3637987959158695,0.43598367539903127,0.4375556699507561,3.617362260639726,0.5
0.5929066152077634,0.3477615723936549,0.49690334128610714,0.4333757225295081,3.7511980141729055,0.5
0.5940011386497044,0.36440650497101423,0.4958131687562871,0.4450055205311657,3.4730199964289086,0.5
0.5946030151888095,0.3669568783495719,0.4832967204431911,0.4449305999785729,3.4683466017297824,0.5
0.5957778829779622,0.34874681708455785,0.42878339808968124,0.4381707441972274,3.6010508052391677,0.5
0.5945415160153593,0.34635440128570905,0.4602956795074655,0.44066067135245024,3.5607566709968768,0.5
0.5954007727882199,0.3529961602516344,0.44645950618008434,0.44508346465873605,3.451651305354469,0.5
0.611425676852224,0.32356164985988384,0.28241921632322003,0.4257281859959353,3.830883931851607,0.5
0.5931986774922021,0.3464319946238558,0.47197468468892406,0.4326665183816376,3.7572343174125797,0.5
0.6111867530889421,0.33881933566921346,0.29745785200658714,0.4409369582334209,3.4714314104854846,0.5
0.596792041370942,0.3512642933918869,0.4270203155711666,0.44512299244751086,3.4414000996469167,0.5
0.5947865253473875,0.3607052748184663,0.46256839967515684,0.4483071810999409,3.3858351424497073,0.5
0.6043920767230713,0.360798657191812,0.35240667258060143,0.45011580222985503,3.2937129905969686,0.5
0.5939054810285356,0.35132015135486716,0.5376091282180954,0.4390016333477985,3.6352181891177784,0.5
0.5992700721961025,0.35920993893336395,0.3942597134351578,0.44352602702732874,3.4572040272293187,0.5
0.6070688898163218,0.3407507106595352,0.31219960184934525,0.4342849095123792,3.6308263967712557,0.5
0.5928254090909063,0.3463369257227186,0.4968110255538261,0.43223574439753226,3.7806911908343817,0.5
0.6030030260642729,0.3480312727771524,0.34181439378461675,0.43352804981563103,3.6647386598158143,0.5
0.594163267234113,0.3426011202782062,0.4807831866806753,0.44021933032965405,3.581519680518069,0.5
0.5927715458694056,0.3449672002064149,0.49643143858460576,0.43109632387883906,3.809428266702251,0.5
0.593037315218864,0.3499436077280298,0.5005824139512571,0.43696626068608707,3.6656589750625055,0.5
0.6022428412222088,0.330499349144034,0.35134871307484966,0.4273894014541225,3.8282375018892685,0.5
0.5943962292409793,0.34607023742085735,0.4511723567727977,0.4366706663716477,3.6487965913623324,0.5
0.5929966254491097,0.34974416598902697,0.4944702039074292,0.4349527933290827,3.711947956039509,0.5
0.5928440677499816,0.3422885034303026,0.4961501110364015,0.43133553172038674,3.804232942766018,0.5
0.8793207485721007,0.16899277259580237,0.29431063529006396,0.44449316236913183,3.42877218571521,0.5
0.5928345976327187,0.3459997465012588,0.5028460787597023,0.43199919497129463,3.789699031230861,0.5
0.7647329354454693,0.3497775444954599,-0.5221776943907068,0.46397937631007835,1.963235161020065,0.5
0.5931640809350709,0.3474154222944285,0.4994481805181969,0.4381666998465512,3.6372053749895543,0.5
0.5938960605159731,0.33687187554761927,0.491655221990506,0.4347432098968255,3.718533327138154,0.5
0.5955689856186286,0.34054492138419595,0.4562910293363183,0.4409673862294191,3.552473074993256,0.5
0.59384353712872,0.3473931182728268,0.46334036271241524,0.43681407694085267,3.652182075653379,0.5
0.5934242126511486,0.3491986630021537,0.4884498362481111,0.4406978032015059,3.5718927707312313,0.5
0.5927444954483697,0.3438911836415485,0.49917432334367473,0.4302880153430807,3.8315605319940937,0.5
0.5932885523103507,0.3501840430868223,0.5185591321436265,0.4390005279106021,3.6258404065416787,0.5
0.5934920204906489,0.35365582502429477,0.5014954298943982,0.44557640629029494,3.4666693317861927,0.5
0.6062668253359201,0.3383983910240829,0.33340426477335816,0.4390347966393333,3.5324829743083757,0.5
0.5934758879096034,0.35397288044966635,0.4785444867584281,0.4343499926348209,3.717282396089987,0.5
1.5582840868170869,0.04122899859494422,-0.7547760664381787,0.5485826810435526,0.5470090925219827,0.5
0.5946501785592057,0.34698921166916474,0.47487573616784684,0.4454327472344637,3.4590941645101663,0.5
1.118832104397837,0.12362019427599791,0.20384798311915242,0.5056095020089117,2.3462965983034785,0.5
0.592898931318292,0.3467991208138533,0.49613033437980325,0.4338247359974269,3.7406821599155378,0.5
0.9706343680744485,0.15218756070726053,0.4616911231715617,0.49752698901568804,2.536354407469859,0.5
0.5943858176681767,0.3402491780096882,0.5238726618850226,0.439425135149685,3.620636863856288,0.5
0.5933398793899372,0.3489895366375854,0.48846990560328524,0.43971601246820324,3.5949081728511314,0.5
0.5941389998775347,0.3630601880376469,0.5338154157774813,0.4462230940206794,3.4644099274406512,0.5
0.6643012249735214,0.2927586072118955,0.6281225869746807,0.4945165982888161,2.6243435824753716,0.5
0.6027839598980537,0.3535007712402952,0.35568263405316547,0.44022178977757964,3.51744642072583,0.5
0.593740818321621,0.3519645932565539,0.46419777537037615,0.4355178320374633,3.681342858304605,0.5
0.5992674713277127,0.3376376056172664,0.3837117150310012,0.43251237842439644,3.7158476860982885,0.5
0.7398492046988558,0.45266190569143655,-0.23421212857218698,0.6217467882352254,1.139477905259036,0.5
0.5928030691585702,0.3454534538562339,0.4983461318374992,0.43175834646675343,3.7937176893096347,0.5
0.7528482315875876,0.3728902727682969,0.62275242224248,0.773610045729937,0.7124509745478109,0.5
0.593530227656892,0.34769636650056485,0.4650199840015199,0.4338389926554828,3.725070974287334,0.5
0.5927788759866491,0.34419025161933703,0.4938538647153651,0.4310923339826728,3.8083763571580147,0.5
0.7493295784822528,0.3801327564757305,-0.593778845461169,0.43111114915138704,1.9816600782032805,0.5
0.5930140455747848,0.3481032771619394,0.49245876094424024,0.43570936667418264,3.6924460555572804,0.5
0.7931540032945168,0.18084457410678562,-0.7511543764967247,0.2833425143001154,3.746771578463978,0.5
0.8542440091442676,0.2572935612280776,-0.34343074253807354,0.4890308625631813,2.162276048576527,0.5
0.7807221518992766,0.3977169827487175,-0.2725180209720715,0.6241166919961862,1.1120599660097852,0.5
0.5940563942420691,0.34663833314791775,0.44803924233276277,0.43153406878608885,3.7713689461235154,0.5
1.0021023206475013,0.20694829022790948,0.5036863454250217,0.7020649831753434,0.9375028333340248,0.5
0.7399064437892444,0.3291875958372814,-0.5871959575208094,0.38092338372904955,2.875735564682765,0.5
0.7327372142508047,0.2860496912736483,0.3712022327897013,0.5458613241354363,1.9128029962696982,0.5
0.5952129970116451,0.34426641942605446,0.44089082873525454,0.43754281954114693,3.623058442810918,0.5
0.740483467259723,0.3802718527977837,-0.4081866309167564,0.4770330871988213,2.1575033249524274,0.5
0.8674297796120569,0.23224691732417324,-0.6714674064747241,0.39961955046573316,1.880821421036541,0.5
0.7575842644978765,0.3758875584233651,-0.6647596746546159,0.47939436837237154,1.147973055317678,0.5
0.5934410416723976,0.35788302050616305,0.4977838916156222,0.4406207963986037,3.5758524505038918,0.5
0.7412759193613613,0.4281144669993982,-0.6839882980048584,0.49682030539275995,0.95402453252155,0.5
0.8643702629811516,0.34979260180065347,0.5792732180656823,0.8880316856137274,0.4737738931022183,0.5
0.6007204156738245,0.32972235510827397,0.40919255933783893,0.43850011115309007,3.5894708121260943,0.5
0.5929517438906936,0.34913103622456726,0.5033904730872532,0.43081007228233376,3.818681674071973,0.5
0.6072942496357414,0.3162938541148527,0.41333411227496414,0.4407890624137659,3.540858988465162,0.5
0.6051267711180403,0.3173921499313099,0.4463436245005509,0.4423874919668895,3.5215072588283216,0.5
0.5929077840613313,0.34684345433604363,0.4807178538419464,0.42980753164798857,3.8326075390303047,0.5
0.6012843968823022,0.32179868325828537,0.4087284584555114,0.43247063088226956,3.7362116894838557,0.5
0.6004422069877392,0.3281455746591258,0.4104063708023484,0.4365898974272885,3.6346815906177627,0.5
0.5927554806456988,0.34514222341107226,0.49288639903958575,0.4304736516840269,3.8236588764563644,0.5
0.5954120775632105,0.35337574292176,0.4354125398011784,0.4369407309127698,3.6341666320430766,0.5
0.5983206467833726,0.3413146692032299,0.39613882522362753,0.43525230847464885,3.6551836421015147,0.5
0.5971879796813795,0.34053423385918913,0.4286213639943985,0.44083879328513653,3.5418268669005526,0.5
0.6038439672352764,0.3213487479452722,0.4255020543725459,0.44101858155610435,3.5415687142481787,0.5
0.5927319836146533,0.3448545062277432,0.4951995420339465,0.4301518033814265,3.8328576392536915,0.5
0.5951797355587689,0.3311178696464994,0.45203440531615136,0.4305292026116361,3.8044211323806123,0.5
0.5952865901913431,0.3295891455193562,0.5062972577340334,0.43385517800694484,3.7501784445746953,0.5
0.5958669868619174,0.3480494978476545,0.4156754757235748,0.42999907236809354,3.7935514854974253,0.5
0.597117437890588,0.3553105663792092,0.41128531769315085,0.43756542344975224,3.6042928277262543,0.5
0.5928172892814375,0.34685316427246093,0.4909188968352666,0.43116297690583777,3.8043258882451108,0.5
0.6084191738928832,0.3236419930551067,0.33498571561078205,0.4339523379004329,3.6577789761296047,0.5
0.5991415673472038,0.32470243522149195,0.478601268215874,0.43994016437895095,3.5909772035803105,0.5
0.5973200653449383,0.34312344623605223,0.3925681234223604,0.4281090629319931,3.828788445440491,0.5
0.5972199556425659,0.3449728922357438,0.3973364097059846,0.43033355228185627,3.77653032311003,0.5
0.5963264223861705,0.3369022223986397,0.4201284666249216,0.4317898647900843,3.752860841340298,0.5
0.5933478024884018,0.3482371809480242,0.465764671129725,0.4310777625259564,3.7924844949119296,0.5
0.6036746070734264,0.3210225048383574,0.42633354540862467,0.44042328734245545,3.554809422205966,0.5
0.5966957188669474,0.34163088093152066,0.4273594464547102,0.43914479697013065,3.5795677593053616,0.5
0.5956083059421381,0.3554037704402608,0.43554976917946864,0.43790723309397134,3.6110012488784036,0.5
0.599453934192936,0.32611926587180967,0.40712050936134836,0.43123380229155467,3.7640466869732374,0.5
0.5971023917782272,0.33634903343995903,0.42077151741403124,0.43511013616062694,3.672914115774894,0.5
0.5928618079220289,0.3459701908009781,0.49125582387622413,0.43260317375934,3.76878779617594,0.5
0.5971883373400849,0.3360909701587835,0.44049701742723807,0.4400980662826733,3.5652450240590765,0.5
0.6011067655488911,0.32530102381273623,0.4351529869157174,0.4403055108471438,3.561307430152661,0.5
0.5973855053273187,0.3421549016389719,0.4166916329361922,0.4391131012763339,3.574748651230487,0.5
0.5929638487159541,0.34438720272403855,0.47818635983737906,0.43123251489003517,3.796894921957874,0.5
0.5961393358111251,0.34552395862363294,0.42836858313197235,0.438983674114629,3.5836356438506725,0.5
0.5945437140525595,0.33525684909764275,0.5117231942357392,0.43647494921974794,3.68748210194386,0.5
0.5933560171399833,0.3531365453701801,0.500928470994067,0.4304950385317369,3.8247161927934537,0.5
0.5939879202619013,0.33735497588705543,0.45744997686933286,0.4297940477158377,3.8264840879210595,0.5
0.59623353180564,0.3498830248651772,0.4135439656020072,0.4318052365091522,3.7462423997863157,0.5
0.5972765013194442,0.34337638197890796,0.41174617196442476,0.43751213700046626,3.609292049599511,0.5
0.5948111476004682,0.3421500532732325,0.4399617680854721,0.43358137993309,3.718395838863621,0.5
0.5948972656076275,0.33146617378477006,0.4981865234062453,0.43435617836444884,3.733076373799731,0.5
0.5945257854148776,0.3375633310728511,0.4608739744147561,0.43461807540401504,3.705758010734351,0.5
0.59559908624419,0.3463611604938323,0.4273461130643478,0.43546333033561807,3.665284839402401,0.5
0.5970003578697233,0.3304458717111928,0.43966582155198985,0.4343198596951092,3.7039774514537602,0.5
0.5954334773350595,0.349637163144757,0.43044542193131097,0.4361932703763492,3.6483450200349576,0.5
0.5978603014558511,0.3332461351134982,0.41752448181903723,0.434674615286976,3.682715848019273,0.5
0.5974980651973129,0.32903564484432946,0.4538151707148227,0.4370008039734284,3.6468912161190925,0.5
0.5927362033337547,0.34464395645248874,0.4974500599994741,0.43024120481756956,3.8318568857393736,0.5
0.5948131278163641,0.3441946849184842,0.43043050703556185,0.43010875825207895,3.799400609958504,0.5
0.595436548790884,0.32558566438629843,0.4962053018011935,0.4301324492717532,3.839786204097171,0.5
0.5958611019978098,0.33600582417343555,0.4461896199434498,0.43628104941972423,3.6585898779434958,0.5
0.595750174316327,0.32740793514597316,0.4947967287742888,0.43321813237476814,3.7617019547884487,0.5
0.5949159617080144,0.3475413420599246,0.4289964100496153,0.4291201935833279,3.8223775131555424,0.5
0.5962753716541226,0.3450791687407141,0.4105982516450529,0.43132953148285585,3.7578703970446137,0.5
0.5944737739321808,0.34018246920954975,0.49267465008940853,0.4409960019911574,3.5695420836981473,0.5
0.6009268008226311,0.32741179150669236,0.4166964453897437,0.4384823867884446,3.5929473193120707,0.5
0.5937860403949955,0.33823843284885263,0.4575620882346252,0.4297976093601262,3.8252935615648607,0.5
0.5986526711865887,0.3300717147883549,0.4320648727580489,0.43773755663670655,3.6181247341139833,0.5
0.5946858315545578,0.33859829666562763,0.444052081799851,0.4321806759507263,3.7567372405904105,0.5
0.5975475841569328,0.32739306748644703,0.46589318506164956,0.4371238824672589,3.651314821106713,0.5
0.5947694462594707,0.3334501266241089,0.4581831143006438,0.4314432905718182,3.7859115766189833,0.5
0.5957953025743217,0.3337579402205968,0.4534994328192603,0.43555559261756593,3.680483723127331,0.5
0.5976333955184134,0.32541233531712577,0.45571458405857074,0.43403785443351206,3.720425011563262,0.5
0.5929043055777633,0.3420636773015728,0.4894245208597771,0.4315674110850971,3.7949675874301185,0.5
0.5944796993748067,0.3533177217320744,0.45013643122248603,0.4369712034475132,3.6387589701378347,0.5
0.5967962433478281,0.33240553148100704,0.4473618250694883,0.436844114071996,3.6464394644232807,0.5
0.5968295957265436,0.3351455696152947,0.42901631303555965,0.4353526961570544,3.67266178917878,0.5
0.5933512721623669,0.354170875466473,0.48442899377620635,0.43690350940638717,3.657610082101809,0.5
0.596679301706907,0.35020837726846504,0.4056789560491472,0.42840509679315697,3.82703158155759,0.5
0.5942052699106509,0.3508051641402823,0.4543463436333449,0.43700849155247024,3.6418526595963923,0.5
0.5946534636499969,0.337989483847136,0.46334063648964574,0.43604861254601895,3.6729034206937556,0.5
0.5930987936172385,0.33803299103061796,0.49534603965423796,0.4307635671174421,3.819449467982669,0.5
0.5936236441459479,0.33779964733137113,0.49903895761380945,0.4342423905010537,3.734428978947945,0.5
0.596106541891875,0.3314588979023085,0.4592008418165135,0.4355492103276299,3.684070840742731,0.5
0.5932535101023267,0.3458183783656194,0.4665672847281417,0.43115680104509824,3.7923296389793055,0.5
0.592894185810061,0.3469657770759576,0.49670950493581273,0.43352982465500894,3.748803590510054,0.5
0.5937386710068353,0.3445634286667942,0.47299812437741745,0.43728758307519944,3.64495660578046,0.5
0.5950804929095205,0.33130045904866745,0.49707914083410065,0.4349535440627586,3.7180757162898668,0.5
0.5932459393806471,0.3458453377347061,0.4653920692373961,0.4303697200686702,3.8107761746317483,0.5
0.5958927176145822,0.3473118912496701,0.41994151776593663,0.4333614083220439,3.7108473791765295,0.5
0.5930106635257273,0.34937860449360303,0.48647057963239393,0.43361306984542575,3.7400386052874426,0.5
0.5943833651518053,0.343192298866897,0.4505891144800939,0.4350149134995931,3.6891309125309797,0.5
0.5940945872952016,0.34848483931167956,0.4503932073246616,0.4329543637980273,3.7367623748636567,0.5
0.5944864647779879,0.3350948414108292,0.5028413521515779,0.4362892916203037,3.687980541339904,0.5
0.5947738602410743,0.33598182740151245,0.4543556411621086,0.43313375800063103,3.738603054480007,0.5
0.5942475702879056,0.3333319963640085,0.47038321731873084,0.4313099593403077,3.794104603740277,0.5
0.5930687881386651,0.34499385740376554,0.4746810210108837,0.43174195678299687,3.781964015872827,0.5
0.5952687673374212,0.3395135904864626,0.44445469316695535,0.43592598460124654,3.6649898935973746,0.5
0.5937786280636003,0.3429759995510632,0.48168545199393037,0.43830692839726476,3.6266885560636832,0.5
0.5946263187031984,0.3390066430575912,0.45482213302431557,0.43492766203552014,3.6947113702965697,0.5
0.592830295390013,0.34532973357960695,0.4873687560495432,0.4313368832616155,3.798354021177779,0.5
0.5932229140903821,0.3436720481947753,0.46463167598718197,0.42991864481695297,3.8232928675772646,0.5
0.5946981369232119,0.3382066028550745,0.45874016079374325,0.43549714246044396,3.6828302054178437,0.5
0.5933979134298571,0.3416917827290099,0.5129331157708967,0.43531955356445784,3.714714352760683,0.5
0.5938095718698413,0.336452604729897,0.49862202116694687,0.43405547153489765,3.7399651175809705,0.5
0.5941825183979516,0.3391193273815651,0.4718212518402195,0.43601068737391385,3.676808129416344,0.5
0.5927483809138805,0.34412551257308965,0.4893867969522049,0.4301432853653357,3.830283050233457,0.5
0.5935884054125454,0.33935468823674503,0.4623193083662102,0.43075458293007374,3.8020481627476013,0.5
0.5931516662980127,0.3414669234405081,0.48711685445379954,0.4332857678429194,3.750767134772339,0.5
0.5941233547260658,0.3414842066063186,0.4606851490989645,0.4350753634427652,3.694425969424316,0.5
0.5927475834304655,0.34346328061373005,0.49358579531015495,0.4303868711358905,3.8264025142716513,0.5
0.5945793948564186,0.34140738517182506,0.43660330082701077,0.43047490893074347,3.7946260291816953,0.5
0.5934712426628254,0.3396820218691208,0.49070741348905095,0.4342040405225025,3.729581345463555,0.5
0.5952255757861478,0.34792038271485115,0.42470008488854,0.4293634396891545,3.814656408273346,0.5
0.5931139459946636,0.34467803079207204,0.49037331009071256,0.43519784423435387,3.7042867414424903,0.5
0.5936497541008127,0.34462099349871117,0.463641892871976,0.43432001058363573,3.7124680015178257,0.5
0.5927533063320658,0.34463117490885964,0.5018029387027146,0.43010885034356244,3.83753798003024,0.5
0.594048842339342,0.3387154427947742,0.4684809737996158,0.4344504791197973,3.7139488041421163,0.5
0.5928218724654005,0.34488594739326794,0.4955138722759173,0.4319520048368373,3.787125896659615,0.5
0.5928660223570095,0.34540501701231824,0.4867890531910848,0.43180723807712745,3.7868603091462325,0.5
0.5928580403620451,0.34580594306030255,0.4804574805246816,0.4297907448611411,3.833694724138681,0.5
0.593700861786524,0.33676396001148257,0.48235245515860886,0.43287691273573153,3.7603113061341777,0.5
0.5931180865305073,0.3427026974639395,0.4742634050031434,0.4315359526406194,3.787556679600607,0.5
0.5935858030518752,0.3411965617142663,0.47066386232596347,0.43370734410973744,3.731728330566843,0.5
0.5934568848746881,0.33807088823531556,0.4935828292555985,0.43330643743352537,3.754664695593433,0.5
0.5933522969596322,0.3496249138363222,0.4717737088811489,0.43439146199430384,3.7133845037689066,0.5
0.5934598802428329,0.33794616210599526,0.46416595290171586,0.429388372846306,3.8383584281824294,0.5
0.5930063821458689,0.34631797553178545,0.4747503205110314,0.43022388734358485,3.819184513525187,0.5
0.592931240877925,0.3405188807543819,0.48312842991030425,0.4301416498174625,3.8274978278547644,0.5
0.5928327317222113,0.34548892224472444,0.4943978520394182,0.4323168013144712,3.7775819680837954,0.5
0.5946866643790856,0.3387112665515208,0.4437696286825654,0.4321729437580237,3.756649047597276,0.5
0.5928366875488565,0.34557298376272166,0.48589397357688874,0.4311492829894493,3.802325770335782,0.5
0.592914491721009,0.3392751992973124,0.4909943069717913,0.43002129611578244,3.8357762108110247,0.5
0.5928261517929523,0.34370649052515806,0.49623907020147023,0.4315017828316784,3.7988967093351746,0.5
0.592982013315209,0.3468556805065141,0.48037923140749295,0.4321544435279104,3.773937164630941,0.5
0.5928503229424816,0.34198479785612945,0.49684407078025633,0.43122391548346173,3.8076352665783064,0.5
0.5931969154236172,0.34578528075834547,0.4752651396678513,0.4336935878593341,3.7338573578829544,0.5
0.5929539656898041,0.3433669249575733,0.47552262669891626,0.43013873857139096,3.82356899668356,0.5
0.5934063859997112,0.345542906366357,0.4663004104151099,0.4331005112679317,3.743554341885482,0.5
0.5928596596847406,0.34589447632203296,0.4881697943808237,0.4320617527775169,3.7807498864105566,0.5
0.5930850477135896,0.34243755727027964,0.4768883734051206,0.4316809688614504,3.7854768030985344,0.5
0.5928456029463061,0.344234981797441,0.49429549062479855,0.43217941369497975,3.7811896356105112,0.5
0.5929244831703336,0.346841329552419,0.47978461100446,0.4303891619223604,3.8182854784395266,0.5
0.5927333393697001,0.34404429469388537,0.48970264781965084,0.42988910213245735,3.8369486866082445,0.5
0.5928548831768389,0.3458187538907344,0.4942986428777206,0.43276664878912113,3.7663619595628286,0.5
0.5929765935525246,0.3410455992417323,0.4940568648543062,0.43192363554158797,3.788381315368172,0.5
0.5928209919281531,0.3429178637349029,0.4986057292930988,0.4312822030701086,3.8068506811579867,0.5
0.5929175998566157,0.34569242361412933,0.48260093404450444,0.4318171099598604,3.7841239737142986,0.5
0.5928016201775297,0.3467767512835875,0.49519801952988834,0.43119826215673146,3.805801904008436,0.5
0.5927594091162657,0.3452102717372383,0.48933241175359954,0.43017434719847203,3.828813014156285,0.5
0.5932622802673193,0.3433393438945495,0.46985548510442954,0.43207422044117955,3.7715251554799734,0.5
0.5928925314271853,0.34492415386891845,0.48306394242582823,0.4314098571460128,3.794216535246279,0.5
0.5928127503447252,0.34462197484451884,0.4872073134561673,0.4309954862847493,3.8071488379601535,0.5
0.5927923176408937,0.34461626120097394,0.49531973490998354,0.431475013015037,3.7995444353643224,0.5
0.5927924210012988,0.34563775884988074,0.5004418981837597,0.431165912333722,3.80929744886691,0.5
0.5929203980580621,0.34511099643293786,0.49443926615465805,0.4336349597065853,3.7450562097547366,0.5
0.592848196707197,0.34618383530722235,0.4889354706931859,0.4319215938155537,3.784641779986177,0.5
0.5927912770780988,0.3456917689193695,0.502426648985433,0.43079952157659596,3.819814649067275,0.5
0.5930291240898916,0.3420591919940266,0.47872574971623894,0.43117954203219294,3.7996509245191405,0.5
0.5927997842401427,0.3451398261956263,0.49546898105413467,0.4316904846720924,3.7940344980582874,0.5
0.5928072484911373,0.34692164931396297,0.4971096793940918,0.4312595247812214,3.804997460592928,0.5
0.592852437754155,0.3440274826875413,0.48284848748812526,0.4307037457088548,3.8127921463502115,0.5
0.5929136622033065,0.3455022952004987,0.478862153334061,0.43039201631326074,3.818450901275578,0.5
0.5928820159454016,0.34392997259828145,0.47942543763888734,0.4301067763854029,3.8265651475194566,0.5
0.5927559269899473,0.344636344869006,0.4953137362811868,0.43068484613949054,3.819692021884552,0.5
0.5929039460915996,0.345895123984864,0.48281215061905397,0.4315533235685953,3.7909204023787564,0.5
0.5927608114997202,0.3442897841399423,0.4880942842527132,0.43008546071792714,3.831329785028922,0.5
0.592769253981465,0.34403961862254184,0.49510071779162496,0.43094072428182445,3.8129768684860634,0.5
0.592776669775727,0.3433214913801769,0.4948165444804921,0.4308538677224199,3.815359352463566,0.5
0.5927472861087206,0.34475825370496077,0.4890263451529556,0.4300143643623165,3.833059787544339,0.5
0.5928091901784743,0.3458438116480452,0.4897236812685221,0.4312136606421456,3.8024650512442415,0.5
0.5927641045968517,0.345574735278712,0.4992880610114221,0.4305704238844825,3.8241231868801755,0.5
0.5927724122033954,0.3454328433993078,0.49157856611455814,0.43078726983683824,3.81468404056724,0.5
0.5927762821058457,0.34509946931825286,0.49357542728018006,0.43111308325221487,3.8075799417749603,0.5
0.5928070162259851,0.3452980929352244,0.4841978110230723,0.4300668275273422,3.828708195261982,0.5
0.5927552097218669,0.3452637328217876,0.49489436468256215,0.4306397497458262,3.8202259998394266,0.5
0.5927528996655953,0.34491056591070196,0.49043903113057435,0.4302759896444656,3.826916487809533,0.5
0.5927477685016209,0.3449631724066209,0.49163941259613586,0.4302209845308184,3.8288049485172504,0.5
0.5927823034795474,0.3447847673796672,0.5000409661041278,0.4310879471199814,3.811385186647758,0.5
0.5927350031541911,0.34506894455663617,0.4945858291436274,0.43015585672834206,3.8323475405299323,0.5
0.5927307672644329,0.344561158600254,0.4915784758767144,0.43000002730966175,3.8348621690554485,0.5
0.5927699897117881,0.34405896226986304,0.5001608954380061,0.43076090597406125,3.820338453593956,0.5
0.5927688723216887,0.34479447591617585,0.4995603044012878,0.4308234040303821,3.81830660916904,0.5
0.5927651630427886,0.34551743298663623,0.4886434293239427,0.4300946009397704,3.830583287280955,0.5
0.5927490846165242,0.34557704969762043,0.4945069507412775,0.4302551833667266,3.829807512140485,0.5
0.5927936596159122,0.34262676838004696,0.4847817323424156,0.42991531130047017,3.8339569780748013,0.5
0.5927482777822263,0.34515851881329024,0.49193859155104125,0.4302608229713238,3.8279954845028983,0.5
0.5927348743549273,0.34489324882899053,0.49266572618929055,0.43010513444296944,3.8325376069050554,0.5
0.5927526453869372,0.3455172538014861,0.4971462323849061,0.4304339776833009,3.826377655193187,0.5
