0.0005759922177288356,0.624664306640625,0.5838073730468751,1.0,1.0,0.0,1.0,0.977,0.0054,0.9
0.0006036389316868973,0.593292236328125,0.5827087402343751,1.0,1.0,0.0,1.0,0.977,0.0054,0.9
0.0002543892831857984,0.6324920654296875,0.5839447021484376,1.0,1.0,0.0,1.0,0.977,0.0054,0.9
0.0006961550728393101,0.6168060302734375,0.5833221435546876,1.0,1.0,0.0,1.0,0.977,0.0054,0.9
0.0008374384728236086,0.6291046142578125,0.583953857421875,1.0,1.0,0.0,1.0,0.977,0.0054,0.9
0.0004884082585843158,0.61883544921875,0.583404541015625,1.0,1.0,0.0,1.0,0.977,0.0054,0.9
0.0007046536061408701,0.6330223083496094,0.5840408325195312,1.0,1.0,0.0,1.0,0.977,0.0054,0.9
0.00026901862951872555,0.6322546005249023,0.5838726043701173,1.0,1.0,0.0,1.0,0.977,0.0054,0.9
0.000996752935261152,0.5969276428222656,0.5830062866210938,1.0,1.0,0.0,1.0,0.977,0.0054,0.9
0.0006849888200759731,0.5970573425292969,0.5827774047851563,1.0,1.0,0.0,1.0,0.977,0.0054,0.9
0.0007389192913536265,0.5893988609313965,0.5826841354370118,1.0,1.0,0.0,1.0,0.977,0.0054,0.9
0.0002972475832476166,0.5997085571289062,0.5829742431640625,1.0,1.0,0.0,1.0,0.977,0.0054,0.9
0.0007238858174923575,0.611236572265625,0.5831573486328125,1.0,1.0,0.0,1.0,0.977,0.0054,0.9
0.0006531058091769225,0.62774658203125,0.58389892578125,1.0,1.0,0.0,1.0,0.977,0.0054,0.9
0.00019692779267400858,0.6277294158935547,0.5838279724121095,1.0,1.0,0.0,1.0,0.977,0.0054,0.9
0.0005875325206215866,0.6111793518066406,0.5834182739257813,1.0,1.0,0.0,1.0,0.977,0.0054,0.9
0.00010701296081995474,0.6232399940490723,0.5836030960083007,1.0,1.0,0.0,1.0,0.977,0.0054,0.9
0.0006817363717941727,0.5907840728759766,0.5826423645019532,1.0,1.0,0.0,1.0,0.977,0.0054,0.9
0.00015253058329843915,0.6265125274658203,0.5837867736816407,1.0,1.0,0.0,1.0,0.977,0.0054,0.9
0.0004540089954743142,0.5981216430664062,0.5828460693359375,1.0,1.0,0.0,1.0,0.977,0.0054,0.9
0.0004594647655191814,0.6116085052490234,0.5834159851074219,1.0,1.0,0.0,1.0,0.977,0.0054,0.9
0.0007525983281599875,0.6400222778320312,0.5842102050781253,1.0,1.0,0.0,1.0,0.977,0.0054,0.9
0.000294215988690502,0.6230087280273438,0.5837249755859377,1.0,1.0,0.0,1.0,0.977,0.0054,0.9
0.0008678132520673045,0.6185760498046875,0.5833587646484375,1.0,1.0,0.0,1.0,0.977,0.0054,0.9
0.0005237985664743877,0.5930533409118652,0.5827573776245115,1.0,1.0,0.0,1.0,0.977,0.0054,0.9
0.0005232034962798473,0.59375,0.582745361328125,1.0,1.0,0.0,1.0,0.977,0.0054,0.9
0.0008496287867515462,0.5881331898272038,0.5826618507504457,1.0,1.0,0.0,1.0,0.977,0.0054,0.9
0.000950402491639616,0.5869216918945312,0.5826354980468751,1.0,1.0,0.0,1.0,0.977,0.0054,0.9
0.0007687079325489826,0.5881156921386719,0.5826309204101562,1.0,1.0,0.0,1.0,0.977,0.0054,0.9
0.00021031645227531832,0.6247673034667969,0.5837570190429691,1.0,1.0,0.0,1.0,0.977,0.0054,0.9
0.0002913838358263318,0.6146488189697266,0.5834846496582031,1.0,1.0,0.0,1.0,0.977,0.0054,0.9
0.0003250948797332536,0.6153964996337891,0.5835121154785157,1.0,1.0,0.0,1.0,0.977,0.0054,0.9
0.00025523872413914,0.6039721965789795,0.5831313133239745,1.0,1.0,0.0,1.0,0.977,0.0054,0.9
0.0009138081340444228,0.6005973815917969,0.5828414916992188,1.0,1.0,0.0,1.0,0.977,0.0054,0.9
2.7735949526315913e-5,0.6196231842041016,0.5835670471191408,1.0,1.0,0.0,1.0,0.977,0.0054,0.9
0.0004943500679556083,0.6173667907714844,0.5835922241210938,1.0,1.0,0.0,1.0,0.977,0.0054,0.9
0.00015136450047624288,0.624363899230957,0.5836277008056641,1.0,1.0,0.0,1.0,0.977,0.0054,0.9
0.0009563262751333192,0.613555908203125,0.583203125,1.0,1.0,0.0,1.0,0.977,0.0054,0.9
0.0001929928839546385,0.6189594268798828,0.5835945129394531,1.0,1.0,0.0,1.0,0.977,0.0054,0.9
7.68082761204694e-5,0.6260089874267578,0.5837409973144535,1.0,1.0,0.0,1.0,0.977,0.0054,0.9
3.160077665790992e-5,0.6230721473693848,0.583648872375488,1.0,1.0,0.0,1.0,0.977,0.0054,0.9
0.0008455635962975792,0.622467041015625,0.583477783203125,1.0,1.0,0.0,1.0,0.977,0.0054,0.9
0.00039933958120973124,0.6341400146484375,0.5839080810546875,1.0,1.0,0.0,1.0,0.977,0.0054,0.9
0.0007999054602521877,0.6058387756347656,0.5829971313476563,1.0,1.0,0.0,1.0,0.977,0.0054,0.9
0.00021464544158343742,0.6061038970947266,0.5830909729003906,1.0,1.0,0.0,1.0,0.977,0.0054,0.9
0.0006229556317306905,0.5928573608398438,0.5828002929687499,1.0,1.0,0.0,1.0,0.977,0.0054,0.9
0.0006205203806116835,0.5940017700195312,0.5828460693359376,1.0,1.0,0.0,1.0,0.977,0.0054,0.9
0.00028782190559097564,0.6162424087524414,0.5835315704345698,1.0,1.0,0.0,1.0,0.977,0.0054,0.9
0.0004873681454553322,0.6393928527832031,0.5841232299804688,1.0,1.0,0.0,1.0,0.977,0.0054,0.9
0.0005257316088485548,0.6210746765136719,0.5837020874023438,1.0,1.0,0.0,1.0,0.977,0.0054,0.9
0.0005997752675339419,0.591400146484375,0.5826904296875,1.0,1.0,0.0,1.0,0.977,0.0054,0.9
0.00020787924800480257,0.6256210207939148,0.5837785482406617,1.0,1.0,0.0,1.0,0.977,0.0054,0.9
0.0008100209413202473,0.6053147315979004,0.5832597732543944,1.0,1.0,0.0,1.0,0.977,0.0054,0.9
0.0006287533566046064,0.60797119140625,0.5830749511718752,1.0,1.0,0.0,1.0,0.977,0.0054,0.9
0.000835884931372078,0.6057224273681641,0.582990264892578,1.0,1.0,0.0,1.0,0.977,0.0054,0.9
0.00022623559505696063,0.6325826048851013,0.5839150190353388,1.0,1.0,0.0,1.0,0.977,0.0054,0.9
0.0004283348432915238,0.6306533813476562,0.5839447021484374,1.0,1.0,0.0,1.0,0.977,0.0054,0.9
3.3337099857251085e-5,0.6117863655090332,0.583321571350097,1.0,1.0,0.0,1.0,0.977,0.0054,0.9
0.00011274483766725306,0.606380543382329,0.5831564188003538,1.0,1.0,0.0,1.0,0.977,0.0054,0.9
0.00032573835815033535,0.6084823608398438,0.5831298828125002,1.0,1.0,0.0,1.0,0.977,0.0054,0.9
1.0487390281595065e-5,0.6159076690673828,0.583448028564453,1.0,1.0,0.0,1.0,0.977,0.0054,0.9
0.0009378885215969378,0.6127352714538574,0.5831808090209961,1.0,1.0,0.0,1.0,0.977,0.0054,0.9
0.000987823946517356,0.6425251066684723,0.5841130375862115,1.0,1.0,0.0,1.0,0.977,0.0054,0.9
0.0007958296796571342,0.6452484130859375,0.5842742919921875,1.0,1.0,0.0,1.0,0.977,0.0054,0.9
0.0001794127794050542,0.6096763610839844,0.583308410644531,1.0,1.0,0.0,1.0,0.977,0.0054,0.9
3.73517934667805e-5,0.6139836218208075,0.5833496093749999,1.0,1.0,0.0,1.0,0.977,0.0054,0.9
0.00012626897421911452,0.6285576501177275,0.5838150978088377,1.0,1.0,0.0,1.0,0.977,0.0054,0.9
0.000431520489237771,0.5955924987792969,0.5828140258789062,1.0,1.0,0.0,1.0,0.977,0.0054,0.9
0.0007777519437934961,0.603363037109375,0.5831939697265625,1.0,1.0,0.0,1.0,0.977,0.0054,0.9
0.0007029279501214458,0.6281322240829468,0.583914518356323,1.0,1.0,0.0,1.0,0.977,0.0054,0.9
0.0009635200220923754,0.6059112548828125,0.5829833984375,1.0,1.0,0.0,1.0,0.977,0.0054,0.9
0.00021874264363896847,0.6042404174804688,0.5831298828125,1.0,1.0,0.0,1.0,0.977,0.0054,0.9
0.0005635238840856015,0.6004676818847656,0.5830703735351563,1.0,1.0,0.0,1.0,0.977,0.0054,0.9
0.0006824335644936822,0.633575439453125,0.583843994140625,1.0,1.0,0.0,1.0,0.977,0.0054,0.9
0.0003259091079584638,0.6001243591308594,0.5830062866210938,1.0,1.0,0.0,1.0,0.977,0.0054,0.9
0.0008404917971706876,0.60516357421875,0.5829742431640623,1.0,1.0,0.0,1.0,0.977,0.0054,0.9
0.00015115556337990532,0.6064910888671875,0.5831207275390624,1.0,1.0,0.0,1.0,0.977,0.0054,0.9
0.00021999227757201934,0.609220027923584,0.5831693649291986,1.0,1.0,0.0,1.0,0.977,0.0054,0.9
0.00019671880771469883,0.6028366088867188,0.583056640625,1.0,1.0,0.0,1.0,0.977,0.0054,0.9
0.0004068943942539601,0.6351080665772315,0.583942413330078,1.0,1.0,0.0,1.0,0.977,0.0054,0.9
0.0005305069111186233,0.6006629876792431,0.5830718263983725,1.0,1.0,0.0,1.0,0.977,0.0054,0.9
0.000366293480445158,0.6184005737304688,0.58360595703125,1.0,1.0,0.0,1.0,0.977,0.0054,0.9
0.00010381412222877046,0.6095900535583496,0.5832105636596672,1.0,1.0,0.0,1.0,0.977,0.0054,0.9
0.00047691817297392056,0.6200190782546997,0.5836664676666257,1.0,1.0,0.0,1.0,0.977,0.0054,0.9
0.0004608013433373756,0.5950805998872966,0.5827911376953123,1.0,1.0,0.0,1.0,0.977,0.0054,0.9
0.0004171201210934831,0.6321492195129395,0.583834266662598,1.0,1.0,0.0,1.0,0.977,0.0054,0.9
0.0007325855865392345,0.5905861854553223,0.5826234817504891,1.0,1.0,0.0,1.0,0.977,0.0054,0.9
0.00031610057098326494,0.6209030151367188,0.5836700439453124,1.0,1.0,0.0,1.0,0.977,0.0054,0.9
0.0002486753286191089,0.6274059595089057,0.583832120895386,1.0,1.0,0.0,1.0,0.977,0.0054,0.9
0.0006776873990383557,0.5895509719848633,0.5826480865478509,1.0,1.0,0.0,1.0,0.977,0.0054,0.9
6.994639670396163e-5,0.6088084876537323,0.5832294821739192,1.0,1.0,0.0,1.0,0.977,0.0054,0.9
0.0004772382973417228,0.6249465763268915,0.5838033162057396,1.0,1.0,0.0,1.0,0.977,0.0054,0.9
8.710549473050434e-5,0.6079158782958984,0.5831871032714849,1.0,1.0,0.0,1.0,0.977,0.0054,0.9
0.0007945748453919375,0.5873164385557175,0.5825969636440276,1.0,1.0,0.0,1.0,0.977,0.0054,0.9
0.00023369659240267632,0.60565185546875,0.5830749511718748,1.0,1.0,0.0,1.0,0.977,0.0054,0.9
0.0008410110745282089,0.6119842529296875,0.5834686279296875,1.0,1.0,0.0,1.0,0.977,0.0054,0.9
0.00034059050797173834,0.6097927093505859,0.5833427429199214,1.0,1.0,0.0,1.0,0.977,0.0054,0.9
0.00024013694263248176,0.6070175766944885,0.5832339525222775,1.0,1.0,0.0,1.0,0.977,0.0054,0.9
0.0007918381410520047,0.6178855895996094,0.5833450317382816,1.0,1.0,0.0,1.0,0.977,0.0054,0.9
0.0005078459217850325,0.6013946533203125,0.5830932617187501,1.0,1.0,0.0,1.0,0.977,0.0054,0.9
0.00024373166373178924,0.6092491149902344,0.5833084106445313,1.0,1.0,0.0,1.0,0.977,0.0054,0.9
0.0006823140676917608,0.5895347595214844,0.582658386230469,1.0,1.0,0.0,1.0,0.977,0.0054,0.9
0.00035130046297322294,0.6034905910491943,0.5831370353698724,1.0,1.0,0.0,1.0,0.977,0.0054,0.9
0.000120891111546993,0.6144447326660156,0.5834457397460939,1.0,1.0,0.0,1.0,0.977,0.0054,0.9
0.0014093466143875926,0.6539216041564941,0.5845415115356436,1.0,1.0,0.0,1.0,0.977,0.0054,0.9
0.0003438816155748276,0.6350533962249756,0.5840205192565918,1.0,1.0,0.0,1.0,0.977,0.0054,0.9
0.00011231489386717041,0.625083863735199,0.5837399244308468,1.0,1.0,0.0,1.0,0.977,0.0054,0.9
0.0004150507719914596,0.6315450668334961,0.5839641571044908,1.0,1.0,0.0,1.0,0.977,0.0054,0.9
0.0007753657808502861,0.6107038259506226,0.5834235668182368,1.0,1.0,0.0,1.0,0.977,0.0054,0.9
3.086606099303186e-5,0.6225528717041016,0.5836402893066408,1.0,1.0,0.0,1.0,0.977,0.0054,0.9
0.0003953168169107306,0.6363978775189025,0.5839984893798826,1.0,1.0,0.0,1.0,0.977,0.0054,0.9
0.0005774393487200262,0.6408240646123886,0.5841810405254355,1.0,1.0,0.0,1.0,0.977,0.0054,0.9
0.0007543716931208854,0.5888779163360596,0.5825905799865722,1.0,1.0,0.0,1.0,0.977,0.0054,0.9
0.00013758821678429813,0.6268894052220162,0.5837905935943124,1.0,1.0,0.0,1.0,0.977,0.0054,0.9
0.0009985955387184996,0.5894985813647509,0.5825479842722419,1.0,1.0,0.0,1.0,0.977,0.0054,0.9
0.00012951864075665635,0.6106967926025391,0.5833290100097657,1.0,1.0,0.0,1.0,0.977,0.0054,0.9
0.00040807719864644805,0.5978530645370483,0.5829417705535886,1.0,1.0,0.0,1.0,0.977,0.0054,0.9
0.0006461628368961108,0.6171996411914825,0.5833387749122622,1.0,1.0,0.0,1.0,0.977,0.0054,0.9
0.0008877846940011005,0.6455689219956184,0.5842494189739238,1.0,1.0,0.0,1.0,0.977,0.0054,0.9
0.0004470524125556809,0.638542243791008,0.5840937111526718,1.0,1.0,0.0,1.0,0.977,0.0054,0.9
0.0005154298732661873,0.6370367418289185,0.5839900543975831,1.0,1.0,0.0,1.0,0.977,0.0054,0.9
0.0006616595509458061,0.5999302663326264,0.5828536673545838,1.0,1.0,0.0,1.0,0.977,0.0054,0.9
0.0008643888678907239,0.6277353047467706,0.5839198989288337,1.0,1.0,0.0,1.0,0.977,0.0054,0.9
0.00014208224879217732,0.6055420625563154,0.5831077188453668,1.0,1.0,0.0,1.0,0.977,0.0054,0.9
0.0009864863093960524,0.5845649885667683,0.582454540344762,1.0,1.0,0.0,1.0,0.977,0.0054,0.9
0.00010771359928861879,0.6199788649025322,0.5835001375724778,1.0,1.0,0.0,1.0,0.977,0.0054,0.9
0.0008284125860176216,0.6457118951755679,0.5843099471015927,1.0,1.0,0.0,1.0,0.977,0.0054,0.9
0.0004370593110212978,0.6074171609191895,0.5832816852661131,1.0,1.0,0.0,1.0,0.977,0.0054,0.9
0.0003353091254706032,0.6146265798291471,0.583490609730912,1.0,1.0,0.0,1.0,0.977,0.0054,0.9
0.000729921950982177,0.5926619834153724,0.5828177511688242,1.0,1.0,0.0,1.0,0.977,0.0054,0.9
0.0004392194902805143,0.5962175640580455,0.5828144831275937,1.0,1.0,0.0,1.0,0.977,0.0054,0.9
0.0005779841678367531,0.5981421069412232,0.582991585476685,1.0,1.0,0.0,1.0,0.977,0.0054,0.9
0.0007081978073062196,0.589127370622009,0.5826171874999986,1.0,1.0,0.0,1.0,0.977,0.0054,0.9
0.0004646026407652519,0.6371850048923492,0.5840083940650952,1.0,1.0,0.0,1.0,0.977,0.0054,0.9
0.0005981732531969456,0.6270081197684689,0.5838731363807668,1.0,1.0,0.0,1.0,0.977,0.0054,0.9
0.0008180513791198436,0.5876940978412628,0.5825522036323545,1.0,1.0,0.0,1.0,0.977,0.0054,0.9
0.0008322678658544616,0.6038196980950572,0.5832145122375475,1.0,1.0,0.0,1.0,0.977,0.0054,0.9
0.0002903782730897878,0.5999536177341629,0.5829820160347006,1.0,1.0,0.0,1.0,0.977,0.0054,0.9
0.0008593086452915726,0.586712619386673,0.582598702497101,1.0,1.0,0.0,1.0,0.977,0.0054,0.9
0.0005541598346033301,0.5924789541244507,0.5827506249237062,1.0,1.0,0.0,1.0,0.977,0.0054,0.9
0.00017567023088567186,0.6040931971417818,0.5830639305463032,1.0,1.0,0.0,1.0,0.977,0.0054,0.9
0.0009145727633005041,0.630033837098156,0.5839857012939432,1.0,1.0,0.0,1.0,0.977,0.0054,0.9
0.0007387766273044072,0.6433909168701172,0.5842656483886717,1.0,1.0,0.0,1.0,0.977,0.0054,0.9
0.00044761208066123763,0.5988913365076458,0.5828647020568845,1.0,1.0,0.0,1.0,0.977,0.0054,0.9
0.00012812663117853205,0.6242163479328156,0.5837233662605286,1.0,1.0,0.0,1.0,0.977,0.0054,0.9
0.0009968256060002975,0.5941261217346192,0.5829108303344728,1.0,1.0,0.0,1.0,0.977,0.0054,0.9
0.0009988583861398385,0.6073520001316071,0.5830209300300605,1.0,1.0,0.0,1.0,0.977,0.0054,0.9
0.0003076778921060731,0.5998861571731567,0.5829886385406493,1.0,1.0,0.0,1.0,0.977,0.0054,0.9
0.0005155711276486331,0.6049484171772004,0.5830060462837225,1.0,1.0,0.0,1.0,0.977,0.0054,0.9
0.00043387068012089335,0.5962461900693627,0.5828172667849786,1.0,1.0,0.0,1.0,0.977,0.0054,0.9
0.00030240160281724674,0.6072961207196712,0.5831022182360648,1.0,1.0,0.0,1.0,0.977,0.0054,0.9
0.00039825311620798843,0.6134278557300568,0.583257385044097,1.0,1.0,0.0,1.0,0.977,0.0054,0.9
0.00020779232867871445,0.61475977664734,0.58332504780254,1.0,1.0,0.0,1.0,0.977,0.0054,0.9
0.0005565589974472669,0.6396720595779419,0.5840850793243407,1.0,1.0,0.0,1.0,0.977,0.0054,0.9
0.0003411274633408238,0.6088681787647217,0.5833134787910472,1.0,1.0,0.0,1.0,0.977,0.0054,0.9
0.0002923314411844284,0.5993949511110344,0.5829399583719266,1.0,1.0,0.0,1.0,0.977,0.0054,0.9
0.000465064548356571,0.6043634819253861,0.5829977603355412,1.0,1.0,0.0,1.0,0.977,0.0054,0.9
0.0009423915249904725,0.6140554730682722,0.5835396227848052,1.0,1.0,0.0,1.0,0.977,0.0054,0.9
0.0002526786184327562,0.6033085142152508,0.5830150545303348,1.0,1.0,0.0,1.0,0.977,0.0054,0.9
0.0006729862192353814,0.592358738360405,0.5827931310329441,1.0,1.0,0.0,1.0,0.977,0.0054,0.9
0.0006368032329954231,0.6265072700195312,0.5838640302734388,1.0,1.0,0.0,1.0,0.977,0.0054,0.9
0.0001264124537502422,0.6215489695911408,0.5836527175331117,1.0,1.0,0.0,1.0,0.977,0.0054,0.9
0.00012300487081860003,0.6142198203650812,0.5834393479003905,1.0,1.0,0.0,1.0,0.977,0.0054,0.9
0.00023005287087024906,0.6019237225208282,0.5830383971107485,1.0,1.0,0.0,1.0,0.977,0.0054,0.9
0.00044653385645158916,0.6382106631834472,0.5841000441586917,1.0,1.0,0.0,1.0,0.977,0.0054,0.9
0.000917021404063657,0.6159467912941893,0.5835931437534311,1.0,1.0,0.0,1.0,0.977,0.0054,0.9
0.0008215200271006644,0.5896473440424392,0.5825836949714664,1.0,1.0,0.0,1.0,0.977,0.0054,0.9
0.0008945042672984738,0.5920964588266087,0.5826249954570748,1.0,1.0,0.0,1.0,0.977,0.0054,0.9
0.0007385763910443086,0.5913269095535278,0.5827672348052979,1.0,1.0,0.0,1.0,0.977,0.0054,0.9
0.00069780368891044,0.5974829901157045,0.5829875511848468,1.0,1.0,0.0,1.0,0.977,0.0054,0.9
9.049753136580201e-6,0.6155127547779083,0.5834091251869202,1.0,1.0,0.0,1.0,0.977,0.0054,0.9
0.0007349959683694938,0.5896958024366052,0.5826966671180727,1.0,1.0,0.0,1.0,0.977,0.0054,0.9
0.000167061062798478,0.6252010509099803,0.5836512501112886,1.0,1.0,0.0,1.0,0.977,0.0054,0.9
4.759479894637811e-5,0.6106805931045229,0.583291042173006,1.0,1.0,0.0,1.0,0.977,0.0054,0.9
0.0002268541482300634,0.6263272425755224,0.5836748351082219,1.0,1.0,0.0,1.0,0.977,0.0054,0.9
0.0007080006187220156,0.5889417039116359,0.5826226074250062,1.0,1.0,0.0,1.0,0.977,0.0054,0.9
0.0007583662668053217,0.5931451938801594,0.5828413728280564,1.0,1.0,0.0,1.0,0.977,0.0054,0.9
0.0008434543617447418,0.6221004241020522,0.583763177239291,1.0,1.0,0.0,1.0,0.977,0.0054,0.9
0.0008497182050814739,0.593185281496048,0.582657846808625,1.0,1.0,0.0,1.0,0.977,0.0054,0.9
0.0004495017195582105,0.5974691731215467,0.582938971044922,1.0,1.0,0.0,1.0,0.977,0.0054,0.9
0.0002085818217201279,0.632012616563797,0.5839021642005919,1.0,1.0,0.0,1.0,0.977,0.0054,0.9
0.00082189137608194,0.6174274473743439,0.5833287009071351,1.0,1.0,0.0,1.0,0.977,0.0054,0.9
0.0006377812078258772,0.5978885963963454,0.5829925546264653,1.0,1.0,0.0,1.0,0.977,0.0054,0.9
0.0005867337025040433,0.5959848652412572,0.5829146498580214,1.0,1.0,0.0,1.0,0.977,0.0054,0.9
0.00019095079418749084,0.6185400570011139,0.5835820985786441,1.0,1.0,0.0,1.0,0.977,0.0054,0.9
0.00017425354689257555,0.6305864138694679,0.583872853479235,1.0,1.0,0.0,1.0,0.977,0.0054,0.9
0.0006477376626242553,0.6004121879577637,0.5828680758666991,1.0,1.0,0.0,1.0,0.977,0.0054,0.9
0.0009649542189359674,0.6073414320490429,0.5833382220709337,1.0,1.0,0.0,1.0,0.977,0.0054,0.9
0.0006909354202237478,0.6140330706142183,0.5835154185431584,1.0,1.0,0.0,1.0,0.977,0.0054,0.9
0.0005553010633047812,0.6012711342978838,0.5829035284739261,1.0,1.0,0.0,1.0,0.977,0.0054,0.9
0.0008771572850756323,0.5989361804084792,0.582800942671456,1.0,1.0,0.0,1.0,0.977,0.0054,0.9
0.00032183713906450194,0.6048138929851917,0.5831765635569668,1.0,1.0,0.0,1.0,0.977,0.0054,0.9
0.0002334123294486094,0.601502591237352,0.5829954411525744,1.0,1.0,0.0,1.0,0.977,0.0054,0.9
0.0006589429906739398,0.6261798096346796,0.5838575958570098,1.0,1.0,0.0,1.0,0.977,0.0054,0.9
0.0009705187312390537,0.5895896668103566,0.5825544967843023,1.0,1.0,0.0,1.0,0.977,0.0054,0.9
0.00019061559973581794,0.6191831089226263,0.5836004493973513,1.0,1.0,0.0,1.0,0.977,0.0054,0.9
0.0004583816135241544,0.6101534311676123,0.583370930051564,1.0,1.0,0.0,1.0,0.977,0.0054,0.9
0.0009535175490564598,0.6476529067726013,0.584367420001183,1.0,1.0,0.0,1.0,0.977,0.0054,0.9
0.0006212542557187499,0.6123798618958406,0.5834585027671961,1.0,1.0,0.0,1.0,0.977,0.0054,0.9
0.00038549376913115535,0.5983731615141363,0.5828709654352968,1.0,1.0,0.0,1.0,0.977,0.0054,0.9
0.0007797160096242563,0.5874474546536761,0.5825884758188898,1.0,1.0,0.0,1.0,0.977,0.0054,0.9
6.690205835203123e-5,0.6236473863971659,0.5836878176211786,1.0,1.0,0.0,1.0,0.977,0.0054,0.9
0.0007356729205848549,0.590769983436954,0.582626042792478,1.0,1.0,0.0,1.0,0.977,0.0054,0.9
0.0008981185516452988,0.6015309969424271,0.5831476556451354,1.0,1.0,0.0,1.0,0.977,0.0054,0.9
0.0002171741129699416,0.6050614364760548,0.5830655231161209,1.0,1.0,0.0,1.0,0.977,0.0054,0.9
0.00046181516819298175,0.600425368380527,0.5828979357980322,1.0,1.0,0.0,1.0,0.977,0.0054,0.9
0.0008791978609608651,0.6251750306905752,0.5838517500156291,1.0,1.0,0.0,1.0,0.977,0.0054,0.9
0.00029464745898826513,0.614679481220529,0.583308169592115,1.0,1.0,0.0,1.0,0.977,0.0054,0.9
0.00036361433809191265,0.6183587746480217,0.5834060394521163,1.0,1.0,0.0,1.0,0.977,0.0054,0.9
0.000804547598979246,0.603241259815193,0.5829249419784839,1.0,1.0,0.0,1.0,0.977,0.0054,0.9
0.0004220109539492971,0.6130987181390313,0.5834565372994864,1.0,1.0,0.0,1.0,0.977,0.0054,0.9
0.0004344837757167388,0.6135516892377472,0.5834718554249568,1.0,1.0,0.0,1.0,0.977,0.0054,0.9
0.00030918212043435663,0.5992599864477142,0.5829201296221928,1.0,1.0,0.0,1.0,0.977,0.0054,0.9
9.736029921918533e-5,0.6184830953321494,0.5835597466064713,1.0,1.0,0.0,1.0,0.977,0.0054,0.9
3.185597762676058e-5,0.6129967053001751,0.5833665990371927,1.0,1.0,0.0,1.0,0.977,0.0054,0.9
0.0009121998890123801,0.599193136516757,0.5830725238844675,1.0,1.0,0.0,1.0,0.977,0.0054,0.9
0.0009548315063017869,0.5993194997827441,0.583081309713382,1.0,1.0,0.0,1.0,0.977,0.0054,0.9
0.0004054858297056524,0.596121787452322,0.5828535498487123,1.0,1.0,0.0,1.0,0.977,0.0054,0.9
0.0005036056815239532,0.6147918519553819,0.5835175322196966,1.0,1.0,0.0,1.0,0.977,0.0054,0.9
0.000473492758277827,0.6338566186832085,0.5840283952426463,1.0,1.0,0.0,1.0,0.977,0.0054,0.9
0.000849902545546414,0.5923853948808063,0.5826387326527284,1.0,1.0,0.0,1.0,0.977,0.0054,0.9
0.0009088739124718027,0.5906569834237697,0.5825889797039954,1.0,1.0,0.0,1.0,0.977,0.0054,0.9
0.0006969451049617828,0.59571333390785,0.5827426423709128,1.0,1.0,0.0,1.0,0.977,0.0054,0.9
0.00023184235868161393,0.630290373999798,0.5838952881830771,1.0,1.0,0.0,1.0,0.977,0.0054,0.9
0.00025734469556378263,0.6023613297356207,0.5830710405415224,1.0,1.0,0.0,1.0,0.977,0.0054,0.9
0.00034011840387869637,0.6306760125834704,0.5839297810364746,1.0,1.0,0.0,1.0,0.977,0.0054,0.9
5.733857423004292e-5,0.6137798646692958,0.5833353081047388,1.0,1.0,0.0,1.0,0.977,0.0054,0.9
0.00013185580419986832,0.6287078731210692,0.5838215788015647,1.0,1.0,0.0,1.0,0.977,0.0054,0.9
0.0004689492636312114,0.6118665096248811,0.5832036694483004,1.0,1.0,0.0,1.0,0.977,0.0054,0.9
0.0008397398055026227,0.6233962648508341,0.5837990393795838,1.0,1.0,0.0,1.0,0.977,0.0054,0.9
0.0008740174784602162,0.589163153664015,0.5825625670878953,1.0,1.0,0.0,1.0,0.977,0.0054,0.9
0.00048340387303112946,0.6259972213506284,0.5838323612376303,1.0,1.0,0.0,1.0,0.977,0.0054,0.9
0.0004360786135744114,0.6323452756222683,0.5839867785398507,1.0,1.0,0.0,1.0,0.977,0.0054,0.9
0.00011663751274660136,0.6080697648447002,0.5831700072733443,1.0,1.0,0.0,1.0,0.977,0.0054,0.9
0.0009706814567643498,0.5994060246603915,0.5828034338392691,1.0,1.0,0.0,1.0,0.977,0.0054,0.9
0.000518921628490833,0.6161204292876818,0.5833206875821793,1.0,1.0,0.0,1.0,0.977,0.0054,0.9
0.0001832805066654602,0.6298232532088005,0.5838095792263818,1.0,1.0,0.0,1.0,0.977,0.0054,0.9
0.00024340508410690577,0.6303965016101797,0.5838105236669816,1.0,1.0,0.0,1.0,0.977,0.0054,0.9
1.565806815491819e-5,0.6143191716424581,0.5833996455077582,1.0,1.0,0.0,1.0,0.977,0.0054,0.9
0.00011406879149401038,0.6231243788289035,0.5835973034782296,1.0,1.0,0.0,1.0,0.977,0.0054,0.9
0.0004549980202815153,0.6386582476778407,0.5840851680080432,1.0,1.0,0.0,1.0,0.977,0.0054,0.9
0.0005609818399421838,0.6182374645562425,0.5836250864052484,1.0,1.0,0.0,1.0,0.977,0.0054,0.9
0.0006704055296131635,0.6251835740038232,0.5838317733997106,1.0,1.0,0.0,1.0,0.977,0.0054,0.9
0.0009167705584696587,0.6466820334607791,0.584353375228386,1.0,1.0,0.0,1.0,0.977,0.0054,0.9
0.0008064240981830162,0.5870162350460771,0.5825581169013792,1.0,1.0,0.0,1.0,0.977,0.0054,0.9
0.00013591120286296883,0.6071679480722147,0.5832084457109095,1.0,1.0,0.0,1.0,0.977,0.0054,0.9
0.00083407971241672,0.6320784396369536,0.5840310655900285,1.0,1.0,0.0,1.0,0.977,0.0054,0.9
0.000744527964764967,0.6192212010408779,0.5833892439445536,1.0,1.0,0.0,1.0,0.977,0.0054,0.9
0.0004995758937144885,0.6058533530935702,0.58324017336057,1.0,1.0,0.0,1.0,0.977,0.0054,0.9
0.00019944394434382834,0.6154303627046753,0.5834923972214995,1.0,1.0,0.0,1.0,0.977,0.0054,0.9
0.0006515304158520882,0.609011533511609,0.5831016195024259,1.0,1.0,0.0,1.0,0.977,0.0054,0.9
0.00029995652531090533,0.6125433911999347,0.5832464125354698,1.0,1.0,0.0,1.0,0.977,0.0054,0.9
0.0003779093253946496,0.6026661298946762,0.5829692165572404,1.0,1.0,0.0,1.0,0.977,0.0054,0.9
0.00012002322485852001,0.6284174614326415,0.5838072141540969,1.0,1.0,0.0,1.0,0.977,0.0054,0.9
0.00011421039837734764,0.6230822501723239,0.5836903267477919,1.0,1.0,0.0,1.0,0.977,0.0054,0.9
0.00070563920970109,0.6214575397881397,0.5834602367623762,1.0,1.0,0.0,1.0,0.977,0.0054,0.9
0.0007765348219660096,0.6165666829516556,0.5833073960026105,1.0,1.0,0.0,1.0,0.977,0.0054,0.9
0.0007499947123157766,0.6320009221752688,0.5837848165514522,1.0,1.0,0.0,1.0,0.977,0.0054,0.9
0.0008071004248732567,0.6453571271663574,0.5842998861643549,1.0,1.0,0.0,1.0,0.977,0.0054,0.9
0.00041859818937692365,0.6201075402144274,0.5834511802643975,1.0,1.0,0.0,1.0,0.977,0.0054,0.9
0.0003463209740604936,0.6136756262022234,0.5832716673091604,1.0,1.0,0.0,1.0,0.977,0.0054,0.9
0.0009348129827166111,0.6310498636537224,0.5840142336855638,1.0,1.0,0.0,1.0,0.977,0.0054,0.9
0.0008133043466320093,0.5868626559560779,0.5825545315058229,1.0,1.0,0.0,1.0,0.977,0.0054,0.9
8.68052827628178e-5,0.6094676985002929,0.5832151302484941,1.0,1.0,0.0,1.0,0.977,0.0054,0.9
0.0008524792790544969,0.6040724543397686,0.5829428006059549,1.0,1.0,0.0,1.0,0.977,0.0054,0.9
0.0007762177544423214,0.6022579671518999,0.5829012959965357,1.0,1.0,0.0,1.0,0.977,0.0054,0.9
0.00019113132542080102,0.6313526371479083,0.5838773145051052,1.0,1.0,0.0,1.0,0.977,0.0054,0.9
0.0004555351587683706,0.6333977929521791,0.5838705891170839,1.0,1.0,0.0,1.0,0.977,0.0054,0.9
0.0008270185947058973,0.5867200135635192,0.5825810093182311,1.0,1.0,0.0,1.0,0.977,0.0054,0.9
0.000420602772440832,0.6377850640006683,0.5840816092925539,1.0,1.0,0.0,1.0,0.977,0.0054,0.9
0.00016831328691228748,0.6216116961138646,0.5836639497742626,1.0,1.0,0.0,1.0,0.977,0.0054,0.9
0.0006357496481687218,0.6003957471930235,0.582869299988797,1.0,1.0,0.0,1.0,0.977,0.0054,0.9
0.00022454867885193813,0.6089745507143557,0.5831618946509838,1.0,1.0,0.0,1.0,0.977,0.0054,0.9
0.0002718883157867768,0.609401475542925,0.5833186708443243,1.0,1.0,0.0,1.0,0.977,0.0054,0.9
0.0006097472970833435,0.6375804785094282,0.5839918616736958,1.0,1.0,0.0,1.0,0.977,0.0054,0.9
0.0006972958067095695,0.6080203561341435,0.5830688123172434,1.0,1.0,0.0,1.0,0.977,0.0054,0.9
0.0006103234172874821,0.6079244723621212,0.5833201102344994,1.0,1.0,0.0,1.0,0.977,0.0054,0.9
0.0004252165163772285,0.6380335487654778,0.5840726323472816,1.0,1.0,0.0,1.0,0.977,0.0054,0.9
0.0007093661642475838,0.5995617884994584,0.5828377174545789,1.0,1.0,0.0,1.0,0.977,0.0054,0.9
0.000998971773896701,0.6241812672776323,0.5835168539105801,1.0,1.0,0.0,1.0,0.977,0.0054,0.9
0.0008881063323624077,0.5913323086563174,0.5826079672427281,1.0,1.0,0.0,1.0,0.977,0.0054,0.9
0.0008642097102690622,0.5887207515433769,0.5826902458125297,1.0,1.0,0.0,1.0,0.977,0.0054,0.9
5.9705847850586036e-5,0.6132577605283326,0.5833204644482969,1.0,1.0,0.0,1.0,0.977,0.0054,0.9
0.0005204427175278154,0.5962653279900132,0.5827898694733371,1.0,1.0,0.0,1.0,0.977,0.0054,0.9
0.0004291811632997515,0.612357818232216,0.5834349585482039,1.0,1.0,0.0,1.0,0.977,0.0054,0.9
0.00031646963667787133,0.6038619746633087,0.5830115303585021,1.0,1.0,0.0,1.0,0.977,0.0054,0.9
0.00023054966157084756,0.6287636118949773,0.5838608285933182,1.0,1.0,0.0,1.0,0.977,0.0054,0.9
0.0008388199557746595,0.5987675969287194,0.5828008926811418,1.0,1.0,0.0,1.0,0.977,0.0054,0.9
0.0002836754106652807,0.6032218141213044,0.5830041081262748,1.0,1.0,0.0,1.0,0.977,0.0054,0.9
0.0009085994701879987,0.6080704476699271,0.5833555710962088,1.0,1.0,0.0,1.0,0.977,0.0054,0.9
0.000700729706758495,0.5935490533121845,0.5828457819260734,1.0,1.0,0.0,1.0,0.977,0.0054,0.9
0.000195147480592143,0.623762704085197,0.5835985265403918,1.0,1.0,0.0,1.0,0.977,0.0054,0.9
1.8010141306452547e-5,0.621463902361652,0.5836043248410485,1.0,1.0,0.0,1.0,0.977,0.0054,0.9
0.0007143712607845735,0.6255464948959728,0.5838461789867269,1.0,1.0,0.0,1.0,0.977,0.0054,0.9
0.0007046101478303435,0.6397352351642795,0.5841962092354767,1.0,1.0,0.0,1.0,0.977,0.0054,0.9
0.0004460722545314446,0.6142298362898019,0.5832743031221932,1.0,1.0,0.0,1.0,0.977,0.0054,0.9
0.0005013112155817283,0.5959954442427868,0.5827893657005612,1.0,1.0,0.0,1.0,0.977,0.0054,0.9
0.00044244924091574285,0.6309414493643848,0.5839540056611878,1.0,1.0,0.0,1.0,0.977,0.0054,0.9
0.00038574948494701105,0.609017256277328,0.5831350932301649,1.0,1.0,0.0,1.0,0.977,0.0054,0.9
0.0004380113210730545,0.6360075582205807,0.5840667217603241,1.0,1.0,0.0,1.0,0.977,0.0054,0.9
0.0005538058120763728,0.6095225903558699,0.5831270880306172,1.0,1.0,0.0,1.0,0.977,0.0054,0.9
0.000802090061879998,0.5907301822783764,0.5827574266263186,1.0,1.0,0.0,1.0,0.977,0.0054,0.9
0.0005353729225928957,0.6163270536960568,0.5835665853692715,1.0,1.0,0.0,1.0,0.977,0.0054,0.9
0.00024097428771434044,0.6260297561921575,0.5836622710117974,1.0,1.0,0.0,1.0,0.977,0.0054,0.9
0.0006750378470556448,0.5924067829935811,0.5826728592404784,1.0,1.0,0.0,1.0,0.977,0.0054,0.9
0.0004991139617067066,0.6143960092970352,0.5832726829455802,1.0,1.0,0.0,1.0,0.977,0.0054,0.9
0.0007013286645911062,0.6171139807003819,0.5833307357097708,1.0,1.0,0.0,1.0,0.977,0.0054,0.9
0.0006504056473530328,0.6230791637028142,0.5837717804692124,1.0,1.0,0.0,1.0,0.977,0.0054,0.9
0.00030123099575685744,0.6156749997272937,0.5833359783657309,1.0,1.0,0.0,1.0,0.977,0.0054,0.9
0.0008855989170602034,0.605894510237902,0.5829902184115174,1.0,1.0,0.0,1.0,0.977,0.0054,0.9
3.076487212394245e-5,0.6155796633440946,0.5834508325063166,1.0,1.0,0.0,1.0,0.977,0.0054,0.9
0.000411628990115904,0.617090257471169,0.583362152065354,1.0,1.0,0.0,1.0,0.977,0.0054,0.9
0.0005478923523890571,0.5929914313734018,0.582777494241258,1.0,1.0,0.0,1.0,0.977,0.0054,0.9
0.0005129314086099777,0.5934260847800238,0.5827770021267435,1.0,1.0,0.0,1.0,0.977,0.0054,0.9
0.0008950118497062998,0.588925483490005,0.5827051367890995,1.0,1.0,0.0,1.0,0.977,0.0054,0.9
0.0009761638916144847,0.5888168201657608,0.5827159826201105,1.0,1.0,0.0,1.0,0.977,0.0054,0.9
0.0005751335725507496,0.6209344533782625,0.5837036813568058,1.0,1.0,0.0,1.0,0.977,0.0054,0.9
0.0006229429060608265,0.6420653305802961,0.5841781659599921,1.0,1.0,0.0,1.0,0.977,0.0054,0.9
0.0009455154732825405,0.6375453341083648,0.5841787112649872,1.0,1.0,0.0,1.0,0.977,0.0054,0.9
0.0004935685976191376,0.6084711199419062,0.5833229027373276,1.0,1.0,0.0,1.0,0.977,0.0054,0.9
0.0004475945743030454,0.5985114552242989,0.582978681954212,1.0,1.0,0.0,1.0,0.977,0.0054,0.9
6.969288184443192e-5,0.6094191052675265,0.583258698207976,1.0,1.0,0.0,1.0,0.977,0.0054,0.9
0.00033987168429472847,0.5988309991991227,0.5828971966728947,1.0,1.0,0.0,1.0,0.977,0.0054,0.9
3.640071905457727e-5,0.6223199176420794,0.5836399980890404,1.0,1.0,0.0,1.0,0.977,0.0054,0.9
0.0008319748744689159,0.6095313583961924,0.5830980964554803,1.0,1.0,0.0,1.0,0.977,0.0054,0.9
0.0004334129588469165,0.6284803544789466,0.5837099103284797,1.0,1.0,0.0,1.0,0.977,0.0054,0.9
0.0006617751011575147,0.6132683672484867,0.5832221638843518,1.0,1.0,0.0,1.0,0.977,0.0054,0.9
0.0008784389931025281,0.6448481067508546,0.5842201734539931,1.0,1.0,0.0,1.0,0.977,0.0054,0.9
5.736417484838897e-5,0.6102188670881558,0.5832812911074674,1.0,1.0,0.0,1.0,0.977,0.0054,0.9
0.0003343067375837072,0.604842109858485,0.5831800021544751,1.0,1.0,0.0,1.0,0.977,0.0054,0.9
0.0008622056728117406,0.6044433811136891,0.5832374894490728,1.0,1.0,0.0,1.0,0.977,0.0054,0.9
0.0007447151784488446,0.600869061704971,0.5828676911147339,1.0,1.0,0.0,1.0,0.977,0.0054,0.9
0.0009802217393610143,0.5876456966312575,0.5826711825367996,1.0,1.0,0.0,1.0,0.977,0.0054,0.9
0.0006339026946052723,0.6243289813328097,0.5838045436299554,1.0,1.0,0.0,1.0,0.977,0.0054,0.9
0.00047563112755265584,0.6384019681739064,0.5841162687633092,1.0,1.0,0.0,1.0,0.977,0.0054,0.9
0.0005295495116407336,0.5931067510654267,0.5827392509300529,1.0,1.0,0.0,1.0,0.977,0.0054,0.9
0.0009693209503817801,0.5913152359671594,0.5828077683543336,1.0,1.0,0.0,1.0,0.977,0.0054,0.9
0.0005351126147572682,0.5957220461378571,0.5828928874985181,1.0,1.0,0.0,1.0,0.977,0.0054,0.9
0.0006430997463590779,0.6413239763898777,0.584130500746968,1.0,1.0,0.0,1.0,0.977,0.0054,0.9
0.0002624137586907593,0.6215147995454333,0.5836787054311143,1.0,1.0,0.0,1.0,0.977,0.0054,0.9
8.606381248613303e-5,0.6087825475404802,0.583244771374809,1.0,1.0,0.0,1.0,0.977,0.0054,0.9
0.0001539988429708005,0.618305350820234,0.5834390132989558,1.0,1.0,0.0,1.0,0.977,0.0054,0.9
0.0004293001291480064,0.5959329039338159,0.5828163881803112,1.0,1.0,0.0,1.0,0.977,0.0054,0.9
0.0002481468546050184,0.6023841528312481,0.5829976007646258,1.0,1.0,0.0,1.0,0.977,0.0054,0.9
0.0003452685293372925,0.635555013500424,0.5840267758486621,1.0,1.0,0.0,1.0,0.977,0.0054,0.9
5.34162050457285e-5,0.6155763238099747,0.5834603776209415,1.0,1.0,0.0,1.0,0.977,0.0054,0.9
0.00037222289333397815,0.5985913833995374,0.5829598567350287,1.0,1.0,0.0,1.0,0.977,0.0054,0.9
0.0006126069020679478,0.6360785606827011,0.5841019148058304,1.0,1.0,0.0,1.0,0.977,0.0054,0.9
0.0009142253825604056,0.640229570133122,0.5842376465546973,1.0,1.0,0.0,1.0,0.977,0.0054,0.9
0.00021703007905585057,0.6071822065330199,0.5832341165890307,1.0,1.0,0.0,1.0,0.977,0.0054,0.9
0.00048064403785595005,0.5946970903855627,0.5828294564095657,1.0,1.0,0.0,1.0,0.977,0.0054,0.9
0.00030588121827090583,0.600628700762115,0.5830194781935086,1.0,1.0,0.0,1.0,0.977,0.0054,0.9
0.0007710022960205648,0.5954168270211881,0.5827239633921609,1.0,1.0,0.0,1.0,0.977,0.0054,0.9
0.000397682860439549,0.5992397972833226,0.5828847446047751,1.0,1.0,0.0,1.0,0.977,0.0054,0.9
0.0008835797207715785,0.6043857028608403,0.5829483633586146,1.0,1.0,0.0,1.0,0.977,0.0054,0.9
0.1135863506697944,0.1082564139123426,0.5517340341058223,1.0,1.0,0.0,1.0,0.977,0.0054,0.9
0.0007132918559361133,0.5994638124413652,0.5830576483145721,1.0,1.0,0.0,1.0,0.977,0.0054,0.9
0.0009950218163963423,0.6139296449823369,0.5835404029427435,1.0,1.0,0.0,1.0,0.977,0.0054,0.9
0.0008457551385837417,0.6351998703370968,0.5841108040864569,1.0,1.0,0.0,1.0,0.977,0.0054,0.9
0.0006188382034574904,0.6285301732280928,0.5836880808200828,1.0,1.0,0.0,1.0,0.977,0.0054,0.9
0.000910064188647319,0.585487465119776,0.5825558114288704,1.0,1.0,0.0,1.0,0.977,0.0054,0.9
0.00029489732365440603,0.6149289752933806,0.5833153263011858,1.0,1.0,0.0,1.0,0.977,0.0054,0.9
0.00022457516014934932,0.6017839878443862,0.5830052247049076,1.0,1.0,0.0,1.0,0.977,0.0054,0.9
0.00026956005633370556,0.6017621069320345,0.5830516804116921,1.0,1.0,0.0,1.0,0.977,0.0054,0.9
0.000442350197363685,0.6163398156516424,0.5833362194072677,1.0,1.0,0.0,1.0,0.977,0.0054,0.9
0.00019721452391454646,0.6031969221059446,0.5830375404582246,1.0,1.0,0.0,1.0,0.977,0.0054,0.9
0.0009736090948781675,0.645050127269379,0.5842092100595653,1.0,1.0,0.0,1.0,0.977,0.0054,0.9
0.0004438899113797302,0.6107895687622247,0.58338873803885,1.0,1.0,0.0,1.0,0.977,0.0054,0.9
0.0007122224766577628,0.6285730150233806,0.5839271720250447,1.0,1.0,0.0,1.0,0.977,0.0054,0.9
0.0007972989192932764,0.6015200862561156,0.5828790108540352,1.0,1.0,0.0,1.0,0.977,0.0054,0.9
0.0006055561077438139,0.6089122470885969,0.5833504197042843,1.0,1.0,0.0,1.0,0.977,0.0054,0.9
0.00035138868559231795,0.6331729898663095,0.5839883409976132,1.0,1.0,0.0,1.0,0.977,0.0054,0.9
0.0008381537270590893,0.6111884730756115,0.5831449830591834,1.0,1.0,0.0,1.0,0.977,0.0054,0.9
0.00011210419993303533,0.6078053369593135,0.5831664863358975,1.0,1.0,0.0,1.0,0.977,0.0054,0.9
0.0004877152390291739,0.6178926112301109,0.583376571649041,1.0,1.0,0.0,1.0,0.977,0.0054,0.9
0.00026461674907757575,0.606857798363102,0.5830981529113057,1.0,1.0,0.0,1.0,0.977,0.0054,0.9
0.00048565189253814813,0.6270319700542496,0.5838601532637671,1.0,1.0,0.0,1.0,0.977,0.0054,0.9
0.0005491479336151102,0.5933455762654384,0.5827286439874423,1.0,1.0,0.0,1.0,0.977,0.0054,0.9
0.0005592748947967606,0.599998525997639,0.5828704797915112,1.0,1.0,0.0,1.0,0.977,0.0054,0.9
0.0009284021742096155,0.6313527162458301,0.5840215302242678,1.0,1.0,0.0,1.0,0.977,0.0054,0.9
0.00015024420334007227,0.6247283909644192,0.583639915174023,1.0,1.0,0.0,1.0,0.977,0.0054,0.9
0.00035978094948955743,0.5986225160075465,0.5828850488228609,1.0,1.0,0.0,1.0,0.977,0.0054,0.9
0.000778194303625071,0.6043859681103728,0.583226859960354,1.0,1.0,0.0,1.0,0.977,0.0054,0.9
0.00028120687019408833,0.6293864706732479,0.5837658619925796,1.0,1.0,0.0,1.0,0.977,0.0054,0.9
8.732200760260819e-5,0.6165401439083588,0.5834030363970866,1.0,1.0,0.0,1.0,0.977,0.0054,0.9
0.0008831808113617517,0.5964957587957973,0.582736306840682,1.0,1.0,0.0,1.0,0.977,0.0054,0.9
0.00033703437890755095,0.6068654079796522,0.583247995470684,1.0,1.0,0.0,1.0,0.977,0.0054,0.9
0.0007900270806594225,0.6259441915161125,0.5838644623374062,1.0,1.0,0.0,1.0,0.977,0.0054,0.9
0.0002745318358973254,0.6038910943810158,0.5831336037521666,1.0,1.0,0.0,1.0,0.977,0.0054,0.9
0.0005087842338583877,0.599049532958911,0.5828557795493863,1.0,1.0,0.0,1.0,0.977,0.0054,0.9
0.000956338180527891,0.5933351389720808,0.5826467345846669,1.0,1.0,0.0,1.0,0.977,0.0054,0.9
0.00021601742777541463,0.6097923159607936,0.5833203567012839,1.0,1.0,0.0,1.0,0.977,0.0054,0.9
0.0005694695890071192,0.5964954554855992,0.5827840581481826,1.0,1.0,0.0,1.0,0.977,0.0054,0.9
0.0009565983388227973,0.5918432000217733,0.582609890088108,1.0,1.0,0.0,1.0,0.977,0.0054,0.9
0.0004440661670194815,0.6320611432548608,0.5838266806040224,1.0,1.0,0.0,1.0,0.977,0.0054,0.9
0.000148073166068728,0.6254035780185755,0.5837586411120541,1.0,1.0,0.0,1.0,0.977,0.0054,0.9
0.0004987755813251295,0.6028644493972174,0.5829533405060966,1.0,1.0,0.0,1.0,0.977,0.0054,0.9
0.0008251865891516422,0.5865357165740052,0.582556017737458,1.0,1.0,0.0,1.0,0.977,0.0054,0.9
0.00038569667498124916,0.6215688794057082,0.5836985550516236,1.0,1.0,0.0,1.0,0.977,0.0054,0.9
0.0006219573283661685,0.625221248134941,0.5838276379838205,1.0,1.0,0.0,1.0,0.977,0.0054,0.9
0.0007068618415841785,0.6038879687080199,0.5832028678050303,1.0,1.0,0.0,1.0,0.977,0.0054,0.9
0.0005753058284799831,0.6032214566376924,0.5829517673127229,1.0,1.0,0.0,1.0,0.977,0.0054,0.9
0.00015625620916091498,0.6061706989727129,0.5831793650575339,1.0,1.0,0.0,1.0,0.977,0.0054,0.9
0.0007762423240725465,0.6320897975931072,0.5837848870396307,1.0,1.0,0.0,1.0,0.977,0.0054,0.9
0.0005093597994169733,0.6392192500572619,0.5840818537160775,1.0,1.0,0.0,1.0,0.977,0.0054,0.9
0.00044520298780121583,0.5963508321000782,0.5828140696555488,1.0,1.0,0.0,1.0,0.977,0.0054,0.9
0.0007090687448307603,0.5889934080018958,0.5826186299898957,1.0,1.0,0.0,1.0,0.977,0.0054,0.9
0.0008114099852827234,0.6014145129934693,0.5828745890582274,1.0,1.0,0.0,1.0,0.977,0.0054,0.9
0.0006385120588129555,0.5915771686503021,0.5826693188549472,1.0,1.0,0.0,1.0,0.977,0.0054,0.9
8.505254592903856e-5,0.6119950801220947,0.5832779096817482,1.0,1.0,0.0,1.0,0.977,0.0054,0.9
0.0007889372292291966,0.616886587530113,0.5836090233705735,1.0,1.0,0.0,1.0,0.977,0.0054,0.9
0.0008839307548112173,0.6445088677529586,0.584319019162632,1.0,1.0,0.0,1.0,0.977,0.0054,0.9
0.00039031853280358696,0.6103831244172516,0.5833687325009365,1.0,1.0,0.0,1.0,0.977,0.0054,0.9
0.00031415700705368345,0.6166988655955473,0.5833639625338242,1.0,1.0,0.0,1.0,0.977,0.0054,0.9
0.0006250240347916628,0.6422237617559096,0.5841903454109665,1.0,1.0,0.0,1.0,0.977,0.0054,0.9
0.0004695534083609511,0.6321521450114149,0.5839876966537103,1.0,1.0,0.0,1.0,0.977,0.0054,0.9
0.0009263597966301942,0.5982609276987892,0.5827775437256987,1.0,1.0,0.0,1.0,0.977,0.0054,0.9
0.0009856589321067199,0.5904918721091624,0.5825732556150961,1.0,1.0,0.0,1.0,0.977,0.0054,0.9
5.93392876236151e-5,0.6175598726447484,0.583441387412081,1.0,1.0,0.0,1.0,0.977,0.0054,0.9
0.0007462695976828661,0.6391259138629309,0.5841900872863283,1.0,1.0,0.0,1.0,0.977,0.0054,0.9
0.0004561368677134406,0.5959829581243585,0.5828792739647114,1.0,1.0,0.0,1.0,0.977,0.0054,0.9
0.0007774112254971634,0.5884959291919205,0.5825771045314048,1.0,1.0,0.0,1.0,0.977,0.0054,0.9
0.00045568933495376113,0.6025745663479973,0.5829527471352441,1.0,1.0,0.0,1.0,0.977,0.0054,0.9
0.0007226872586473927,0.5975066063564394,0.5829919811136548,1.0,1.0,0.0,1.0,0.977,0.0054,0.9
0.00013287758648068741,0.6291130850297193,0.5838213362359055,1.0,1.0,0.0,1.0,0.977,0.0054,0.9
8.546466078509048e-6,0.6199800558373165,0.5835441926635523,1.0,1.0,0.0,1.0,0.977,0.0054,0.9
0.00024097414140265068,0.6123446486177605,0.5834059279244503,1.0,1.0,0.0,1.0,0.977,0.0054,0.9
0.0009556464530628788,0.5847172328408051,0.5824685049729837,1.0,1.0,0.0,1.0,0.977,0.0054,0.9
0.0004677990103407997,0.5990891912138867,0.5828648422589175,1.0,1.0,0.0,1.0,0.977,0.0054,0.9
0.0006937722187827104,0.5893197460527965,0.5826283390893795,1.0,1.0,0.0,1.0,0.977,0.0054,0.9
0.0008534932626798894,0.6056678078187909,0.5832753475677256,1.0,1.0,0.0,1.0,0.977,0.0054,0.9
0.000802443797949188,0.5875686267400415,0.5826181264858923,1.0,1.0,0.0,1.0,0.977,0.0054,0.9
0.0003460653966555573,0.6025810672384143,0.5831040213833585,1.0,1.0,0.0,1.0,0.977,0.0054,0.9
0.00014555369982297174,0.6239993973667934,0.5837224451970531,1.0,1.0,0.0,1.0,0.977,0.0054,0.9
0.0006302461164585469,0.6420769737841523,0.5842109873176977,1.0,1.0,0.0,1.0,0.977,0.0054,0.9
0.0007701773557897822,0.6420284649325548,0.5842528957063806,1.0,1.0,0.0,1.0,0.977,0.0054,0.9
0.0008146090041471691,0.5873562152777976,0.5825507719457753,1.0,1.0,0.0,1.0,0.977,0.0054,0.9
0.0009877768512759335,0.5864521246976055,0.5824843338399397,1.0,1.0,0.0,1.0,0.977,0.0054,0.9
0.0002149712863731485,0.6100850244920433,0.5833295844606762,1.0,1.0,0.0,1.0,0.977,0.0054,0.9
0.00013284528295662423,0.6100502747008372,0.5832124282915254,1.0,1.0,0.0,1.0,0.977,0.0054,0.9
0.000981488997522217,0.5901609959607582,0.582767325956271,1.0,1.0,0.0,1.0,0.977,0.0054,0.9
0.0004133236061551766,0.6210683069919851,0.5836881894438031,1.0,1.0,0.0,1.0,0.977,0.0054,0.9
0.00028120490697679994,0.6181693310730749,0.5835868617209142,1.0,1.0,0.0,1.0,0.977,0.0054,0.9
0.00025405011664977065,0.6010531824941037,0.5829744179783223,1.0,1.0,0.0,1.0,0.977,0.0054,0.9
1.0349845954635075,0.0,0.5708997625391303,1.0,1.0,0.0,1.0,0.977,0.0054,0.9
0.0008156852929842342,0.5881779481727244,0.5826537662329673,1.0,1.0,0.0,1.0,0.977,0.0054,0.9
0.0004557440729601785,0.6095547035949023,0.5831402297915877,1.0,1.0,0.0,1.0,0.977,0.0054,0.9
8.628707430987083e-5,0.6234149783297835,0.5836900282433151,1.0,1.0,0.0,1.0,0.977,0.0054,0.9
0.0008257172282776705,0.5910273350192903,0.5827736346151174,1.0,1.0,0.0,1.0,0.977,0.0054,0.9
0.0007151085322988507,0.6078937269886762,0.583063372299388,1.0,1.0,0.0,1.0,0.977,0.0054,0.9
0.0006722782891503922,0.5925769292393183,0.582801777774627,1.0,1.0,0.0,1.0,0.977,0.0054,0.9
1.0349215455210823,0.0,0.5709073180979829,1.0,1.0,0.0,1.0,0.977,0.0054,0.9
0.0007356650001810698,0.6171252429075651,0.5833277511317374,1.0,1.0,0.0,1.0,0.977,0.0054,0.9
0.0004137183430895097,0.5977554648780238,0.5828499025337625,1.0,1.0,0.0,1.0,0.977,0.0054,0.9
0.0006335585173492289,0.639413398946995,0.5841763998056271,1.0,1.0,0.0,1.0,0.977,0.0054,0.9
0.0004101376203036553,0.616401089550973,0.5835535553062303,1.0,1.0,0.0,1.0,0.977,0.0054,0.9
1.0349184443400774,0.0,0.5709077107327716,1.0,1.0,0.0,1.0,0.977,0.0054,0.9
0.0002223898471983184,0.6316083440307534,0.5839163296570975,1.0,1.0,0.0,1.0,0.977,0.0054,0.9
0.0005770564044283785,0.6143011127230589,0.5835113318008711,1.0,1.0,0.0,1.0,0.977,0.0054,0.9
0.00011994735373955002,0.6213515802355294,0.5836457361063256,1.0,1.0,0.0,1.0,0.977,0.0054,0.9
0.0007693638970184529,0.6421839202167695,0.5841352222372995,1.0,1.0,0.0,1.0,0.977,0.0054,0.9
0.0006252045023091146,0.5935601831628636,0.5828296755676012,1.0,1.0,0.0,1.0,0.977,0.0054,0.9
0.0009477276312871797,0.6401639228813415,0.5840349807730021,1.0,1.0,0.0,1.0,0.977,0.0054,0.9
0.0008765725038653372,0.6415247116197477,0.5840923697756737,1.0,1.0,0.0,1.0,0.977,0.0054,0.9
3.586989878369645e-5,0.6143764261773887,0.5833607288468281,1.0,1.0,0.0,1.0,0.977,0.0054,0.9
1.0349166294563577,0.0,0.5709079428341854,1.0,1.0,0.0,1.0,0.977,0.0054,0.9
0.00034659219502258993,0.6067492426831252,0.5832458442842601,1.0,1.0,0.0,1.0,0.977,0.0054,0.9
0.0005392000813411212,0.6095344915551391,0.5831291636294775,1.0,1.0,0.0,1.0,0.977,0.0054,0.9
0.0005098944552328743,0.5933871624568152,0.5827605311028712,1.0,1.0,0.0,1.0,0.977,0.0054,0.9
0.0009481787033691899,0.6430922727584893,0.5841391362169093,1.0,1.0,0.0,1.0,0.977,0.0054,0.9
0.0007537442058485967,0.5893899596894948,0.582688976944916,1.0,1.0,0.0,1.0,0.977,0.0054,0.9
0.0006156049218543932,0.6151549035716933,0.583540883937338,1.0,1.0,0.0,1.0,0.977,0.0054,0.9
0.000838707976113849,0.6398983179875953,0.5842203224943459,1.0,1.0,0.0,1.0,0.977,0.0054,0.9
0.0006071100043950077,0.5911355120243902,0.5826889648445386,1.0,1.0,0.0,1.0,0.977,0.0054,0.9
0.0009822226137341564,0.6358555719267462,0.5841412315290827,1.0,1.0,0.0,1.0,0.977,0.0054,0.9
3.3003704518987713e-5,0.6137020306586083,0.5833915752382022,1.0,1.0,0.0,1.0,0.977,0.0054,0.9
0.0001998102891807119,0.6178286983365,0.5834158961748293,1.0,1.0,0.0,1.0,0.977,0.0054,0.9
6.6534191397037545e-6,0.6197750256870411,0.5835529065320819,1.0,1.0,0.0,1.0,0.977,0.0054,0.9
0.0007699953143357224,0.6366941937565483,0.5841380134297234,1.0,1.0,0.0,1.0,0.977,0.0054,0.9
0.0005569340632296936,0.6128581649446396,0.5834657820387793,1.0,1.0,0.0,1.0,0.977,0.0054,0.9
0.0004932086466066318,0.5974197091467088,0.5829482243833759,1.0,1.0,0.0,1.0,0.977,0.0054,0.9
0.0005413664770015767,0.5965718036014384,0.5827916882976077,1.0,1.0,0.0,1.0,0.977,0.0054,0.9
0.000522218040161219,0.6378493899552453,0.5840196651298745,1.0,1.0,0.0,1.0,0.977,0.0054,0.9
0.0006957009915135417,0.6340037323557877,0.5840640358840004,1.0,1.0,0.0,1.0,0.977,0.0054,0.9
1.872971620885952e-5,0.6167344578045795,0.5834349956853532,1.0,1.0,0.0,1.0,0.977,0.0054,0.9
0.00015780555424745087,0.6161131656323802,0.5835045240957434,1.0,1.0,0.0,1.0,0.977,0.0054,0.9
0.0005031244614456612,0.6116794839438958,0.5834236278445932,1.0,1.0,0.0,1.0,0.977,0.0054,0.9
0.0007027320427455109,0.642979018278691,0.5841872372432124,1.0,1.0,0.0,1.0,0.977,0.0054,0.9
0.0009957609900512175,0.5833898478588794,0.5824704869356768,1.0,1.0,0.0,1.0,0.977,0.0054,0.9
0.00039013281808233615,0.6298091562240333,0.5837599726014674,1.0,1.0,0.0,1.0,0.977,0.0054,0.9
0.0004226984741703344,0.5983193496594352,0.582858444299569,1.0,1.0,0.0,1.0,0.977,0.0054,0.9
0.0003575428077346766,0.6050622570531846,0.5830337574395654,1.0,1.0,0.0,1.0,0.977,0.0054,0.9
0.0003529098231535421,0.6183099839783607,0.5834060537213197,1.0,1.0,0.0,1.0,0.977,0.0054,0.9
0.0008376719920948208,0.6105922845174188,0.5831279023038134,1.0,1.0,0.0,1.0,0.977,0.0054,0.9
0.0009344040722680795,0.6086565782061166,0.5830637367754217,1.0,1.0,0.0,1.0,0.977,0.0054,0.9
0.00047032442499215593,0.5997850608543374,0.5828808137512212,1.0,1.0,0.0,1.0,0.977,0.0054,0.9
0.00013976569194878164,0.6287382744128267,0.5837874146793984,1.0,1.0,0.0,1.0,0.977,0.0054,0.9
1.0349712796375385,0.0,0.5709013264235718,1.0,1.0,0.0,1.0,0.977,0.0054,0.9
0.00043027367224915105,0.59575278544471,0.5828148802904616,1.0,1.0,0.0,1.0,0.977,0.0054,0.9
0.0007959013524362257,0.5884769514804973,0.58266102489136,1.0,1.0,0.0,1.0,0.977,0.0054,0.9
7.377929282105214e-5,0.6236245462858199,0.5836274573096916,1.0,1.0,0.0,1.0,0.977,0.0054,0.9
0.0008999420237922989,0.646726559705522,0.5843450803445218,1.0,1.0,0.0,1.0,0.977,0.0054,0.9
0.00083894198890303,0.6130235243081422,0.5831979484718601,1.0,1.0,0.0,1.0,0.977,0.0054,0.9
0.0009163227835824811,0.6067859833676519,0.5830123677412608,1.0,1.0,0.0,1.0,0.977,0.0054,0.9
0.000509600478914466,0.6106816896403486,0.583165061329368,1.0,1.0,0.0,1.0,0.977,0.0054,0.9
0.0002731195793239798,0.6087917570159951,0.5832992476329704,1.0,1.0,0.0,1.0,0.977,0.0054,0.9
0.0007148798010013682,0.6238442788217158,0.5837995432808503,1.0,1.0,0.0,1.0,0.977,0.0054,0.9
0.0005561466774597693,0.5922865962959158,0.5827261957284924,1.0,1.0,0.0,1.0,0.977,0.0054,0.9
0.0007159866498512519,0.6208360369988337,0.5837155074520117,1.0,1.0,0.0,1.0,0.977,0.0054,0.9
0.0006936604762818485,0.5971474674960038,0.5827783341748605,1.0,1.0,0.0,1.0,0.977,0.0054,0.9
0.0005690393030880879,0.6403760371560087,0.5841741486400494,1.0,1.0,0.0,1.0,0.977,0.0054,0.9
0.0008113894006101766,0.588485459738201,0.5825653368281811,1.0,1.0,0.0,1.0,0.977,0.0054,0.9
0.0009389760487133713,0.6161287605070929,0.5836003739466027,1.0,1.0,0.0,1.0,0.977,0.0054,0.9
0.000503295152514207,0.5984079200523424,0.5829871402734126,1.0,1.0,0.0,1.0,0.977,0.0054,0.9
0.0007832269737832894,0.6144288711749355,0.5835362439092222,1.0,1.0,0.0,1.0,0.977,0.0054,0.9
0.00035528967129366427,0.6300294456037373,0.5839171173618884,1.0,1.0,0.0,1.0,0.977,0.0054,0.9
0.00018805540370257632,0.6197612073467547,0.5836163727487307,1.0,1.0,0.0,1.0,0.977,0.0054,0.9
0.0008192891254474702,0.5979225506812236,0.5827811165075841,1.0,1.0,0.0,1.0,0.977,0.0054,0.9
3.6015733969695514e-5,0.6113176642107069,0.5833034051266537,1.0,1.0,0.0,1.0,0.977,0.0054,0.9
0.0006447400846768469,0.5902651846158519,0.582668687316656,1.0,1.0,0.0,1.0,0.977,0.0054,0.9
0.0009400774347414835,0.6076182169900162,0.5830337167908564,1.0,1.0,0.0,1.0,0.977,0.0054,0.9
0.008630069753182822,0.507091101007255,0.5800335205894946,1.0,1.0,0.0,1.0,0.977,0.0054,0.9
0.0007330212727066496,0.5884030221238032,0.5826181173957876,1.0,1.0,0.0,1.0,0.977,0.0054,0.9
2.6590630312643453e-5,0.6121059838648744,0.5833215677532841,1.0,1.0,0.0,1.0,0.977,0.0054,0.9
2.0775939216417788e-5,0.6127312324432665,0.5833397880623835,1.0,1.0,0.0,1.0,0.977,0.0054,0.9
1.561769706152536e-6,0.6162580960468191,0.583445684487038,1.0,1.0,0.0,1.0,0.977,0.0054,0.9
9.337256675239616e-6,0.620583007456343,0.5835712641282689,1.0,1.0,0.0,1.0,0.977,0.0054,0.9
1.5700102241654048e-6,0.6181728347817905,0.5835049207736971,1.0,1.0,0.0,1.0,0.977,0.0054,0.9
9.009610035900574e-8,0.6171808879204281,0.5834710779806993,1.0,1.0,0.0,1.0,0.977,0.0054,0.9
0.002441299631637115,0.5625472172302217,0.5818196826938186,1.0,1.0,0.0,1.0,0.977,0.0054,0.9
0.004261216975728127,0.5431162182427188,0.5812078308239926,1.0,1.0,0.0,1.0,0.977,0.0054,0.9
5.2796369340778014e-5,0.6248421291686177,0.5836916336874113,1.0,1.0,0.0,1.0,0.977,0.0054,0.9
1.158912156426524e-5,0.6209476574490371,0.5835806185546784,1.0,1.0,0.0,1.0,0.977,0.0054,0.9
2.7415693957118255e-6,0.6187054211673428,0.5835092259579298,1.0,1.0,0.0,1.0,0.977,0.0054,0.9
6.549278084873374e-5,0.6256436261298021,0.5837222595135224,1.0,1.0,0.0,1.0,0.977,0.0054,0.9
0.005061666702295791,0.5357090972001672,0.5809753270050855,1.0,1.0,0.0,1.0,0.977,0.0054,0.9
2.209857345586702e-5,0.6125822630117341,0.5833355119238396,1.0,1.0,0.0,1.0,0.977,0.0054,0.9
9.10591006114193e-6,0.6205522014296663,0.5835687381539334,1.0,1.0,0.0,1.0,0.977,0.0054,0.9
7.062235508203723e-6,0.6201783483374903,0.5835572145705913,1.0,1.0,0.0,1.0,0.977,0.0054,0.9
0.003255538116683733,0.554545706922557,0.5816329725649786,1.0,1.0,0.0,1.0,0.977,0.0054,0.9
3.3477284531447313e-7,0.6180544145144814,0.5834959397969256,1.0,1.0,0.0,1.0,0.977,0.0054,0.9
8.134166937297894e-6,0.6190227322293537,0.5835118511735372,1.0,1.0,0.0,1.0,0.977,0.0054,0.9
3.730383440317103e-5,0.6236923331775438,0.5836607791782676,1.0,1.0,0.0,1.0,0.977,0.0054,0.9
9.638177187884302e-6,0.6181784269979631,0.5835154097654969,1.0,1.0,0.0,1.0,0.977,0.0054,0.9
0.0012124548794309057,0.5796330620468466,0.5823420133185393,1.0,1.0,0.0,1.0,0.977,0.0054,0.9
9.391181993371245e-6,0.6195822935974078,0.5835525217817249,1.0,1.0,0.0,1.0,0.977,0.0054,0.9
0.0008073163826218605,0.5868874223586794,0.5825684394312008,1.0,1.0,0.0,1.0,0.977,0.0054,0.9
0.01877323958013658,0.44356317821129826,0.5777632456175434,1.0,1.0,0.0,1.0,0.977,0.0054,0.9
0.02072808746161104,0.4328611795778351,0.5773704656238448,1.0,1.0,0.0,1.0,0.977,0.0054,0.9
1.398774865300267e-6,0.6185414537225493,0.5835130972776075,1.0,1.0,0.0,1.0,0.977,0.0054,0.9
0.0011033292099817277,0.5814534670964302,0.5824023096790641,1.0,1.0,0.0,1.0,0.977,0.0054,0.9
4.1398465596571604e-5,0.6109100958314344,0.5832928092647675,1.0,1.0,0.0,1.0,0.977,0.0054,0.9
2.4859035763725887e-5,0.6225545002965011,0.5836283157712393,1.0,1.0,0.0,1.0,0.977,0.0054,0.9
0.0008261958668851891,0.5865332023741883,0.5825514120227921,1.0,1.0,0.0,1.0,0.977,0.0054,0.9
2.606086438985477e-5,0.6204045994773615,0.5835867255088906,1.0,1.0,0.0,1.0,0.977,0.0054,0.9
5.994535111671819e-5,0.6093918056765337,0.583242100549225,1.0,1.0,0.0,1.0,0.977,0.0054,0.9
0.0020482118086353335,0.5675127409177579,0.5819826512177432,1.0,1.0,0.0,1.0,0.977,0.0054,0.9
0.014122235933777089,0.4706264777236495,0.578757822085775,1.0,1.0,0.0,1.0,0.977,0.0054,0.9
4.444990417913955e-7,0.6181300533953741,0.5834975053416103,1.0,1.0,0.0,1.0,0.977,0.0054,0.9
3.1390164358972943e-7,0.6177499465133306,0.5834845639408403,1.0,1.0,0.0,1.0,0.977,0.0054,0.9
2.7765709568727445e-6,0.6185329444779946,0.5835032822646075,1.0,1.0,0.0,1.0,0.977,0.0054,0.9
1.314488696687366e-5,0.613723924547297,0.5833707561408777,1.0,1.0,0.0,1.0,0.977,0.0054,0.9
0.00025437892920567284,0.6006306790805775,0.5829781700960078,1.0,1.0,0.0,1.0,0.977,0.0054,0.9
4.069981042844811e-6,0.6187423752692598,0.5835079324805067,1.0,1.0,0.0,1.0,0.977,0.0054,0.9
5.0776293945364785e-6,0.619758553200255,0.5835472091509764,1.0,1.0,0.0,1.0,0.977,0.0054,0.9
0.0007821769951229253,0.5873871642837055,0.5825825394472676,1.0,1.0,0.0,1.0,0.977,0.0054,0.9
4.147833307488784e-6,0.6189780386711736,0.5835303668413027,1.0,1.0,0.0,1.0,0.977,0.0054,0.9
0.006744348071816607,0.5214800371720868,0.580501906510408,1.0,1.0,0.0,1.0,0.977,0.0054,0.9
9.2102335759035e-6,0.6205135006334961,0.5835710326373998,1.0,1.0,0.0,1.0,0.977,0.0054,0.9
3.706202071642159e-5,0.6116796464450028,0.5832954733697695,1.0,1.0,0.0,1.0,0.977,0.0054,0.9
0.00020502162278337066,0.6289411350441411,0.5838580374558627,1.0,1.0,0.0,1.0,0.977,0.0054,0.9
2.7819800541095053e-6,0.6161019596875991,0.5834333495065541,1.0,1.0,0.0,1.0,0.977,0.0054,0.9
8.214532353214004e-5,0.6079932456697051,0.5831989456714053,1.0,1.0,0.0,1.0,0.977,0.0054,0.9
0.006905126563964395,0.5201964922646938,0.5804609723978974,1.0,1.0,0.0,1.0,0.977,0.0054,0.9
0.004147570137609632,0.544212860891165,0.5812422245304744,1.0,1.0,0.0,1.0,0.977,0.0054,0.9
3.9276432963508483e-7,0.6174884524334688,0.5834761511549738,1.0,1.0,0.0,1.0,0.977,0.0054,0.9
1.3881450737700497e-8,0.6174366355603743,0.583478500337473,1.0,1.0,0.0,1.0,0.977,0.0054,0.9
6.489764667867305e-6,0.6198176411863912,0.5835419517814203,1.0,1.0,0.0,1.0,0.977,0.0054,0.9
0.0003690473743943367,0.6366781677693801,0.5840373740585676,1.0,1.0,0.0,1.0,0.977,0.0054,0.9
4.690599121099453e-6,0.6196501401401107,0.5835408377929115,1.0,1.0,0.0,1.0,0.977,0.0054,0.9
3.5701711932460905e-7,0.6168509477545446,0.5834612084190871,1.0,1.0,0.0,1.0,0.977,0.0054,0.9
0.00048456710553884344,0.6393885173096114,0.5841149360186004,1.0,1.0,0.0,1.0,0.977,0.0054,0.9
5.873568966492286e-6,0.6199455896196908,0.5835510841323767,1.0,1.0,0.0,1.0,0.977,0.0054,0.9
0.00028144632333131493,0.5997280330684839,0.5829534123663859,1.0,1.0,0.0,1.0,0.977,0.0054,0.9
0.05015164109509726,0.2989921559528239,0.571289674747895,1.0,1.0,0.0,1.0,0.977,0.0054,0.9
6.659497900944896e-6,0.61780190317313,0.5835019531679302,1.0,1.0,0.0,1.0,0.977,0.0054,0.9
0.020725820862138165,0.4391989850871116,0.5773558819054905,1.0,1.0,0.0,1.0,0.977,0.0054,0.9
0.000694405646727066,0.6435391286913105,0.5842344264114613,1.0,1.0,0.0,1.0,0.977,0.0054,0.9
1.8763809210656936e-7,0.6170734324962236,0.5834683791246056,1.0,1.0,0.0,1.0,0.977,0.0054,0.9
1.988768370271581e-6,0.6178846656160333,0.5834840113142301,1.0,1.0,0.0,1.0,0.977,0.0054,0.9
3.6266586487432256e-5,0.6112067292280098,0.5832962191362306,1.0,1.0,0.0,1.0,0.977,0.0054,0.9
5.2280787465835826e-6,0.6194564519614401,0.5835308439417035,1.0,1.0,0.0,1.0,0.977,0.0054,0.9
6.861030762778102e-7,0.6170269817006374,0.5834696068910735,1.0,1.0,0.0,1.0,0.977,0.0054,0.9
1.803717053612206e-7,0.6177313790853594,0.5834882740390316,1.0,1.0,0.0,1.0,0.977,0.0054,0.9
3.4927910899921985e-5,0.6233387759146548,0.5836573912659486,1.0,1.0,0.0,1.0,0.977,0.0054,0.9
0.00010458595966554206,0.6067583786084715,0.5831628391977108,1.0,1.0,0.0,1.0,0.977,0.0054,0.9
0.005730346057857176,0.530255775489329,0.5807493861592954,1.0,1.0,0.0,1.0,0.977,0.0054,0.9
7.716204958159198e-6,0.6150245379047445,0.5834147778329825,1.0,1.0,0.0,1.0,0.977,0.0054,0.9
1.4116993242387477e-6,0.6186794731399137,0.5835140437962525,1.0,1.0,0.0,1.0,0.977,0.0054,0.9
0.00011645728889301296,0.6061578054725804,0.5831454905067164,1.0,1.0,0.0,1.0,0.977,0.0054,0.9
0.021033856142805674,0.4312511338225942,0.5773268505187916,1.0,1.0,0.0,1.0,0.977,0.0054,0.9
0.00036492955637475286,0.6365737700372147,0.5840338622002199,1.0,1.0,0.0,1.0,0.977,0.0054,0.9
3.6503536924542777e-6,0.6155225625033645,0.5834197586392814,1.0,1.0,0.0,1.0,0.977,0.0054,0.9
0.0006466204982375299,0.5902238888409488,0.5826675478126377,1.0,1.0,0.0,1.0,0.977,0.0054,0.9
4.947419016764285e-6,0.6194464261420068,0.5835424943739217,1.0,1.0,0.0,1.0,0.977,0.0054,0.9
8.9830062637467e-6,0.620448442058356,0.5835697317878907,1.0,1.0,0.0,1.0,0.977,0.0054,0.9
2.4807093576553513e-6,0.6182474582124601,0.5834945081142694,1.0,1.0,0.0,1.0,0.977,0.0054,0.9
0.001133131206209715,0.5809457809973134,0.5823876785740854,1.0,1.0,0.0,1.0,0.977,0.0054,0.9
3.5365220003836946e-6,0.6178518728055498,0.5834996748906557,1.0,1.0,0.0,1.0,0.977,0.0054,0.9
0.00010906521036474381,0.6080663454050359,0.5831734947258905,1.0,1.0,0.0,1.0,0.977,0.0054,0.9
0.0022618906809431195,0.5656418931869072,0.5818671575848575,1.0,1.0,0.0,1.0,0.977,0.0054,0.9
7.031819876486181e-6,0.620126559161472,0.583559410687074,1.0,1.0,0.0,1.0,0.977,0.0054,0.9
3.249990952320838e-6,0.6192097196306152,0.5835329251887313,1.0,1.0,0.0,1.0,0.977,0.0054,0.9
0.0004384550220106865,0.5951861253580808,0.5828177177302639,1.0,1.0,0.0,1.0,0.977,0.0054,0.9
6.891711854375917e-6,0.6158036292344471,0.5834408376396683,1.0,1.0,0.0,1.0,0.977,0.0054,0.9
7.396295659102687e-7,0.6182421882687031,0.5834994325974955,1.0,1.0,0.0,1.0,0.977,0.0054,0.9
1.4224384271987701e-6,0.6186524514822996,0.5835121101513763,1.0,1.0,0.0,1.0,0.977,0.0054,0.9
7.835531683197354e-6,0.6203126981615489,0.5835637539706534,1.0,1.0,0.0,1.0,0.977,0.0054,0.9
5.110249892454053e-7,0.6181863916096062,0.5834993249100854,1.0,1.0,0.0,1.0,0.977,0.0054,0.9
9.372652978282015e-7,0.6182761424828803,0.58349963028201,1.0,1.0,0.0,1.0,0.977,0.0054,0.9
0.004282557461407939,0.6778339592031721,0.5851533713248475,1.0,1.0,0.0,1.0,0.977,0.0054,0.9
0.00022495038053914725,0.6016580880732181,0.5830138051724875,1.0,1.0,0.0,1.0,0.977,0.0054,0.9
6.242266189487071e-7,0.6167120384740423,0.5834582800322803,1.0,1.0,0.0,1.0,0.977,0.0054,0.9
0.00115838878567185,0.5805211645301223,0.5823720611276559,1.0,1.0,0.0,1.0,0.977,0.0054,0.9
2.6287037964722675e-5,0.6121439119217557,0.5833236816573479,1.0,1.0,0.0,1.0,0.977,0.0054,0.9
2.980722631431119e-5,0.6230356953236421,0.5836412298755121,1.0,1.0,0.0,1.0,0.977,0.0054,0.9
2.5369035056698024e-6,0.6190452397230869,0.5835270929392917,1.0,1.0,0.0,1.0,0.977,0.0054,0.9
4.779182937179328e-7,0.6172465758731986,0.5834688773260158,1.0,1.0,0.0,1.0,0.977,0.0054,0.9
1.84296281198059e-5,0.6133644474475292,0.5833670302988017,1.0,1.0,0.0,1.0,0.977,0.0054,0.9
3.369208944531968e-5,0.6233856568252604,0.5836519012621205,1.0,1.0,0.0,1.0,0.977,0.0054,0.9
2.081306615400633e-6,0.6171766373040215,0.583477662398396,1.0,1.0,0.0,1.0,0.977,0.0054,0.9
6.723533641862533e-6,0.6147839633149395,0.5833990306666349,1.0,1.0,0.0,1.0,0.977,0.0054,0.9
0.0036825436359906013,0.5488369250029049,0.5813911829477937,1.0,1.0,0.0,1.0,0.977,0.0054,0.9
1.7880704032619433e-7,0.6178337978079627,0.5834884228941845,1.0,1.0,0.0,1.0,0.977,0.0054,0.9
4.450093351582435e-7,0.6181330557097087,0.5834976579336979,1.0,1.0,0.0,1.0,0.977,0.0054,0.9
2.0661317241809e-5,0.6221077671477766,0.5836140527161517,1.0,1.0,0.0,1.0,0.977,0.0054,0.9
4.490613546338174e-6,0.6183695348990427,0.5834952293123832,1.0,1.0,0.0,1.0,0.977,0.0054,0.9
3.40191121631567e-6,0.6167672047620787,0.5834492792869149,1.0,1.0,0.0,1.0,0.977,0.0054,0.9
4.841212744311348e-6,0.6195931932636531,0.5835448434644313,1.0,1.0,0.0,1.0,0.977,0.0054,0.9
7.11244182156895e-5,0.6086588931405807,0.5832193422727618,1.0,1.0,0.0,1.0,0.977,0.0054,0.9
9.77438799144054e-6,0.6143673624606497,0.5833925562302082,1.0,1.0,0.0,1.0,0.977,0.0054,0.9
2.3599418334309565e-6,0.6189061548195194,0.5835177764972979,1.0,1.0,0.0,1.0,0.977,0.0054,0.9
6.791154857485887e-6,0.6148629518245099,0.583398636081307,1.0,1.0,0.0,1.0,0.977,0.0054,0.9
0.0006995294156985701,0.589102459122146,0.5826296513704059,1.0,1.0,0.0,1.0,0.977,0.0054,0.9
8.690118552074846e-6,0.6149494223564534,0.5833960727198261,1.0,1.0,0.0,1.0,0.977,0.0054,0.9
1.564493648550591e-6,0.6165131031227632,0.5834552381239926,1.0,1.0,0.0,1.0,0.977,0.0054,0.9
0.017289326723961915,0.45191798197450134,0.5780773916939335,1.0,1.0,0.0,1.0,0.977,0.0054,0.9
0.00031223166280278477,0.6351358350567085,0.5839988935864648,1.0,1.0,0.0,1.0,0.977,0.0054,0.9
0.00029815091239907395,0.6347847353368773,0.5839827207352538,1.0,1.0,0.0,1.0,0.977,0.0054,0.9
0.000168141804264362,0.6305474713742465,0.5838623421909858,1.0,1.0,0.0,1.0,0.977,0.0054,0.9
3.467923566171312e-8,0.6176291525349801,0.5834830943812321,1.0,1.0,0.0,1.0,0.977,0.0054,0.9
0.00014265850671577274,0.6049286898318025,0.5831088991223775,1.0,1.0,0.0,1.0,0.977,0.0054,0.9
5.0137190584222196e-5,0.624673037091342,0.5836886302398133,1.0,1.0,0.0,1.0,0.977,0.0054,0.9
9.149579831938827e-6,0.6183439720013474,0.5834894095295056,1.0,1.0,0.0,1.0,0.977,0.0054,0.9
5.4613653845237576e-5,0.624934730884346,0.5836925815902216,1.0,1.0,0.0,1.0,0.977,0.0054,0.9
1.5982137539550865e-5,0.6136098599801794,0.5833731822289542,1.0,1.0,0.0,1.0,0.977,0.0054,0.9
9.74530448561755e-6,0.6142288760003927,0.5833832602858258,1.0,1.0,0.0,1.0,0.977,0.0054,0.9
1.8542916191905548e-7,0.6177315870677806,0.5834847767983539,1.0,1.0,0.0,1.0,0.977,0.0054,0.9
7.404585883217699e-6,0.6146666264179791,0.5833947359525667,1.0,1.0,0.0,1.0,0.977,0.0054,0.9
3.8200544976193535e-6,0.6156099052013778,0.5834283672647655,1.0,1.0,0.0,1.0,0.977,0.0054,0.9
0.004170861937646408,0.6777973640743366,0.5852099950188417,1.0,1.0,0.0,1.0,0.977,0.0054,0.9
1.7584250087219147e-7,0.6170858323331616,0.5834687073103106,1.0,1.0,0.0,1.0,0.977,0.0054,0.9
9.340511133260939e-7,0.616495239637743,0.5834515586988581,1.0,1.0,0.0,1.0,0.977,0.0054,0.9
0.0011010857726644848,0.6498956859546482,0.5844261881376885,1.0,1.0,0.0,1.0,0.977,0.0054,0.9
4.885399272261063e-6,0.6152151504585566,0.5834148269070922,1.0,1.0,0.0,1.0,0.977,0.0054,0.9
5.811398135393385e-6,0.6149835985224369,0.583407316477721,1.0,1.0,0.0,1.0,0.977,0.0054,0.9
0.0001190065822490897,0.6285060283736787,0.5838025999955453,1.0,1.0,0.0,1.0,0.977,0.0054,0.9
6.434099165922093e-6,0.6196882104375164,0.5835370651327989,1.0,1.0,0.0,1.0,0.977,0.0054,0.9
1.3730909266468227e-6,0.6175833875119997,0.5834761240367516,1.0,1.0,0.0,1.0,0.977,0.0054,0.9
9.885542035308135e-6,0.6196757627666583,0.5835553793448677,1.0,1.0,0.0,1.0,0.977,0.0054,0.9
0.0014150087131731856,0.5764066741589728,0.5822486907053751,1.0,1.0,0.0,1.0,0.977,0.0054,0.9
4.401846572083755e-6,0.6192771722546505,0.5835259850087389,1.0,1.0,0.0,1.0,0.977,0.0054,0.9
0.043525548898369945,0.3261605702477589,0.5726341310284352,1.0,1.0,0.0,1.0,0.977,0.0054,0.9
5.58563850214539e-6,0.6161438064563284,0.5834295383687735,1.0,1.0,0.0,1.0,0.977,0.0054,0.9
5.071229170127002e-6,0.6190694603760414,0.5835341661455737,1.0,1.0,0.0,1.0,0.977,0.0054,0.9
5.5470688820994995e-6,0.6189990342583683,0.5835331441434782,1.0,1.0,0.0,1.0,0.977,0.0054,0.9
0.00044084037441182263,0.595168553055711,0.5828100013839541,1.0,1.0,0.0,1.0,0.977,0.0054,0.9
6.393249368266517e-6,0.6200298662009396,0.5835556485681548,1.0,1.0,0.0,1.0,0.977,0.0054,0.9
0.0004434291024089024,0.5950560833946278,0.5828139218396833,1.0,1.0,0.0,1.0,0.977,0.0054,0.9
0.00019273171794354828,0.602851258199627,0.5830466564739537,1.0,1.0,0.0,1.0,0.977,0.0054,0.9
6.648785760654227e-6,0.6148884707670584,0.5834066401520979,1.0,1.0,0.0,1.0,0.977,0.0054,0.9
2.446477260507972e-6,0.6184270489384629,0.5835004334148888,1.0,1.0,0.0,1.0,0.977,0.0054,0.9
1.541323559923499e-6,0.6163643550853828,0.5834497945391391,1.0,1.0,0.0,1.0,0.977,0.0054,0.9
6.372760702442061e-6,0.6198020568901296,0.5835416078941886,1.0,1.0,0.0,1.0,0.977,0.0054,0.9
0.0003766489500986798,0.63686916492002,0.5840430769918825,1.0,1.0,0.0,1.0,0.977,0.0054,0.9
3.843022690617511e-5,0.6110128689558851,0.58328846173016,1.0,1.0,0.0,1.0,0.977,0.0054,0.9
8.464473883852363e-6,0.6184280667423765,0.5835213004008432,1.0,1.0,0.0,1.0,0.977,0.0054,0.9
3.5295545291920657e-6,0.6155286155665011,0.5834208570784463,1.0,1.0,0.0,1.0,0.977,0.0054,0.9
1.8852028420209265e-6,0.6182413167990745,0.5835074472581374,1.0,1.0,0.0,1.0,0.977,0.0054,0.9
6.232764204720222e-6,0.619912160826496,0.5835466847589169,1.0,1.0,0.0,1.0,0.977,0.0054,0.9
5.640271104721151e-6,0.617797496683311,0.5835007446268845,1.0,1.0,0.0,1.0,0.977,0.0054,0.9
0.0007780268104080949,0.604119543274667,0.5832183158816222,1.0,1.0,0.0,1.0,0.977,0.0054,0.9
5.828610868250847e-7,0.6178176150749616,0.5834926120001116,1.0,1.0,0.0,1.0,0.977,0.0054,0.9
5.945741810042591e-6,0.6151519391358635,0.583405653476713,1.0,1.0,0.0,1.0,0.977,0.0054,0.9
9.516691851844615e-6,0.6161566373854939,0.5834256053895767,1.0,1.0,0.0,1.0,0.977,0.0054,0.9
9.239321281690948e-6,0.6205757408177941,0.5835698733629084,1.0,1.0,0.0,1.0,0.977,0.0054,0.9
4.760928751581475e-7,0.6170110426398584,0.5834682070248335,1.0,1.0,0.0,1.0,0.977,0.0054,0.9
1.3950855380694e-7,0.6177308550927677,0.5834851483707714,1.0,1.0,0.0,1.0,0.977,0.0054,0.9
9.409221542485446e-6,0.6142856067624752,0.5833857482968747,1.0,1.0,0.0,1.0,0.977,0.0054,0.9
9.803612059892288e-6,0.614938856798976,0.5834148408176137,1.0,1.0,0.0,1.0,0.977,0.0054,0.9
4.3325747031223364e-7,0.6177000978184676,0.5834824168336062,1.0,1.0,0.0,1.0,0.977,0.0054,0.9
9.498450976823806e-6,0.6201934001285783,0.5835506319423721,1.0,1.0,0.0,1.0,0.977,0.0054,0.9
5.574497941302542e-6,0.6179074235900645,0.5835038005550752,1.0,1.0,0.0,1.0,0.977,0.0054,0.9
7.358628822866449e-6,0.6152362693317955,0.58340461584784,1.0,1.0,0.0,1.0,0.977,0.0054,0.9
0.0006910201299128627,0.5892680243796392,0.5826380774771829,1.0,1.0,0.0,1.0,0.977,0.0054,0.9
6.343086000561219e-7,0.6167500671175186,0.5834598485346997,1.0,1.0,0.0,1.0,0.977,0.0054,0.9
0.00013242746775583915,0.6053943938088271,0.5831222823191299,1.0,1.0,0.0,1.0,0.977,0.0054,0.9
0.008351947388756536,0.5091296980658474,0.5800901249619246,1.0,1.0,0.0,1.0,0.977,0.0054,0.9
4.306732764154219e-5,0.6224887838239547,0.583648162954749,1.0,1.0,0.0,1.0,0.977,0.0054,0.9
5.654358286189934e-6,0.6191784101705216,0.5835201695031121,1.0,1.0,0.0,1.0,0.977,0.0054,0.9
0.001286471158599627,0.5784228645970557,0.582307705912073,1.0,1.0,0.0,1.0,0.977,0.0054,0.9
8.238729981303973e-5,0.6079783563979035,0.5831991057162966,1.0,1.0,0.0,1.0,0.977,0.0054,0.9
0.0011731639698413794,0.5802820524199853,0.5823708845323431,1.0,1.0,0.0,1.0,0.977,0.0054,0.9
6.903796081774081e-7,0.6181860904606402,0.5834975963335212,1.0,1.0,0.0,1.0,0.977,0.0054,0.9
0.0008609044954089317,0.5861285380398016,0.5825658603916388,1.0,1.0,0.0,1.0,0.977,0.0054,0.9
0.00014598387413236754,0.6296648881609433,0.5838373783427107,1.0,1.0,0.0,1.0,0.977,0.0054,0.9
2.972301795592161e-5,0.6117960734201542,0.5833119332838561,1.0,1.0,0.0,1.0,0.977,0.0054,0.9
8.83009867770224e-6,0.6145834196575564,0.5833885667318119,1.0,1.0,0.0,1.0,0.977,0.0054,0.9
2.3940984987804578e-6,0.6185709077743167,0.5835169130711033,1.0,1.0,0.0,1.0,0.977,0.0054,0.9
4.661435359613161e-5,0.6112587514468688,0.5832785535471144,1.0,1.0,0.0,1.0,0.977,0.0054,0.9
0.00038465450109580245,0.6370675892159691,0.5840492757973864,1.0,1.0,0.0,1.0,0.977,0.0054,0.9
4.056818557042118e-6,0.6173404471073433,0.5834855691316249,1.0,1.0,0.0,1.0,0.977,0.0054,0.9
3.369507934812878e-6,0.6185177164533984,0.583501684720757,1.0,1.0,0.0,1.0,0.977,0.0054,0.9
1.7218041174235832e-6,0.6174979118437303,0.5834728540285,1.0,1.0,0.0,1.0,0.977,0.0054,0.9
0.0020435148332307858,0.5675458996765539,0.5819728663796759,1.0,1.0,0.0,1.0,0.977,0.0054,0.9
7.816869357587974e-6,0.61456913482131,0.5833930591711103,1.0,1.0,0.0,1.0,0.977,0.0054,0.9
0.028387897342263053,0.39383094310358574,0.575808363918877,1.0,1.0,0.0,1.0,0.977,0.0054,0.9
0.0020869686239463094,0.5669877050970227,0.5819529162539814,1.0,1.0,0.0,1.0,0.977,0.0054,0.9
8.972553852803306e-6,0.6159923791829861,0.5834217057568594,1.0,1.0,0.0,1.0,0.977,0.0054,0.9
1.5344946643046667e-5,0.6214487424254855,0.5835974615421395,1.0,1.0,0.0,1.0,0.977,0.0054,0.9
0.011349407818409476,0.48823518953098416,0.579381216302874,1.0,1.0,0.0,1.0,0.977,0.0054,0.9
1.1205494052824552e-5,0.6206292575993467,0.583578050659686,1.0,1.0,0.0,1.0,0.977,0.0054,0.9
7.9771154406134e-6,0.6170176710963607,0.5834510336299483,1.0,1.0,0.0,1.0,0.977,0.0054,0.9
9.01295247413702e-6,0.6205257873654458,0.5835670197685093,1.0,1.0,0.0,1.0,0.977,0.0054,0.9
6.152156238576839e-6,0.6182789736714946,0.5835148310483659,1.0,1.0,0.0,1.0,0.977,0.0054,0.9
7.120942161583393e-6,0.620194104809766,0.5835580631725553,1.0,1.0,0.0,1.0,0.977,0.0054,0.9
9.934270404377802e-6,0.6206463139371244,0.5835692122252318,1.0,1.0,0.0,1.0,0.977,0.0054,0.9
6.551545606079039e-6,0.6195343531857318,0.5835475296156493,1.0,1.0,0.0,1.0,0.977,0.0054,0.9
3.992575365708171e-6,0.6154575450522861,0.5834223452896257,1.0,1.0,0.0,1.0,0.977,0.0054,0.9
5.5426247889044065e-6,0.6150269523258857,0.5834075914976399,1.0,1.0,0.0,1.0,0.977,0.0054,0.9
4.48856913610651e-6,0.615288840802547,0.5834133568718955,1.0,1.0,0.0,1.0,0.977,0.0054,0.9
7.134209223487202e-6,0.6146993954907898,0.5833968409592504,1.0,1.0,0.0,1.0,0.977,0.0054,0.9
0.0012036295919726036,0.6513611536298801,0.584454184581504,1.0,1.0,0.0,1.0,0.977,0.0054,0.9
5.6040782172348944e-6,0.6167273244986908,0.5834452865411529,1.0,1.0,0.0,1.0,0.977,0.0054,0.9
7.72523539756766e-6,0.6145980121468937,0.5833959527976975,1.0,1.0,0.0,1.0,0.977,0.0054,0.9
7.071303381820277e-6,0.6147458047946218,0.5833965745781409,1.0,1.0,0.0,1.0,0.977,0.0054,0.9
0.00041105430653997385,0.5959155783109634,0.5828390603203788,1.0,1.0,0.0,1.0,0.977,0.0054,0.9
0.00010474663396535923,0.6067506054267229,0.5831632935182036,1.0,1.0,0.0,1.0,0.977,0.0054,0.9
8.177506327529388e-6,0.6183799600983294,0.5835197006554028,1.0,1.0,0.0,1.0,0.977,0.0054,0.9
2.3469288515887515e-6,0.6184493855409415,0.5835137945711348,1.0,1.0,0.0,1.0,0.977,0.0054,0.9
8.255909811122615e-7,0.6167074706386986,0.5834536639043725,1.0,1.0,0.0,1.0,0.977,0.0054,0.9
9.72143465132438e-6,0.6142678529406592,0.5833823625857921,1.0,1.0,0.0,1.0,0.977,0.0054,0.9
8.820870449383232e-6,0.6205030842832217,0.5835682148698973,1.0,1.0,0.0,1.0,0.977,0.0054,0.9
7.016746222631417e-6,0.6154051779524257,0.5834274172152953,1.0,1.0,0.0,1.0,0.977,0.0054,0.9
3.1644399753911184e-5,0.6232028343318585,0.5836459106016629,1.0,1.0,0.0,1.0,0.977,0.0054,0.9
3.346260647912521e-5,0.6114477286988277,0.5833013260126357,1.0,1.0,0.0,1.0,0.977,0.0054,0.9
6.355698359152236e-7,0.6182169701855382,0.5834991902430329,1.0,1.0,0.0,1.0,0.977,0.0054,0.9
0.0002510831692220363,0.6037529286207629,0.5830254419297253,1.0,1.0,0.0,1.0,0.977,0.0054,0.9
5.2558850151887515e-6,0.6192083416584331,0.5835218470240728,1.0,1.0,0.0,1.0,0.977,0.0054,0.9
6.679712550863262e-6,0.6184380100481378,0.583519769756303,1.0,1.0,0.0,1.0,0.977,0.0054,0.9
9.143747985431732e-7,0.616932870709697,0.583458892620688,1.0,1.0,0.0,1.0,0.977,0.0054,0.9
5.517122932994338e-6,0.615542823909329,0.5834298363909194,1.0,1.0,0.0,1.0,0.977,0.0054,0.9
2.494012949339476e-6,0.6158537687796705,0.5834299746027046,1.0,1.0,0.0,1.0,0.977,0.0054,0.9
1.54242075126647e-6,0.6163503718078797,0.5834492693620978,1.0,1.0,0.0,1.0,0.977,0.0054,0.9
8.165037820711515e-6,0.6203831302667826,0.5835632075645488,1.0,1.0,0.0,1.0,0.977,0.0054,0.9
0.00047962109532149013,0.5941335090395844,0.582783897539416,1.0,1.0,0.0,1.0,0.977,0.0054,0.9
6.395495304757283e-6,0.6200524109845782,0.5835550111687294,1.0,1.0,0.0,1.0,0.977,0.0054,0.9
0.003375302590371118,0.552059723244423,0.5815019477072108,1.0,1.0,0.0,1.0,0.977,0.0054,0.9
7.239671928794353e-7,0.6177703025562957,0.5834835373965607,1.0,1.0,0.0,1.0,0.977,0.0054,0.9
0.003497429481989255,0.5507911422961,0.5814373485659003,1.0,1.0,0.0,1.0,0.977,0.0054,0.9
0.00240195527938453,0.5631398733129532,0.5818559806953268,1.0,1.0,0.0,1.0,0.977,0.0054,0.9
0.04322720120082725,0.3376792096510496,0.5728158447705591,1.0,1.0,0.0,1.0,0.977,0.0054,0.9
1.9563810541763595e-7,0.6174082395135435,0.5834793564012034,1.0,1.0,0.0,1.0,0.977,0.0054,0.9
7.578318086830168e-6,0.6200125119854011,0.5835472548670612,1.0,1.0,0.0,1.0,0.977,0.0054,0.9
0.00029695126353596583,0.6347507912162099,0.5839815871377662,1.0,1.0,0.0,1.0,0.977,0.0054,0.9
0.05508774906011304,0.27991535119832406,0.5701957676350881,1.0,1.0,0.0,1.0,0.977,0.0054,0.9
3.3803966736452646e-6,0.616572993866606,0.5834610473547904,1.0,1.0,0.0,1.0,0.977,0.0054,0.9
0.01037126091129715,0.49549240138304435,0.5797005864917231,1.0,1.0,0.0,1.0,0.977,0.0054,0.9
0.001756640073134268,0.6579058096080393,0.5846552065685523,1.0,1.0,0.0,1.0,0.977,0.0054,0.9
9.514613425563028e-6,0.6142714936179776,0.5833857900245802,1.0,1.0,0.0,1.0,0.977,0.0054,0.9
6.514563966510512e-5,0.6090423610637368,0.5832312025534911,1.0,1.0,0.0,1.0,0.977,0.0054,0.9
0.0023678175880261295,0.6640291426436926,0.5848126119884961,1.0,1.0,0.0,1.0,0.977,0.0054,0.9
7.725297128095966e-6,0.6202858275101093,0.5835632411678644,1.0,1.0,0.0,1.0,0.977,0.0054,0.9
0.0007773707898916567,0.587682738996382,0.5825740706551831,1.0,1.0,0.0,1.0,0.977,0.0054,0.9
0.00021611852277621664,0.6030613258787184,0.5830819743281598,1.0,1.0,0.0,1.0,0.977,0.0054,0.9
2.4779092202830644e-6,0.6184952595607285,0.583502640785842,1.0,1.0,0.0,1.0,0.977,0.0054,0.9
0.00036313739496101407,0.6365025858394204,0.5840270414382716,1.0,1.0,0.0,1.0,0.977,0.0054,0.9
9.930027377755534e-6,0.614212526331151,0.5833847543162464,1.0,1.0,0.0,1.0,0.977,0.0054,0.9
3.4237735858450585e-6,0.61799377613831,0.5835034910072037,1.0,1.0,0.0,1.0,0.977,0.0054,0.9
3.7968207497206247e-6,0.6190083398883232,0.5835303870895125,1.0,1.0,0.0,1.0,0.977,0.0054,0.9
9.633487154410453e-6,0.6144514568042335,0.5833959077829888,1.0,1.0,0.0,1.0,0.977,0.0054,0.9
2.4376835657308187e-6,0.6160576772581979,0.5834414506837721,1.0,1.0,0.0,1.0,0.977,0.0054,0.9
0.013993473008874824,0.47144335073899757,0.5788103446713168,1.0,1.0,0.0,1.0,0.977,0.0054,0.9
0.0028168586980620944,0.5583167284119551,0.5817105867305705,1.0,1.0,0.0,1.0,0.977,0.0054,0.9
1.1360356230872348e-6,0.6177626932523986,0.5834927996342872,1.0,1.0,0.0,1.0,0.977,0.0054,0.9
9.875393760934689e-6,0.6206807193946414,0.5835729836300875,1.0,1.0,0.0,1.0,0.977,0.0054,0.9
1.448884236247441e-6,0.617907158631826,0.5834858487957624,1.0,1.0,0.0,1.0,0.977,0.0054,0.9
2.969484649121091e-6,0.6170162705975655,0.5834568514376125,1.0,1.0,0.0,1.0,0.977,0.0054,0.9
3.570470212812426e-6,0.6155384050461257,0.583423923815927,1.0,1.0,0.0,1.0,0.977,0.0054,0.9
0.0006593495612365192,0.5899594322285774,0.5826646514704059,1.0,1.0,0.0,1.0,0.977,0.0054,0.9
5.4591798702668884e-6,0.619857031095085,0.583549018150117,1.0,1.0,0.0,1.0,0.977,0.0054,0.9
1.6100895532828266e-6,0.6184414044352351,0.5835117064835319,1.0,1.0,0.0,1.0,0.977,0.0054,0.9
6.381401548554595e-6,0.618924238299727,0.583532351566577,1.0,1.0,0.0,1.0,0.977,0.0054,0.9
1.6404278101059252e-6,0.61837201161309,0.5835101315073764,1.0,1.0,0.0,1.0,0.977,0.0054,0.9
7.545172515878457e-6,0.6170725499915666,0.583481425111872,1.0,1.0,0.0,1.0,0.977,0.0054,0.9
9.103901498863435e-7,0.6183959569348112,0.5835045437281792,1.0,1.0,0.0,1.0,0.977,0.0054,0.9
8.727073393594131e-6,0.6193125451221893,0.583520725784118,1.0,1.0,0.0,1.0,0.977,0.0054,0.9
6.339403390410173e-6,0.618866631133404,0.583508830611993,1.0,1.0,0.0,1.0,0.977,0.0054,0.9
0.018078355760863633,0.447438750736608,0.5779267686685294,1.0,1.0,0.0,1.0,0.977,0.0054,0.9
9.106323184607434e-5,0.6270853394318411,0.5837651491691525,1.0,1.0,0.0,1.0,0.977,0.0054,0.9
6.45764119417597e-5,0.6090788637210133,0.5832315947528726,1.0,1.0,0.0,1.0,0.977,0.0054,0.9
1.778724818461595e-5,0.6217675581173536,0.583603329545681,1.0,1.0,0.0,1.0,0.977,0.0054,0.9
6.3724876351835e-6,0.6170329153352507,0.5834530542161059,1.0,1.0,0.0,1.0,0.977,0.0054,0.9
0.0007340731361528186,0.5883658926055343,0.5826116065068461,1.0,1.0,0.0,1.0,0.977,0.0054,0.9
0.018230665732210535,0.44663094849827245,0.5778676935319782,1.0,1.0,0.0,1.0,0.977,0.0054,0.9
2.8992625330332427e-5,0.6229600952687272,0.5836392293080709,1.0,1.0,0.0,1.0,0.977,0.0054,0.9
6.920575322192523e-6,0.6147414023567139,0.5833980644917894,1.0,1.0,0.0,1.0,0.977,0.0054,0.9
0.00015331670518851402,0.6044602380249339,0.583094864866438,1.0,1.0,0.0,1.0,0.977,0.0054,0.9
2.5112824453296997e-6,0.6164408968060118,0.5834421915758499,1.0,1.0,0.0,1.0,0.977,0.0054,0.9
0.0001195014027719122,0.6285331156889391,0.5838009785456161,1.0,1.0,0.0,1.0,0.977,0.0054,0.9
1.7396408769271972e-5,0.6131362659512075,0.5833519706333649,1.0,1.0,0.0,1.0,0.977,0.0054,0.9
0.0005054324452051091,0.5934886931463577,0.5827669749294923,1.0,1.0,0.0,1.0,0.977,0.0054,0.9
7.099751620633252e-6,0.6190265899316063,0.583513146393219,1.0,1.0,0.0,1.0,0.977,0.0054,0.9
0.006882490554682869,0.5203797899284489,0.5804642504925687,1.0,1.0,0.0,1.0,0.977,0.0054,0.9
0.004277761475540414,0.5430085323674327,0.5812171606213387,1.0,1.0,0.0,1.0,0.977,0.0054,0.9
2.9123958162541606e-6,0.61920624587111,0.5835305110771946,1.0,1.0,0.0,1.0,0.977,0.0054,0.9
4.168145393099248e-6,0.6173426005124492,0.5834857764885207,1.0,1.0,0.0,1.0,0.977,0.0054,0.9
0.01619538646946697,0.4582397872130507,0.5783280341461728,1.0,1.0,0.0,1.0,0.977,0.0054,0.9
3.412630129855702e-6,0.6186834005017022,0.5835071011332833,1.0,1.0,0.0,1.0,0.977,0.0054,0.9
2.105446499587606e-6,0.6165965955910299,0.5834594412143612,1.0,1.0,0.0,1.0,0.977,0.0054,0.9
0.00034704133691548653,0.5977152644096206,0.5828922641959914,1.0,1.0,0.0,1.0,0.977,0.0054,0.9
4.215224990693817e-5,0.610704451740723,0.5832798343249178,1.0,1.0,0.0,1.0,0.977,0.0054,0.9
6.280745076562561e-6,0.6154697577480244,0.5834117404176811,1.0,1.0,0.0,1.0,0.977,0.0054,0.9
1.658197365452154e-5,0.6132382510011856,0.5833545735505027,1.0,1.0,0.0,1.0,0.977,0.0054,0.9
0.006408528444021206,0.5242017124033702,0.580588590983373,1.0,1.0,0.0,1.0,0.977,0.0054,0.9
0.0011413563353098143,0.5814528334048397,0.5824369634896348,1.0,1.0,0.0,1.0,0.977,0.0054,0.9
1.8362891357589066e-6,0.6174860547167059,0.5834864141667675,1.0,1.0,0.0,1.0,0.977,0.0054,0.9
5.494666266471743e-6,0.6189243751419097,0.583531186042342,1.0,1.0,0.0,1.0,0.977,0.0054,0.9
2.3296128982392518e-6,0.6161010970694779,0.5834427398705354,1.0,1.0,0.0,1.0,0.977,0.0054,0.9
5.177504378941677e-5,0.6247903045771828,0.5836929807794706,1.0,1.0,0.0,1.0,0.977,0.0054,0.9
3.72574428442963e-6,0.6154812838143462,0.5834217715882501,1.0,1.0,0.0,1.0,0.977,0.0054,0.9
0.0006197794312194039,0.590816793994099,0.5826867329746626,1.0,1.0,0.0,1.0,0.977,0.0054,0.9
3.0487702139405694e-5,0.6117232312758576,0.5833095959981508,1.0,1.0,0.0,1.0,0.977,0.0054,0.9
4.81098234826329e-5,0.614879924489168,0.5833688866152135,1.0,1.0,0.0,1.0,0.977,0.0054,0.9
7.627597897207495e-5,0.6083415583799625,0.5832098949101022,1.0,1.0,0.0,1.0,0.977,0.0054,0.9
0.0002143092029041025,0.602038252940007,0.5830217620951369,1.0,1.0,0.0,1.0,0.977,0.0054,0.9
5.786917059248198e-6,0.6188011585963626,0.5835073912789507,1.0,1.0,0.0,1.0,0.977,0.0054,0.9
1.2730482761177432e-6,0.6184316348120523,0.5835102759506369,1.0,1.0,0.0,1.0,0.977,0.0054,0.9
0.0001458870630782152,0.6049057833081395,0.5830991350711149,1.0,1.0,0.0,1.0,0.977,0.0054,0.9
3.451748302348536e-6,0.619322113498478,0.5835352514532529,1.0,1.0,0.0,1.0,0.977,0.0054,0.9
0.0024609469784611826,0.5623100232361056,0.5818129368362184,1.0,1.0,0.0,1.0,0.977,0.0054,0.9
0.002255179085119455,0.5648551337204983,0.5818982454523268,1.0,1.0,0.0,1.0,0.977,0.0054,0.9
5.4930099386637494e-6,0.6181176470089977,0.5834861269755027,1.0,1.0,0.0,1.0,0.977,0.0054,0.9
9.851341357096296e-6,0.6146044522584474,0.5833868500916496,1.0,1.0,0.0,1.0,0.977,0.0054,0.9
1.0707877857927942e-5,0.6208123071308096,0.5835771320111698,1.0,1.0,0.0,1.0,0.977,0.0054,0.9
0.002246096000542456,0.56495443203112,0.5818918428547413,1.0,1.0,0.0,1.0,0.977,0.0054,0.9
1.0745145490807874e-5,0.6141372143266423,0.5833844608001879,1.0,1.0,0.0,1.0,0.977,0.0054,0.9
4.74777681191106e-6,0.6155315261000442,0.5834160639549644,1.0,1.0,0.0,1.0,0.977,0.0054,0.9
1.7372785342526947e-5,0.6135546961236334,0.5833544342607521,1.0,1.0,0.0,1.0,0.977,0.0054,0.9
6.68130565914814e-6,0.6190655196266677,0.5835149433219028,1.0,1.0,0.0,1.0,0.977,0.0054,0.9
1.0283236278755883e-7,0.6173869303518815,0.5834780708050206,1.0,1.0,0.0,1.0,0.977,0.0054,0.9
8.770701653898699e-7,0.6170052517950959,0.5834695551691851,1.0,1.0,0.0,1.0,0.977,0.0054,0.9
1.1028527209040756e-6,0.6165306086886141,0.5834541333196913,1.0,1.0,0.0,1.0,0.977,0.0054,0.9
9.70506740403378e-6,0.6193345816819243,0.5835204109648854,1.0,1.0,0.0,1.0,0.977,0.0054,0.9
6.762833775400129e-6,0.6167878308862713,0.5834720137491959,1.0,1.0,0.0,1.0,0.977,0.0054,0.9
5.611314029498248e-6,0.6151348297659275,0.5834142007130946,1.0,1.0,0.0,1.0,0.977,0.0054,0.9
1.9223233211283295e-5,0.6219454159420277,0.5836099259559508,1.0,1.0,0.0,1.0,0.977,0.0054,0.9
5.1775876413000374e-6,0.6154308379951778,0.5834250257410515,1.0,1.0,0.0,1.0,0.977,0.0054,0.9
1.3275679290134035e-6,0.6184080833587434,0.5835099738671483,1.0,1.0,0.0,1.0,0.977,0.0054,0.9
9.472304050047489e-6,0.6144652220920114,0.5833850958626802,1.0,1.0,0.0,1.0,0.977,0.0054,0.9
5.0467497212163785e-6,0.6151501886134914,0.5834094953068418,1.0,1.0,0.0,1.0,0.977,0.0054,0.9
1.1312986279129675e-6,0.6180451841612202,0.5834910632706496,1.0,1.0,0.0,1.0,0.977,0.0054,0.9
3.6320528237767898e-6,0.6157930073202401,0.5834243314425711,1.0,1.0,0.0,1.0,0.977,0.0054,0.9
1.5373786280186833e-6,0.618633233155488,0.5835154933105712,1.0,1.0,0.0,1.0,0.977,0.0054,0.9
3.5785693734074323e-6,0.6171240466380923,0.5834784551816097,1.0,1.0,0.0,1.0,0.977,0.0054,0.9
0.000648801177054247,0.5901768071265113,0.582668089445062,1.0,1.0,0.0,1.0,0.977,0.0054,0.9
6.87791827694968e-6,0.6201132439094482,0.5835585519822597,1.0,1.0,0.0,1.0,0.977,0.0054,0.9
1.7983940915524868e-6,0.6182548322782186,0.5834961844526739,1.0,1.0,0.0,1.0,0.977,0.0054,0.9
0.0063318375965867235,0.5248590627871095,0.5806293007852659,1.0,1.0,0.0,1.0,0.977,0.0054,0.9
2.8367106747312417e-6,0.6174385301144164,0.5834691690836028,1.0,1.0,0.0,1.0,0.977,0.0054,0.9
2.467577331799996e-6,0.6190579085577569,0.5835265476432501,1.0,1.0,0.0,1.0,0.977,0.0054,0.9
2.2466254412017286e-6,0.6159220065729677,0.5834325215227565,1.0,1.0,0.0,1.0,0.977,0.0054,0.9
7.199576109484764e-7,0.6165907041918538,0.5834525191713044,1.0,1.0,0.0,1.0,0.977,0.0054,0.9
2.239856097314436e-5,0.612548507481011,0.5833341017221139,1.0,1.0,0.0,1.0,0.977,0.0054,0.9
9.577361935675337e-6,0.616115653293066,0.5834538127645679,1.0,1.0,0.0,1.0,0.977,0.0054,0.9
5.371049035163281e-6,0.6193545950092069,0.5835268237491643,1.0,1.0,0.0,1.0,0.977,0.0054,0.9
0.011051469800439051,0.49022085201325744,0.579444720519882,1.0,1.0,0.0,1.0,0.977,0.0054,0.9
0.006671226254005577,0.5220827834121144,0.5805154801015293,1.0,1.0,0.0,1.0,0.977,0.0054,0.9
2.1638504560172274e-6,0.6175083499445319,0.5834876698688,1.0,1.0,0.0,1.0,0.977,0.0054,0.9
9.612180454969673e-6,0.6197179878049036,0.5835334095494507,1.0,1.0,0.0,1.0,0.977,0.0054,0.9
0.00013228703058470114,0.6054009033532776,0.5831224908718545,1.0,1.0,0.0,1.0,0.977,0.0054,0.9
2.6302851953441578e-5,0.6128287681563803,0.5833291200935629,1.0,1.0,0.0,1.0,0.977,0.0054,0.9
6.627077790534045e-5,0.6257412003836205,0.5837208585705319,1.0,1.0,0.0,1.0,0.977,0.0054,0.9
0.006767798367752546,0.5212903632804127,0.5804982748816332,1.0,1.0,0.0,1.0,0.977,0.0054,0.9
6.170201022921079e-6,0.6200056980907472,0.5835537355998991,1.0,1.0,0.0,1.0,0.977,0.0054,0.9
2.4679993250418433e-6,0.619022549664983,0.5835264212778336,1.0,1.0,0.0,1.0,0.977,0.0054,0.9
4.833207172209817e-5,0.6102212912989107,0.5832652148671835,1.0,1.0,0.0,1.0,0.977,0.0054,0.9
0.04360787297066775,0.3256229095189706,0.5726429287968037,1.0,1.0,0.0,1.0,0.977,0.0054,0.9
0.00013271035860926196,0.6291192701271662,0.5838182795738133,1.0,1.0,0.0,1.0,0.977,0.0054,0.9
1.1465630024981256e-5,0.6208126261908525,0.5835722493687844,1.0,1.0,0.0,1.0,0.977,0.0054,0.9
4.162438464510775e-6,0.6186912251878754,0.5835232697338217,1.0,1.0,0.0,1.0,0.977,0.0054,0.9
1.1740719715948518e-5,0.6139109954960801,0.5833741736943899,1.0,1.0,0.0,1.0,0.977,0.0054,0.9
6.505786563798155e-6,0.6148762386670547,0.5834053994058422,1.0,1.0,0.0,1.0,0.977,0.0054,0.9
8.828415463298778e-6,0.6144724856919132,0.5833945114432096,1.0,1.0,0.0,1.0,0.977,0.0054,0.9
1.9669749288029735e-5,0.616525768173594,0.5834284859043908,1.0,1.0,0.0,1.0,0.977,0.0054,0.9
7.844215738395186e-5,0.608211256550329,0.5832060690436042,1.0,1.0,0.0,1.0,0.977,0.0054,0.9
3.3604117703825884e-6,0.6184502977793455,0.5834995021275423,1.0,1.0,0.0,1.0,0.977,0.0054,0.9
0.00024148063934871693,0.6010661886107012,0.5829936819308461,1.0,1.0,0.0,1.0,0.977,0.0054,0.9
5.246792887437788e-7,0.6178132567871117,0.5834856202226757,1.0,1.0,0.0,1.0,0.977,0.0054,0.9
3.2327703350160956e-6,0.6166786670626657,0.5834471330479623,1.0,1.0,0.0,1.0,0.977,0.0054,0.9
7.620280077708137e-7,0.6178446135115019,0.5834939722801352,1.0,1.0,0.0,1.0,0.977,0.0054,0.9
0.00041286682364585905,0.6376069467883042,0.5840762076879059,1.0,1.0,0.0,1.0,0.977,0.0054,0.9
6.215890727930701e-6,0.6192061175435037,0.5835202855978474,1.0,1.0,0.0,1.0,0.977,0.0054,0.9
7.732954143344373e-6,0.6197920468967871,0.5835552319719185,1.0,1.0,0.0,1.0,0.977,0.0054,0.9
9.304937132832062e-6,0.6157466061302078,0.5834416858292988,1.0,1.0,0.0,1.0,0.977,0.0054,0.9
0.09082987426782757,0.1641896861095691,0.5608072235830324,1.0,1.0,0.0,1.0,0.977,0.0054,0.9
6.256261494875266e-5,0.6092121825067216,0.5832355013377128,1.0,1.0,0.0,1.0,0.977,0.0054,0.9
5.715608893912475e-6,0.6197302332708289,0.583549809381916,1.0,1.0,0.0,1.0,0.977,0.0054,0.9
1.7876458107824094e-6,0.6164648172522782,0.5834542185206182,1.0,1.0,0.0,1.0,0.977,0.0054,0.9
4.873900914499741e-6,0.6195869471147719,0.5835369550432876,1.0,1.0,0.0,1.0,0.977,0.0054,0.9
8.645922645092505e-6,0.6144558571062501,0.5833927924376269,1.0,1.0,0.0,1.0,0.977,0.0054,0.9
0.002190364560080809,0.600353901521308,0.5832113872307987,1.0,1.0,0.0,1.0,0.977,0.0054,0.9
1.8164707431536185e-6,0.6186710556247863,0.5835174872140961,1.0,1.0,0.0,1.0,0.977,0.0054,0.9
3.331864931276007e-5,0.6142919248312816,0.5834112195474417,1.0,1.0,0.0,1.0,0.977,0.0054,0.9
0.00015794704377589821,0.6042621994542053,0.5830894630903493,1.0,1.0,0.0,1.0,0.977,0.0054,0.9
6.201626044059779e-6,0.6199215659524393,0.5835541651906699,1.0,1.0,0.0,1.0,0.977,0.0054,0.9
0.00046563796623321857,0.594483535141983,0.5827966638864261,1.0,1.0,0.0,1.0,0.977,0.0054,0.9
8.589830377932958e-6,0.6197954085407296,0.5835565979602642,1.0,1.0,0.0,1.0,0.977,0.0054,0.9
1.9908769269217779e-7,0.6176034169968163,0.5834805795516826,1.0,1.0,0.0,1.0,0.977,0.0054,0.9
2.6396606581877314e-6,0.6187733992074351,0.583511869750437,1.0,1.0,0.0,1.0,0.977,0.0054,0.9
9.651813159294705e-6,0.6177289333850188,0.5835026150967967,1.0,1.0,0.0,1.0,0.977,0.0054,0.9
7.012043563482117e-6,0.619182504370667,0.5835184215004565,1.0,1.0,0.0,1.0,0.977,0.0054,0.9
9.010578763651576e-7,0.6180916793772075,0.5834933381911447,1.0,1.0,0.0,1.0,0.977,0.0054,0.9
0.00033668805368881747,0.59802256880296,0.5829007866432626,1.0,1.0,0.0,1.0,0.977,0.0054,0.9
2.338936024412859e-5,0.6159292562623181,0.5834095686266693,1.0,1.0,0.0,1.0,0.977,0.0054,0.9
6.061464196626133e-7,0.61819686944744,0.5834986095437962,1.0,1.0,0.0,1.0,0.977,0.0054,0.9
3.594688121245647e-6,0.6178416722627194,0.583499468198499,1.0,1.0,0.0,1.0,0.977,0.0054,0.9
0.0024771168485144303,0.5621163286058847,0.5818042653702307,1.0,1.0,0.0,1.0,0.977,0.0054,0.9
9.24183390124538e-6,0.6197322358308796,0.5835343513667636,1.0,1.0,0.0,1.0,0.977,0.0054,0.9
6.449369321971723e-7,0.6171614133750706,0.5834659109385414,1.0,1.0,0.0,1.0,0.977,0.0054,0.9
6.993170850883024e-6,0.6178964099532783,0.5835049880836893,1.0,1.0,0.0,1.0,0.977,0.0054,0.9
0.002089484343288943,0.5669502552898643,0.5819595543910842,1.0,1.0,0.0,1.0,0.977,0.0054,0.9
1.2831042342618032e-6,0.6167730492786445,0.5834536352212208,1.0,1.0,0.0,1.0,0.977,0.0054,0.9
0.00011555099805872206,0.6283512652550467,0.583797145452208,1.0,1.0,0.0,1.0,0.977,0.0054,0.9
8.553821113868498e-6,0.6173316255964845,0.5834595759836916,1.0,1.0,0.0,1.0,0.977,0.0054,0.9
8.544241483821382e-7,0.6182780251844896,0.5835001214126507,1.0,1.0,0.0,1.0,0.977,0.0054,0.9
1.3588894085629225e-5,0.6137785057940569,0.5833652368105695,1.0,1.0,0.0,1.0,0.977,0.0054,0.9
9.50972193704421e-6,0.6144482165482638,0.5833847412099706,1.0,1.0,0.0,1.0,0.977,0.0054,0.9
0.0019114836373449874,0.5692943760283256,0.5820299757533091,1.0,1.0,0.0,1.0,0.977,0.0054,0.9
0.014452822352661727,0.4686092544550861,0.5786866349878913,1.0,1.0,0.0,1.0,0.977,0.0054,0.9
5.171130520176681e-7,0.6178991993653792,0.5834944761037537,1.0,1.0,0.0,1.0,0.977,0.0054,0.9
1.751425255364838e-6,0.6182360632035276,0.5835069990643952,1.0,1.0,0.0,1.0,0.977,0.0054,0.9
0.00011146258005123328,0.6082996089604642,0.583239882957174,1.0,1.0,0.0,1.0,0.977,0.0054,0.9
7.045414857073436e-8,0.617185582442625,0.5834705472271834,1.0,1.0,0.0,1.0,0.977,0.0054,0.9
2.5460434910091708e-5,0.612221746616838,0.5833249342829209,1.0,1.0,0.0,1.0,0.977,0.0054,0.9
9.415742084952167e-6,0.620594369660801,0.5835690624761326,1.0,1.0,0.0,1.0,0.977,0.0054,0.9
0.0003169993824210085,0.6068068026465935,0.583086640208155,1.0,1.0,0.0,1.0,0.977,0.0054,0.9
5.772943114537967e-6,0.615084884539261,0.5834051273058504,1.0,1.0,0.0,1.0,0.977,0.0054,0.9
7.643675423569658e-6,0.6200786381464559,0.5835497942369166,1.0,1.0,0.0,1.0,0.977,0.0054,0.9
8.589980082476699e-6,0.616400494867195,0.5834618434653133,1.0,1.0,0.0,1.0,0.977,0.0054,0.9
9.845381131268696e-5,0.6270820756953364,0.583744506769882,1.0,1.0,0.0,1.0,0.977,0.0054,0.9
1.4096857523059506e-6,0.6182201694071978,0.5835057099345117,1.0,1.0,0.0,1.0,0.977,0.0054,0.9
2.0416883780876524e-5,0.6220816774627861,0.5836138604061637,1.0,1.0,0.0,1.0,0.977,0.0054,0.9
1.5533483701020313e-5,0.6196088340489303,0.5835588967278965,1.0,1.0,0.0,1.0,0.977,0.0054,0.9
7.299094718431974e-6,0.6189060898082759,0.5835329670165164,1.0,1.0,0.0,1.0,0.977,0.0054,0.9
2.484749704017859e-7,0.6172503457152715,0.5834700542938973,1.0,1.0,0.0,1.0,0.977,0.0054,0.9
0.0017891744136238432,0.5709662739615063,0.5820776702499556,1.0,1.0,0.0,1.0,0.977,0.0054,0.9
0.0008298117689384639,0.5868235431108607,0.5825899280086315,1.0,1.0,0.0,1.0,0.977,0.0054,0.9
7.419172764455803e-7,0.6170196583687438,0.58346956988171,1.0,1.0,0.0,1.0,0.977,0.0054,0.9
8.269328636572153e-5,0.6079714434236441,0.5831966018868302,1.0,1.0,0.0,1.0,0.977,0.0054,0.9
9.234762446646966e-6,0.6195512569010201,0.5835281588865917,1.0,1.0,0.0,1.0,0.977,0.0054,0.9
3.6666810274959624e-7,0.6168351019188977,0.583460349887314,1.0,1.0,0.0,1.0,0.977,0.0054,0.9
8.173648710057225e-6,0.6203674393394321,0.5835656392539533,1.0,1.0,0.0,1.0,0.977,0.0054,0.9
1.9181821581871638e-6,0.6161159278126337,0.5834366478769861,1.0,1.0,0.0,1.0,0.977,0.0054,0.9
6.825006077527e-6,0.6194516138350122,0.583546037658945,1.0,1.0,0.0,1.0,0.977,0.0054,0.9
1.0330186180870522e-6,0.6184966459290592,0.5835083299565965,1.0,1.0,0.0,1.0,0.977,0.0054,0.9
0.000138649390027733,0.6051091195151661,0.5831139341430478,1.0,1.0,0.0,1.0,0.977,0.0054,0.9
0.00016606612573422545,0.6039200510728936,0.5830786683685549,1.0,1.0,0.0,1.0,0.977,0.0054,0.9
5.980141165925201e-6,0.6149796612102968,0.5834082414656427,1.0,1.0,0.0,1.0,0.977,0.0054,0.9
5.6126153877382256e-5,0.6096536615505558,0.583249245745027,1.0,1.0,0.0,1.0,0.977,0.0054,0.9
1.0561248925668798e-6,0.6171174742224304,0.5834736106044449,1.0,1.0,0.0,1.0,0.977,0.0054,0.9
0.0007115888198839067,0.5890433686275388,0.5826151534230014,1.0,1.0,0.0,1.0,0.977,0.0054,0.9
1.7986490322682998e-6,0.6184987481776814,0.5835136252693036,1.0,1.0,0.0,1.0,0.977,0.0054,0.9
1.705998930455777e-5,0.6131775240019716,0.5833528415991693,1.0,1.0,0.0,1.0,0.977,0.0054,0.9
7.476245941255756e-6,0.6146391439099128,0.5833968215993413,1.0,1.0,0.0,1.0,0.977,0.0054,0.9
7.195701141066362e-6,0.6186086448615522,0.583524950348706,1.0,1.0,0.0,1.0,0.977,0.0054,0.9
6.035062237150588e-6,0.6188927460249496,0.5835100672504849,1.0,1.0,0.0,1.0,0.977,0.0054,0.9
5.3739743175022995e-6,0.618507228956813,0.5835201258797531,1.0,1.0,0.0,1.0,0.977,0.0054,0.9
9.035787531783985e-6,0.6149274603979553,0.5834133438040788,1.0,1.0,0.0,1.0,0.977,0.0054,0.9
0.00012358998155052514,0.6058126798218321,0.5831338470346039,1.0,1.0,0.0,1.0,0.977,0.0054,0.9
1.4554239682485473e-5,0.6213566164013087,0.5835912842772889,1.0,1.0,0.0,1.0,0.977,0.0054,0.9
1.7401630101745565e-5,0.6131345089461617,0.5833513412604155,1.0,1.0,0.0,1.0,0.977,0.0054,0.9
9.168179981464124e-6,0.6143259733906589,0.5833862463423776,1.0,1.0,0.0,1.0,0.977,0.0054,0.9
3.0017913877238667e-6,0.6166887120960247,0.5834641169452045,1.0,1.0,0.0,1.0,0.977,0.0054,0.9
7.524273121748508e-8,0.617197842516325,0.5834714369055461,1.0,1.0,0.0,1.0,0.977,0.0054,0.9
2.5185962024548108e-5,0.6122496278847845,0.5833253751343249,1.0,1.0,0.0,1.0,0.977,0.0054,0.9
1.2320362355081962e-5,0.6138244217202742,0.5833720428264239,1.0,1.0,0.0,1.0,0.977,0.0054,0.9
9.794913225299074e-6,0.6147577314016721,0.5834082519160859,1.0,1.0,0.0,1.0,0.977,0.0054,0.9
9.131526062391905e-6,0.6205538728028384,0.5835699702238127,1.0,1.0,0.0,1.0,0.977,0.0054,0.9
2.1637896431509457e-6,0.6160190843654296,0.5834387255137442,1.0,1.0,0.0,1.0,0.977,0.0054,0.9
