0.0003016784712162352,0.4787434732594022,0.4757091337437952,1.0,2.3855,0.536,1.0,0.966,0.0056,0.9
2.2260479405868987e-5,0.4717734440943282,0.47563648360708505,1.0,2.3855,0.536,1.0,0.966,0.0056,0.9
9.188157217810673e-5,0.47885843794127847,0.4757656693885525,1.0,2.3855,0.536,1.0,0.966,0.0056,0.9
9.417828001342067e-5,0.4665396743033539,0.47554960640102656,1.0,2.3855,0.536,1.0,0.966,0.0056,0.9
3.491665035461722e-8,0.46833460864401466,0.47554843962736976,1.0,2.3855,0.536,1.0,0.966,0.0056,0.9
6.966552651702234e-7,0.4679133999049162,0.47554174778569264,1.0,2.3855,0.536,1.0,0.966,0.0056,0.9
0.00016001247275443406,0.4545329956230382,0.4752546023092956,1.0,2.3855,0.536,1.0,0.966,0.0056,0.9
0.13328792035322026,0.039678487687889764,0.44096212818447117,1.0,2.3855,0.536,1.0,0.966,0.0056,0.9
0.16410239405757115,0.016940926017182164,0.4162143485145408,1.0,2.3855,0.536,1.0,0.966,0.0056,0.9
2.709989421553421e-5,0.4628310421566954,0.4754328360315652,1.0,2.3855,0.536,1.0,0.966,0.0056,0.9
0.1577180403474062,0.020843505859375,0.42271605498373094,1.0,2.3855,0.536,1.0,0.966,0.0056,0.9
6.704833152671979e-5,0.4682480196960538,0.475512347478778,1.0,2.3855,0.536,1.0,0.966,0.0056,0.9
0.20263430054172785,0.0028309501000377824,0.3085772880618135,1.0,2.3855,0.536,1.0,0.966,0.0056,0.9
0.1831000608049548,0.008268209054172655,0.38437925183801647,1.0,2.3855,0.536,1.0,0.966,0.0056,0.9
0.18624293432820754,0.007234351739869303,0.37783388849534383,1.0,2.3855,0.536,1.0,0.966,0.0056,0.9
0.00012523163218212038,0.47318499709896966,0.4756938631498235,1.0,2.3855,0.536,1.0,0.966,0.0056,0.9
2.2453324447461678e-5,0.4636939536461545,0.4754411371049841,1.0,2.3855,0.536,1.0,0.966,0.0056,0.9
0.20789579267990757,0.0018887945637152499,0.26596037857956356,1.0,2.3855,0.536,1.0,0.966,0.0056,0.9
1.4854533935784072e-5,0.46477000570269583,0.47547932449070696,1.0,2.3855,0.536,1.0,0.966,0.0056,0.9
2.086828741851402e-5,0.4725532505222068,0.4756267654081398,1.0,2.3855,0.536,1.0,0.966,0.0056,0.9
1.6018307180654328e-5,0.464126262098722,0.4754590352907074,1.0,2.3855,0.536,1.0,0.966,0.0056,0.9
4.683880425276533e-5,0.47089324848719194,0.4755758600088985,1.0,2.3855,0.536,1.0,0.966,0.0056,0.9
9.215314470071054e-5,0.47300950625280336,0.4756119035958902,1.0,2.3855,0.536,1.0,0.966,0.0056,0.9
6.125225542199789e-5,0.47573715598002064,0.4757222715897059,1.0,2.3855,0.536,1.0,0.966,0.0056,0.9
4.948634467691125e-6,0.4661613120459209,0.4755040470768987,1.0,2.3855,0.536,1.0,0.966,0.0056,0.9
0.183573795955125,0.008101510110528088,0.3830996210762119,1.0,2.3855,0.536,1.0,0.966,0.0056,0.9
0.11800353896750287,0.05583235926022407,0.44823011433030335,1.0,2.3855,0.536,1.0,0.966,0.0056,0.9
9.655865046757233e-6,0.471128870467406,0.47559940703116277,1.0,2.3855,0.536,1.0,0.966,0.0056,0.9
7.069150695780866e-5,0.4592432759094826,0.4753502316351741,1.0,2.3855,0.536,1.0,0.966,0.0056,0.9
0.13040341028219668,0.04242795716352989,0.4426101594873703,1.0,2.3855,0.536,1.0,0.966,0.0056,0.9
3.48433054708085e-5,0.47175675478008156,0.4756420905616228,1.0,2.3855,0.536,1.0,0.966,0.0056,0.9
0.1933567768639423,0.005009923023365359,0.3540957113627793,1.0,2.3855,0.536,1.0,0.966,0.0056,0.9
7.872501409363338e-5,0.4747806276872298,0.4757127595768119,1.0,2.3855,0.536,1.0,0.966,0.0056,0.9
3.865642520130963e-5,0.47141194165384515,0.4756369348904414,1.0,2.3855,0.536,1.0,0.966,0.0056,0.9
3.718786348654782e-5,0.4620961622813086,0.47542179670596246,1.0,2.3855,0.536,1.0,0.966,0.0056,0.9
1.1232248820539837e-6,0.46956324673008526,0.47557238370641575,1.0,2.3855,0.536,1.0,0.966,0.0056,0.9
6.237263539951172e-5,0.45980122177105154,0.47536593678263495,1.0,2.3855,0.536,1.0,0.966,0.0056,0.9
0.11423453649943083,0.06032354914495536,0.449885955392828,1.0,2.3855,0.536,1.0,0.966,0.0056,0.9
1.0437579362322239e-5,0.4696408156897252,0.4755633181059967,1.0,2.3855,0.536,1.0,0.966,0.0056,0.9
2.2230579516952488e-5,0.4729315423344661,0.4756358383489271,1.0,2.3855,0.536,1.0,0.966,0.0056,0.9
0.0967977129004619,0.0855732539351985,0.4555220314962586,1.0,2.3855,0.536,1.0,0.966,0.0056,0.9
5.988203981821053e-6,0.46707256250352025,0.4755126153770721,1.0,2.3855,0.536,1.0,0.966,0.0056,0.9
2.952872968589794e-6,0.470392047192267,0.47559106262653106,1.0,2.3855,0.536,1.0,0.966,0.0056,0.9
9.969002182902885e-6,0.4653173421221123,0.4754785091599514,1.0,2.3855,0.536,1.0,0.966,0.0056,0.9
0.08770002606937892,0.09984936439989506,0.45817720058646566,1.0,2.3855,0.536,1.0,0.966,0.0056,0.9
0.0003657294270014857,0.45048927904803165,0.47520491860761394,1.0,2.3855,0.536,1.0,0.966,0.0056,0.9
0.16811749123697448,0.014829531560125541,0.4107319210412651,1.0,2.3855,0.536,1.0,0.966,0.0056,0.9
1.425867166525323e-6,0.468624266240742,0.47554940203625484,1.0,2.3855,0.536,1.0,0.966,0.0056,0.9
2.9609992774268827e-5,0.47075737387649097,0.47562064124686365,1.0,2.3855,0.536,1.0,0.966,0.0056,0.9
0.14467784374952905,0.029900479866934223,0.4341472817519755,1.0,2.3855,0.536,1.0,0.966,0.0056,0.9
0.002409872411981655,0.4239427661461073,0.4744239568699756,1.0,2.3855,0.536,1.0,0.966,0.0056,0.9
7.62467656477559e-5,0.4653722003836714,0.4754503023746615,1.0,2.3855,0.536,1.0,0.966,0.0056,0.9
2.057133193704609e-5,0.4648923369175527,0.475461430779707,1.0,2.3855,0.536,1.0,0.966,0.0056,0.9
5.569529319365778e-6,0.47073844483951577,0.47559432874789614,1.0,2.3855,0.536,1.0,0.966,0.0056,0.9
0.00013267353353224582,0.47035721969641764,0.4756384845101999,1.0,2.3855,0.536,1.0,0.966,0.0056,0.9
0.00011187026931516786,0.46263717804929727,0.47546435786588537,1.0,2.3855,0.536,1.0,0.966,0.0056,0.9
3.527306676021738e-6,0.46647678966430794,0.4755093820293733,1.0,2.3855,0.536,1.0,0.966,0.0056,0.9
0.1417678172777479,0.0322180859990768,0.43606369914270304,1.0,2.3855,0.536,1.0,0.966,0.0056,0.9
6.284535740137239e-5,0.4659082056117394,0.47546470198557456,1.0,2.3855,0.536,1.0,0.966,0.0056,0.9
1.4008975780868352e-5,0.4723183610556225,0.47563871146963294,1.0,2.3855,0.536,1.0,0.966,0.0056,0.9
1.861885814149463e-5,0.4639643655027219,0.47545958443424285,1.0,2.3855,0.536,1.0,0.966,0.0056,0.9
6.801040676935838e-5,0.4680036057861652,0.4755069074633995,1.0,2.3855,0.536,1.0,0.966,0.0056,0.9
4.7295074093872876e-5,0.4736655155955872,0.47568204129195363,1.0,2.3855,0.536,1.0,0.966,0.0056,0.9
0.20313452143821156,0.002759466537805377,0.3045518035213084,1.0,2.3855,0.536,1.0,0.966,0.0056,0.9
0.21375021496019972,0.0011757157422173164,0.20853342173962414,1.0,2.3855,0.536,1.0,0.966,0.0056,0.9
6.76898603488441e-5,0.4680462911596504,0.47550789429553864,1.0,2.3855,0.536,1.0,0.966,0.0056,0.9
0.0979852847559709,0.08285851956313481,0.45539035962990165,1.0,2.3855,0.536,1.0,0.966,0.0056,0.9
1.7228872618677998e-5,0.4650376193695518,0.47548878488998725,1.0,2.3855,0.536,1.0,0.966,0.0056,0.9
0.19094282998678727,0.00569379691921679,0.3625036235709653,1.0,2.3855,0.536,1.0,0.966,0.0056,0.9
0.19671508094788068,0.004142642130447083,0.33992629018359694,1.0,2.3855,0.536,1.0,0.966,0.0056,0.9
0.009874128493575173,0.34956092165320424,0.47267213310170514,1.0,2.3855,0.536,1.0,0.966,0.0056,0.9
4.555659671580794e-5,0.47516063368401157,0.4756810290200776,1.0,2.3855,0.536,1.0,0.966,0.0056,0.9
2.2567410836806167e-5,0.4636446039215713,0.47545481387281974,1.0,2.3855,0.536,1.0,0.966,0.0056,0.9
0.21552077943118844,0.0008884540376400689,0.15889002308195913,1.0,2.3855,0.536,1.0,0.966,0.0056,0.9
1.108697566793051e-5,0.46595661818214523,0.4754873821831812,1.0,2.3855,0.536,1.0,0.966,0.0056,0.9
0.15685204410760198,0.021240238903411285,0.42387300865775496,1.0,2.3855,0.536,1.0,0.966,0.0056,0.9
0.07340222819292766,0.12754420412061998,0.46155838704015967,1.0,2.3855,0.536,1.0,0.966,0.0056,0.9
0.0001232943123240343,0.48057774442469653,0.4758073570603287,1.0,2.3855,0.536,1.0,0.966,0.0056,0.9
0.1626568041999853,0.017804683686712897,0.4174913485070906,1.0,2.3855,0.536,1.0,0.966,0.0056,0.9
1.4040031181974911e-5,0.4684943537757712,0.4755671427151409,1.0,2.3855,0.536,1.0,0.966,0.0056,0.9
0.11208469156444534,0.0650660734129551,0.4505582582038751,1.0,2.3855,0.536,1.0,0.966,0.0056,0.9
0.1762721076620256,0.011063325806096924,0.39937298018467066,1.0,2.3855,0.536,1.0,0.966,0.0056,0.9
1.659749379696995e-5,0.46491231992914483,0.4754849749043214,1.0,2.3855,0.536,1.0,0.966,0.0056,0.9
0.19728253594952347,0.004010356775953484,0.33724711253092554,1.0,2.3855,0.536,1.0,0.966,0.0056,0.9
0.16638125182902144,0.015698581202436876,0.41321809825792066,1.0,2.3855,0.536,1.0,0.966,0.0056,0.9
2.123959907321144e-7,0.4681093635645045,0.4755444387572219,1.0,2.3855,0.536,1.0,0.966,0.0056,0.9
0.000385478238768092,0.46675097952014744,0.4755961222715399,1.0,2.3855,0.536,1.0,0.966,0.0056,0.9
0.21037134207334857,0.0015231938731392065,0.23920225485971267,1.0,2.3855,0.536,1.0,0.966,0.0056,0.9
6.750272391227173e-5,0.4617327985383508,0.4754293321162486,1.0,2.3855,0.536,1.0,0.966,0.0056,0.9
0.0005540521912836635,0.4423591473783868,0.4749939685695902,1.0,2.3855,0.536,1.0,0.966,0.0056,0.9
4.688681307558641e-6,0.47077380603824914,0.4756029752077574,1.0,2.3855,0.536,1.0,0.966,0.0056,0.9
0.0009314814692807209,0.43523241250790845,0.4747840620024288,1.0,2.3855,0.536,1.0,0.966,0.0056,0.9
0.00022464978046603595,0.4847332087294765,0.47589298914270267,1.0,2.3855,0.536,1.0,0.966,0.0056,0.9
0.004393386327839652,0.39124814540802527,0.4737742512730235,1.0,2.3855,0.536,1.0,0.966,0.0056,0.9
5.343148320817811e-5,0.4617458964620376,0.4754233651313235,1.0,2.3855,0.536,1.0,0.966,0.0056,0.9
0.19589215646057268,0.004362480700668551,0.34346726289533824,1.0,2.3855,0.536,1.0,0.966,0.0056,0.9
0.044943142944911654,0.20042040982547565,0.4669515339880429,1.0,2.3855,0.536,1.0,0.966,0.0056,0.9
0.1392359280437173,0.03472194653622422,0.43731187065147004,1.0,2.3855,0.536,1.0,0.966,0.0056,0.9
1.0322646811549047e-5,0.4698341582406213,0.47556778592518373,1.0,2.3855,0.536,1.0,0.966,0.0056,0.9
7.228126661823744e-6,0.46642411321736754,0.47549942293408465,1.0,2.3855,0.536,1.0,0.966,0.0056,0.9
0.0006800652979433941,0.4393224881426262,0.4749008210003437,1.0,2.3855,0.536,1.0,0.966,0.0056,0.9
7.194818450373835e-5,0.45944697343098384,0.47534782614905075,1.0,2.3855,0.536,1.0,0.966,0.0056,0.9
3.8001444895466907e-5,0.47413825025848466,0.4756574676068948,1.0,2.3855,0.536,1.0,0.966,0.0056,0.9
9.037994388124062e-5,0.4596734789773995,0.4753835136865702,1.0,2.3855,0.536,1.0,0.966,0.0056,0.9
5.551534306568774e-6,0.4659836938351344,0.47549976580793263,1.0,2.3855,0.536,1.0,0.966,0.0056,0.9
4.0187323587399565e-5,0.4632901323405314,0.47545762030157634,1.0,2.3855,0.536,1.0,0.966,0.0056,0.9
6.443978074015789e-6,0.47071339458721784,0.47560531651677895,1.0,2.3855,0.536,1.0,0.966,0.0056,0.9
4.2050612952623004e-5,0.4613659378179235,0.4753985974484371,1.0,2.3855,0.536,1.0,0.966,0.0056,0.9
0.0005515990806061401,0.4428490004876393,0.4749679149755047,1.0,2.3855,0.536,1.0,0.966,0.0056,0.9
2.4490220074296075e-5,0.47158106733047556,0.47560042254824303,1.0,2.3855,0.536,1.0,0.966,0.0056,0.9
1.275611145518168e-5,0.4669934305965841,0.4755058026105418,1.0,2.3855,0.536,1.0,0.966,0.0056,0.9
1.684260579650321e-5,0.46578611176239926,0.47548001073623825,1.0,2.3855,0.536,1.0,0.966,0.0056,0.9
3.377079526873412e-6,0.4671048748873959,0.47551644430214246,1.0,2.3855,0.536,1.0,0.966,0.0056,0.9
0.0010466493619359432,0.5024246037766548,0.47627610411406157,1.0,2.3855,0.536,1.0,0.966,0.0056,0.9
0.00035241441008017967,0.4541260374522858,0.47518274245925846,1.0,2.3855,0.536,1.0,0.966,0.0056,0.9
0.06268076709471328,0.15192067512185356,0.46374231877860933,1.0,2.3855,0.536,1.0,0.966,0.0056,0.9
2.3404685608737066e-6,0.46787219517845985,0.4755441480972413,1.0,2.3855,0.536,1.0,0.966,0.0056,0.9
2.881029601232708e-5,0.4642651029963478,0.47544537478531806,1.0,2.3855,0.536,1.0,0.966,0.0056,0.9
0.0016369997572140266,0.5111609225298424,0.4764253895057365,1.0,2.3855,0.536,1.0,0.966,0.0056,0.9
3.926356530323531e-5,0.4753527009134797,0.47569825249462544,1.0,2.3855,0.536,1.0,0.966,0.0056,0.9
2.015102896984033e-6,0.4669756436343383,0.4755184715437291,1.0,2.3855,0.536,1.0,0.966,0.0056,0.9
6.252413696688381e-5,0.4599642251073672,0.4753748448663449,1.0,2.3855,0.536,1.0,0.966,0.0056,0.9
7.777886414468507e-6,0.46623554522899663,0.47551100530274293,1.0,2.3855,0.536,1.0,0.966,0.0056,0.9
1.5927636249618223e-5,0.4680887267099363,0.47552641563704284,1.0,2.3855,0.536,1.0,0.966,0.0056,0.9
1.443505680037266e-5,0.4721786255387477,0.4756374126316207,1.0,2.3855,0.536,1.0,0.966,0.0056,0.9
1.3496728366650663e-5,0.4647539503225683,0.4754659220341399,1.0,2.3855,0.536,1.0,0.966,0.0056,0.9
4.2446652208859124e-5,0.47146546785235277,0.47559034434288416,1.0,2.3855,0.536,1.0,0.966,0.0056,0.9
0.00014362735802042064,0.4553732774547039,0.4752757709062071,1.0,2.3855,0.536,1.0,0.966,0.0056,0.9
0.006765655508320913,0.37133989595788586,0.47325931560336165,1.0,2.3855,0.536,1.0,0.966,0.0056,0.9
0.0009190410096497274,0.5007736660360661,0.47622729389790924,1.0,2.3855,0.536,1.0,0.966,0.0056,0.9
0.036661166005363656,0.2275981550163742,0.4682843115593364,1.0,2.3855,0.536,1.0,0.966,0.0056,0.9
5.728466232178335e-6,0.4694101202710357,0.475561764274936,1.0,2.3855,0.536,1.0,0.966,0.0056,0.9
0.000737142577916995,0.43969039291747114,0.4748805220737224,1.0,2.3855,0.536,1.0,0.966,0.0056,0.9
2.1954480187640075e-5,0.4708961305514794,0.47561990203758525,1.0,2.3855,0.536,1.0,0.966,0.0056,0.9
0.0008091920108582454,0.4860691644397074,0.4758278798901865,1.0,2.3855,0.536,1.0,0.966,0.0056,0.9
9.063542661587637e-6,0.46553351760360195,0.47549360453673967,1.0,2.3855,0.536,1.0,0.966,0.0056,0.9
1.0967573684642458e-5,0.46839502142264217,0.47556320715913397,1.0,2.3855,0.536,1.0,0.966,0.0056,0.9
0.0006131280773363101,0.44428925151725185,0.4749704996750337,1.0,2.3855,0.536,1.0,0.966,0.0056,0.9
0.00555036599975225,0.38126976247463085,0.473540443006895,1.0,2.3855,0.536,1.0,0.966,0.0056,0.9
8.016874747112164e-6,0.4706566945028561,0.47558913128740976,1.0,2.3855,0.536,1.0,0.966,0.0056,0.9
0.00031221688773397897,0.4856143058080076,0.4758799976180882,1.0,2.3855,0.536,1.0,0.966,0.0056,0.9
1.1087902209099815e-5,0.4649149769867178,0.4754725414141859,1.0,2.3855,0.536,1.0,0.966,0.0056,0.9
7.064572663778668e-5,0.459267501372442,0.47535624088684814,1.0,2.3855,0.536,1.0,0.966,0.0056,0.9
0.0001231496733834933,0.4626212418983162,0.475466505090474,1.0,2.3855,0.536,1.0,0.966,0.0056,0.9
0.0013223117336666863,0.48258110703879176,0.47571235986688437,1.0,2.3855,0.536,1.0,0.966,0.0056,0.9
1.0121502203775483e-6,0.4692459668919646,0.4755644423437043,1.0,2.3855,0.536,1.0,0.966,0.0056,0.9
1.1218401215759655e-5,0.466834582698795,0.47552850015903025,1.0,2.3855,0.536,1.0,0.966,0.0056,0.9
0.044772513290650524,0.2033003878326462,0.46689595194295114,1.0,2.3855,0.536,1.0,0.966,0.0056,0.9
8.180791179221776e-5,0.46175266791369995,0.47537882248598967,1.0,2.3855,0.536,1.0,0.966,0.0056,0.9
8.739466574941997e-5,0.46832047925546555,0.4755090840466947,1.0,2.3855,0.536,1.0,0.966,0.0056,0.9
3.829470174570111e-6,0.46708423808381466,0.4755274868834833,1.0,2.3855,0.536,1.0,0.966,0.0056,0.9
3.217885922856513e-5,0.4700760282528924,0.4756080370293432,1.0,2.3855,0.536,1.0,0.966,0.0056,0.9
7.825749415558679e-5,0.4747563668481931,0.47571218479230815,1.0,2.3855,0.536,1.0,0.966,0.0056,0.9
3.913286532098015e-5,0.4624674623968462,0.47540963815113274,1.0,2.3855,0.536,1.0,0.966,0.0056,0.9
0.0002959722160882605,0.44934025309002434,0.4751373024159085,1.0,2.3855,0.536,1.0,0.966,0.0056,0.9
6.435111250611043e-5,0.459655265001923,0.47536138459117017,1.0,2.3855,0.536,1.0,0.966,0.0056,0.9
3.537471398147694e-5,0.47100335278607475,0.4756277390072797,1.0,2.3855,0.536,1.0,0.966,0.0056,0.9
5.701650546713688e-7,0.4680581517982335,0.4755396689598465,1.0,2.3855,0.536,1.0,0.966,0.0056,0.9
1.2788876608260392e-5,0.4656180874190591,0.47547996296503536,1.0,2.3855,0.536,1.0,0.966,0.0056,0.9
6.357432511533476e-5,0.4657810949333073,0.4754619211211114,1.0,2.3855,0.536,1.0,0.966,0.0056,0.9
2.081588728069502e-6,0.46709236180761016,0.47552417559859655,1.0,2.3855,0.536,1.0,0.966,0.0056,0.9
6.694460940894085e-5,0.4595916968488596,0.4753545331306066,1.0,2.3855,0.536,1.0,0.966,0.0056,0.9
3.426859914138853e-5,0.46252968149875395,0.47543271883282484,1.0,2.3855,0.536,1.0,0.966,0.0056,0.9
2.926352034236792e-5,0.463929421551043,0.47543930393190614,1.0,2.3855,0.536,1.0,0.966,0.0056,0.9
3.107963733011112e-6,0.47045142716356214,0.4755926959136671,1.0,2.3855,0.536,1.0,0.966,0.0056,0.9
0.02799606671333997,0.25976965021734744,0.4696776092073183,1.0,2.3855,0.536,1.0,0.966,0.0056,0.9
3.890374051753231e-5,0.47196726896683094,0.4756476807730717,1.0,2.3855,0.536,1.0,0.966,0.0056,0.9
0.03366848661693333,0.23809389327665367,0.4687952178430474,1.0,2.3855,0.536,1.0,0.966,0.0056,0.9
4.89241706962117e-5,0.4689660644969273,0.4755906380467113,1.0,2.3855,0.536,1.0,0.966,0.0056,0.9
3.2279819694689126e-5,0.4693240761402627,0.47554592860643374,1.0,2.3855,0.536,1.0,0.966,0.0056,0.9
6.6741033696980695e-6,0.46606674718979557,0.4755050469811545,1.0,2.3855,0.536,1.0,0.966,0.0056,0.9
5.0961849473468335e-5,0.46064994703704043,0.47538133579063213,1.0,2.3855,0.536,1.0,0.966,0.0056,0.9
0.049565831169121964,0.18666811495471444,0.4661514504611204,1.0,2.3855,0.536,1.0,0.966,0.0056,0.9
2.0663331289796714e-5,0.47120410406337465,0.47559345647147155,1.0,2.3855,0.536,1.0,0.966,0.0056,0.9
3.079606343803135e-5,0.4675612443716772,0.4755544625724784,1.0,2.3855,0.536,1.0,0.966,0.0056,0.9
0.05701268221399844,0.1662807885630002,0.4647973580571688,1.0,2.3855,0.536,1.0,0.966,0.0056,0.9
0.04388984869561985,0.20379775777148754,0.46709875226336073,1.0,2.3855,0.536,1.0,0.966,0.0056,0.9
5.602366941107134e-5,0.4618533869972219,0.47542758391937395,1.0,2.3855,0.536,1.0,0.966,0.0056,0.9
0.00017608143400658807,0.4747761243823638,0.47573401455130615,1.0,2.3855,0.536,1.0,0.966,0.0056,0.9
6.31192999607386e-5,0.4745310135603221,0.4756562448257886,1.0,2.3855,0.536,1.0,0.966,0.0056,0.9
2.1217142902288646e-5,0.47355079529619476,0.4756600174920685,1.0,2.3855,0.536,1.0,0.966,0.0056,0.9
0.00014842387482551315,0.4812531557460612,0.4758340840992092,1.0,2.3855,0.536,1.0,0.966,0.0056,0.9
0.048396325708846666,0.19003374178554985,0.4663826817352798,1.0,2.3855,0.536,1.0,0.966,0.0056,0.9
4.604020593107756e-5,0.4686893141123355,0.47552760069101857,1.0,2.3855,0.536,1.0,0.966,0.0056,0.9
1.110254800198472e-5,0.4695980536334715,0.4755883088411242,1.0,2.3855,0.536,1.0,0.966,0.0056,0.9
4.7845716506581024e-6,0.47006215025032927,0.47557803800989257,1.0,2.3855,0.536,1.0,0.966,0.0056,0.9
0.04550143690163387,0.1989305040256008,0.466813831432481,1.0,2.3855,0.536,1.0,0.966,0.0056,0.9
2.6575059653358163e-8,0.4684061576140476,0.4755501922088588,1.0,2.3855,0.536,1.0,0.966,0.0056,0.9
5.060874256035597e-6,0.4680745431629716,0.47555180644862055,1.0,2.3855,0.536,1.0,0.966,0.0056,0.9
0.00010183504179822447,0.47571016394231846,0.47573587065011524,1.0,2.3855,0.536,1.0,0.966,0.0056,0.9
0.0005363683924590097,0.4933548209972287,0.47606788510415776,1.0,2.3855,0.536,1.0,0.966,0.0056,0.9
2.2886618956301696e-5,0.4651084812948948,0.4754943211369381,1.0,2.3855,0.536,1.0,0.966,0.0056,0.9
0.04292140432896545,0.20677482239013198,0.4672732403551765,1.0,2.3855,0.536,1.0,0.966,0.0056,0.9
0.041307953988850836,0.21225825974615414,0.46750430277324945,1.0,2.3855,0.536,1.0,0.966,0.0056,0.9
5.493021217589231e-5,0.460703761558466,0.47539337363163575,1.0,2.3855,0.536,1.0,0.966,0.0056,0.9
0.05363366329324797,0.17520307833206394,0.46547196772038385,1.0,2.3855,0.536,1.0,0.966,0.0056,0.9
0.003899787184941534,0.39627462202374764,0.473922276851767,1.0,2.3855,0.536,1.0,0.966,0.0056,0.9
0.028030163487616836,0.2607851148474484,0.4698621397062123,1.0,2.3855,0.536,1.0,0.966,0.0056,0.9
5.133931306122542e-6,0.47075151071760235,0.47559550653844107,1.0,2.3855,0.536,1.0,0.966,0.0056,0.9
1.7438233695337707e-5,0.4690535019593338,0.4755807176371246,1.0,2.3855,0.536,1.0,0.966,0.0056,0.9
0.002154267238468624,0.5161959600085224,0.4764941680341538,1.0,2.3855,0.536,1.0,0.966,0.0056,0.9
0.0280830040354936,0.2595270709348305,0.4696493645086338,1.0,2.3855,0.536,1.0,0.966,0.0056,0.9
2.100980259598012e-5,0.46347723200296476,0.47544333646593673,1.0,2.3855,0.536,1.0,0.966,0.0056,0.9
0.0013393612027524794,0.42797108852680704,0.47461656440586314,1.0,2.3855,0.536,1.0,0.966,0.0056,0.9
1.3778273400350711e-5,0.4715992204898416,0.475627671171721,1.0,2.3855,0.536,1.0,0.966,0.0056,0.9
9.455684662237814e-5,0.46051669388133476,0.47540748502082053,1.0,2.3855,0.536,1.0,0.966,0.0056,0.9
0.000821557506997053,0.4363698165201779,0.4748320927757885,1.0,2.3855,0.536,1.0,0.966,0.0056,0.9
0.0007063406997394275,0.49653954739373257,0.4761532453533678,1.0,2.3855,0.536,1.0,0.966,0.0056,0.9
1.7291121705534635e-5,0.47000983989323447,0.4756001574356102,1.0,2.3855,0.536,1.0,0.966,0.0056,0.9
6.706297102603339e-6,0.4660578220614111,0.4754940643139126,1.0,2.3855,0.536,1.0,0.966,0.0056,0.9
0.0007618795167714683,0.4374635365990712,0.4748641422004012,1.0,2.3855,0.536,1.0,0.966,0.0056,0.9
2.462064554594331e-6,0.4689030351982546,0.4755539405503489,1.0,2.3855,0.536,1.0,0.966,0.0056,0.9
0.0014623365450755492,0.42520401100653027,0.4745727272089449,1.0,2.3855,0.536,1.0,0.966,0.0056,0.9
6.510194004210437e-7,0.46890330113969636,0.4755572688519509,1.0,2.3855,0.536,1.0,0.966,0.0056,0.9
7.222028489513961e-6,0.46811673257854686,0.4755545768848987,1.0,2.3855,0.536,1.0,0.966,0.0056,0.9
1.6864016373242836e-5,0.46405797658461867,0.47545381269109027,1.0,2.3855,0.536,1.0,0.966,0.0056,0.9
0.03493709135073626,0.23415228335713822,0.4687312137604884,1.0,2.3855,0.536,1.0,0.966,0.0056,0.9
0.0002245328170337023,0.45263879665456247,0.47522770146540466,1.0,2.3855,0.536,1.0,0.966,0.0056,0.9
0.03854356242872126,0.22101685385674097,0.46802343180010325,1.0,2.3855,0.536,1.0,0.966,0.0056,0.9
5.034198145352387e-6,0.4695666613116575,0.47558286295445257,1.0,2.3855,0.536,1.0,0.966,0.0056,0.9
1.3763135117769936e-5,0.47257593503680184,0.47563750278349815,1.0,2.3855,0.536,1.0,0.966,0.0056,0.9
4.3451024188964194e-5,0.4752855938555899,0.47570483198803204,1.0,2.3855,0.536,1.0,0.966,0.0056,0.9
7.493286854338871e-6,0.4680278411688989,0.47553039379409096,1.0,2.3855,0.536,1.0,0.966,0.0056,0.9
1.0294098490741955e-6,0.46922482547870914,0.475570427207658,1.0,2.3855,0.536,1.0,0.966,0.0056,0.9
2.191364053369636e-5,0.4718925936575922,0.47560934374872854,1.0,2.3855,0.536,1.0,0.966,0.0056,0.9
0.0380495738338431,0.22494643652685015,0.46801148143755567,1.0,2.3855,0.536,1.0,0.966,0.0056,0.9
0.031313771663806,0.24682554465592285,0.4691889413124725,1.0,2.3855,0.536,1.0,0.966,0.0056,0.9
0.00043644242336718104,0.4465514072567238,0.47510449053123477,1.0,2.3855,0.536,1.0,0.966,0.0056,0.9
1.0311022285405218e-6,0.46776074046278077,0.47553283414812497,1.0,2.3855,0.536,1.0,0.966,0.0056,0.9
2.641315003109795e-5,0.46503475953206563,0.47546059304840643,1.0,2.3855,0.536,1.0,0.966,0.0056,0.9
1.759999502590142e-7,0.4681032984184845,0.47554253335753804,1.0,2.3855,0.536,1.0,0.966,0.0056,0.9
1.6863907760523398e-5,0.46428169905521904,0.4754672665578281,1.0,2.3855,0.536,1.0,0.966,0.0056,0.9
6.495127421736277e-6,0.46634553667520917,0.47549894607149756,1.0,2.3855,0.536,1.0,0.966,0.0056,0.9
1.0168121781751912e-5,0.4698591569513788,0.4755684652106637,1.0,2.3855,0.536,1.0,0.966,0.0056,0.9
5.7218602918478035e-5,0.464954194524121,0.47550440062269667,1.0,2.3855,0.536,1.0,0.966,0.0056,0.9
2.2475161727107608e-5,0.4661652778502583,0.47551941377193196,1.0,2.3855,0.536,1.0,0.966,0.0056,0.9
4.438120110052178e-5,0.46117643308760503,0.47539306715293744,1.0,2.3855,0.536,1.0,0.966,0.0056,0.9
1.700360479974161e-5,0.4640850030321804,0.47546071909768,1.0,2.3855,0.536,1.0,0.966,0.0056,0.9
0.001434227035174731,0.426801641596224,0.4745834261682813,1.0,2.3855,0.536,1.0,0.966,0.0056,0.9
0.03803330650588163,0.22285371078285748,0.4680666770567767,1.0,2.3855,0.536,1.0,0.966,0.0056,0.9
2.5031422881142513e-5,0.4687127859864535,0.47557700598869024,1.0,2.3855,0.536,1.0,0.966,0.0056,0.9
0.010585568750122176,0.5702551554161404,0.47755061266560805,1.0,2.3855,0.536,1.0,0.966,0.0056,0.9
1.3017116375877857e-6,0.46966474250530776,0.47557456968784717,1.0,2.3855,0.536,1.0,0.966,0.0056,0.9
0.032138873934923116,0.24379295561862493,0.46908267845616863,1.0,2.3855,0.536,1.0,0.966,0.0056,0.9
9.369291470349639e-6,0.4680715956320446,0.47552994520910696,1.0,2.3855,0.536,1.0,0.966,0.0056,0.9
0.013382599535820876,0.32836626073476455,0.4720498142407605,1.0,2.3855,0.536,1.0,0.966,0.0056,0.9
0.0443309258612827,0.2023295722772916,0.4670462701026921,1.0,2.3855,0.536,1.0,0.966,0.0056,0.9
0.013946603810244169,0.32523284552032705,0.4719647468881239,1.0,2.3855,0.536,1.0,0.966,0.0056,0.9
1.4284040162510125e-5,0.4723340318350724,0.47563929405443206,1.0,2.3855,0.536,1.0,0.966,0.0056,0.9
0.027779646469041536,0.2606459629820767,0.4697101295087244,1.0,2.3855,0.536,1.0,0.966,0.0056,0.9
0.0001244524808794402,0.4565782005227257,0.4753067606630329,1.0,2.3855,0.536,1.0,0.966,0.0056,0.9
2.969595886411505e-5,0.46326656176911835,0.47545053039984586,1.0,2.3855,0.536,1.0,0.966,0.0056,0.9
9.163752122842448e-6,0.4704830819238724,0.4756040506952711,1.0,2.3855,0.536,1.0,0.966,0.0056,0.9
3.0437114534871293e-5,0.4714343795583863,0.4756341212822591,1.0,2.3855,0.536,1.0,0.966,0.0056,0.9
1.0058113386601809e-5,0.46522511452438664,0.47548589923654133,1.0,2.3855,0.536,1.0,0.966,0.0056,0.9
3.335995941536107e-5,0.4670331931045637,0.4754969775709939,1.0,2.3855,0.536,1.0,0.966,0.0056,0.9
0.02687386296248727,0.2642910783286796,0.4698584302566455,1.0,2.3855,0.536,1.0,0.966,0.0056,0.9
8.536954475927914e-5,0.47598624715226767,0.4757357877028575,1.0,2.3855,0.536,1.0,0.966,0.0056,0.9
2.7816995535537312e-6,0.46689697411588915,0.4755206149690679,1.0,2.3855,0.536,1.0,0.966,0.0056,0.9
2.8349189987193676e-6,0.46774854690950246,0.47552929168365915,1.0,2.3855,0.536,1.0,0.966,0.0056,0.9
4.411315228981162e-6,0.4696961454970142,0.4755697034975453,1.0,2.3855,0.536,1.0,0.966,0.0056,0.9
0.027469005626376435,0.2618428542595694,0.46978919530405533,1.0,2.3855,0.536,1.0,0.966,0.0056,0.9
9.052058873980787e-6,0.4652201151462536,0.47548217277602084,1.0,2.3855,0.536,1.0,0.966,0.0056,0.9
1.3205450823024625e-6,0.4692884559587688,0.4755723030434851,1.0,2.3855,0.536,1.0,0.966,0.0056,0.9
0.026312578910433013,0.2688934865404166,0.46989350427999027,1.0,2.3855,0.536,1.0,0.966,0.0056,0.9
0.03501555997263636,0.2333750140667031,0.4685499737654704,1.0,2.3855,0.536,1.0,0.966,0.0056,0.9
0.030294413463384073,0.2507064479654565,0.46934545035434616,1.0,2.3855,0.536,1.0,0.966,0.0056,0.9
2.7716841174002144e-5,0.4650965226989042,0.47549659625097135,1.0,2.3855,0.536,1.0,0.966,0.0056,0.9
0.028780075314278983,0.25660300557889376,0.46957836617473664,1.0,2.3855,0.536,1.0,0.966,0.0056,0.9
4.625862611285501e-5,0.4757069879879281,0.47571146163948447,1.0,2.3855,0.536,1.0,0.966,0.0056,0.9
0.003518821514104753,0.3997716087247829,0.4739770136983593,1.0,2.3855,0.536,1.0,0.966,0.0056,0.9
0.00010795149610087926,0.45708958675628136,0.47530045216554656,1.0,2.3855,0.536,1.0,0.966,0.0056,0.9
1.1615434633873308e-6,0.4678234577751559,0.47553363917056124,1.0,2.3855,0.536,1.0,0.966,0.0056,0.9
1.6689139742148387e-5,0.4659025512151116,0.47548228189570146,1.0,2.3855,0.536,1.0,0.966,0.0056,0.9
2.228669303251913e-5,0.4658943182314692,0.47547896354542435,1.0,2.3855,0.536,1.0,0.966,0.0056,0.9
4.606579387706322e-5,0.46315360436167907,0.4754171955038812,1.0,2.3855,0.536,1.0,0.966,0.0056,0.9
0.001033117462141669,0.502321547989608,0.4762713487771781,1.0,2.3855,0.536,1.0,0.966,0.0056,0.9
6.813367948498555e-5,0.45946300504767756,0.47536142651304913,1.0,2.3855,0.536,1.0,0.966,0.0056,0.9
2.591694028666067e-6,0.4702428973391721,0.47559036220970313,1.0,2.3855,0.536,1.0,0.966,0.0056,0.9
0.023619511340937115,0.27810365725029046,0.4704283081381369,1.0,2.3855,0.536,1.0,0.966,0.0056,0.9
0.03077000839467394,0.2495349957528684,0.4691970046176303,1.0,2.3855,0.536,1.0,0.966,0.0056,0.9
0.005891680450971662,0.3786346850642937,0.47341096448061454,1.0,2.3855,0.536,1.0,0.966,0.0056,0.9
5.584438266884953e-6,0.46680130859714747,0.4755080209783979,1.0,2.3855,0.536,1.0,0.966,0.0056,0.9
1.0738234692424311e-5,0.46509313452349665,0.47547455522245957,1.0,2.3855,0.536,1.0,0.966,0.0056,0.9
0.04571013301079832,0.1980611336272601,0.46684665931527675,1.0,2.3855,0.536,1.0,0.966,0.0056,0.9
0.0013408712593522575,0.4272977923572855,0.4746586199454182,1.0,2.3855,0.536,1.0,0.966,0.0056,0.9
5.876192905297934e-5,0.4644442375748862,0.47543672804263665,1.0,2.3855,0.536,1.0,0.966,0.0056,0.9
0.00010780118072138743,0.47378099861734446,0.4756261495342268,1.0,2.3855,0.536,1.0,0.966,0.0056,0.9
9.836646235751637e-6,0.4718242288911696,0.47561885830185313,1.0,2.3855,0.536,1.0,0.966,0.0056,0.9
1.4240721542055341e-5,0.4716012786648855,0.4756280919002069,1.0,2.3855,0.536,1.0,0.966,0.0056,0.9
9.016924677128003e-5,0.4708741325295303,0.475640527247797,1.0,2.3855,0.536,1.0,0.966,0.0056,0.9
0.000217021743147532,0.45254875113442694,0.47519208487745734,1.0,2.3855,0.536,1.0,0.966,0.0056,0.9
3.5657289303517196e-6,0.4692158450417765,0.47557434627353723,1.0,2.3855,0.536,1.0,0.966,0.0056,0.9
0.0016100972878125073,0.42740849666191577,0.4747182808713448,1.0,2.3855,0.536,1.0,0.966,0.0056,0.9
0.004131742940618314,0.3938521072193936,0.47385325797919764,1.0,2.3855,0.536,1.0,0.966,0.0056,0.9
7.247530594326012e-5,0.4672393966171536,0.4755599190448735,1.0,2.3855,0.536,1.0,0.966,0.0056,0.9
0.008795761921267166,0.3571773101550815,0.4728289000940186,1.0,2.3855,0.536,1.0,0.966,0.0056,0.9
6.199207565685046e-7,0.4693293013409244,0.47557057725441176,1.0,2.3855,0.536,1.0,0.966,0.0056,0.9
7.038495253568216e-6,0.4661981997618739,0.475509139099245,1.0,2.3855,0.536,1.0,0.966,0.0056,0.9
2.229361883767113e-5,0.4734952528359552,0.47566303266402815,1.0,2.3855,0.536,1.0,0.966,0.0056,0.9
5.099383503131423e-6,0.4709747445701486,0.4756056892794417,1.0,2.3855,0.536,1.0,0.966,0.0056,0.9
0.001359382942915775,0.4266390269275572,0.4746238223651256,1.0,2.3855,0.536,1.0,0.966,0.0056,0.9
4.2129029898118584e-5,0.46999427092351403,0.4756098566910729,1.0,2.3855,0.536,1.0,0.966,0.0056,0.9
3.590517960814943e-5,0.47310141534073347,0.4756671315841992,1.0,2.3855,0.536,1.0,0.966,0.0056,0.9
3.36986312379675e-5,0.4646838106397225,0.47548940420932495,1.0,2.3855,0.536,1.0,0.966,0.0056,0.9
4.201435530750667e-5,0.4705530482486272,0.4755697697074338,1.0,2.3855,0.536,1.0,0.966,0.0056,0.9
0.001832412274431625,0.4197896069028889,0.4744776272212045,1.0,2.3855,0.536,1.0,0.966,0.0056,0.9
8.65974474607504e-6,0.46593041574628224,0.4754893854566167,1.0,2.3855,0.536,1.0,0.966,0.0056,0.9
0.002034527438544487,0.5132870434512085,0.4764156045451601,1.0,2.3855,0.536,1.0,0.966,0.0056,0.9
0.0002188403884071204,0.46397908448449976,0.4753953542240664,1.0,2.3855,0.536,1.0,0.966,0.0056,0.9
9.186374186659619e-5,0.47821577813003335,0.4757716603934087,1.0,2.3855,0.536,1.0,0.966,0.0056,0.9
2.0920457735999725e-5,0.4654964991128545,0.47547215774425394,1.0,2.3855,0.536,1.0,0.966,0.0056,0.9
2.05432595424263e-5,0.47252571945230226,0.47562628827208114,1.0,2.3855,0.536,1.0,0.966,0.0056,0.9
1.6100791119549677e-5,0.469175200249061,0.4755825626415284,1.0,2.3855,0.536,1.0,0.966,0.0056,0.9
5.946095977236267e-6,0.46681664447182164,0.4755235408857521,1.0,2.3855,0.536,1.0,0.966,0.0056,0.9
2.824138958809402e-7,0.46879951656253993,0.47555613568879346,1.0,2.3855,0.536,1.0,0.966,0.0056,0.9
0.0021734418933550144,0.41513846162747237,0.47436114618958597,1.0,2.3855,0.536,1.0,0.966,0.0056,0.9
9.810226733444896e-5,0.47785117335676375,0.47576983934712075,1.0,2.3855,0.536,1.0,0.966,0.0056,0.9
0.0025159270823103858,0.4108679004915371,0.47424419353885067,1.0,2.3855,0.536,1.0,0.966,0.0056,0.9
1.5126556855915617e-5,0.47101383838362804,0.4755921919566215,1.0,2.3855,0.536,1.0,0.966,0.0056,0.9
0.00021477762074731386,0.4522869820398665,0.4751946390121581,1.0,2.3855,0.536,1.0,0.966,0.0056,0.9
3.799780640674122e-5,0.4622713876744142,0.47540781509055,1.0,2.3855,0.536,1.0,0.966,0.0056,0.9
2.9224969448170026e-6,0.4669457641533566,0.4755146251937704,1.0,2.3855,0.536,1.0,0.966,0.0056,0.9
1.0149224767619207e-5,0.46552005915797545,0.4754947713038692,1.0,2.3855,0.536,1.0,0.966,0.0056,0.9
0.0015932477294099173,0.4231000224735812,0.47453081346732295,1.0,2.3855,0.536,1.0,0.966,0.0056,0.9
3.801114214694287e-5,0.4701800212299232,0.47561225180431776,1.0,2.3855,0.536,1.0,0.966,0.0056,0.9
0.00010160130351385503,0.45943455552093665,0.4753813388645561,1.0,2.3855,0.536,1.0,0.966,0.0056,0.9
0.011116501203633508,0.3417346969118585,0.4724273271256902,1.0,2.3855,0.536,1.0,0.966,0.0056,0.9
0.021687084659246562,0.28658162881125376,0.470708059448499,1.0,2.3855,0.536,1.0,0.966,0.0056,0.9
1.4013383368775518e-8,0.4686112068714453,0.475554438065182,1.0,2.3855,0.536,1.0,0.966,0.0056,0.9
8.05537067964941e-6,0.4664432675266943,0.4755165338236172,1.0,2.3855,0.536,1.0,0.966,0.0056,0.9
0.0007126745936365964,0.453812813561269,0.47513488886890914,1.0,2.3855,0.536,1.0,0.966,0.0056,0.9
3.489982445407366e-5,0.4620357871151096,0.47541526111865656,1.0,2.3855,0.536,1.0,0.966,0.0056,0.9
7.269888451300638e-5,0.4673588459671461,0.4754921363166426,1.0,2.3855,0.536,1.0,0.966,0.0056,0.9
4.843957994012975e-5,0.46844011622785375,0.4755793518798384,1.0,2.3855,0.536,1.0,0.966,0.0056,0.9
2.2053457982331655e-6,0.46722281969269286,0.4755281237639775,1.0,2.3855,0.536,1.0,0.966,0.0056,0.9
3.356738997482367e-5,0.4633132255707591,0.47545453786387926,1.0,2.3855,0.536,1.0,0.966,0.0056,0.9
4.4730943421951755e-7,0.46908426658125263,0.47556235616734277,1.0,2.3855,0.536,1.0,0.966,0.0056,0.9
0.00010145831749823521,0.47288595875130524,0.4756830325272997,1.0,2.3855,0.536,1.0,0.966,0.0056,0.9
0.000411814613368851,0.4459797384314181,0.4750505220849555,1.0,2.3855,0.536,1.0,0.966,0.0056,0.9
2.3271004248104172e-5,0.46765297267040007,0.47555341268911144,1.0,2.3855,0.536,1.0,0.966,0.0056,0.9
2.536079795270108e-5,0.46321362397363874,0.47543218261732395,1.0,2.3855,0.536,1.0,0.966,0.0056,0.9
4.796996987668142e-6,0.4661207557873569,0.47550034989255574,1.0,2.3855,0.536,1.0,0.966,0.0056,0.9
0.0025172454119935673,0.5207492438452697,0.4766044955430054,1.0,2.3855,0.536,1.0,0.966,0.0056,0.9
4.874293788759312e-6,0.4706488876473427,0.4756018386024606,1.0,2.3855,0.536,1.0,0.966,0.0056,0.9
8.899910813045832e-6,0.4716260259571762,0.47561436395423207,1.0,2.3855,0.536,1.0,0.966,0.0056,0.9
2.4913446303281146e-5,0.4637642510547232,0.4754397083495861,1.0,2.3855,0.536,1.0,0.966,0.0056,0.9
6.288389573371252e-6,0.46704481792590585,0.47552940708537855,1.0,2.3855,0.536,1.0,0.966,0.0056,0.9
1.6491981529579475e-5,0.4726489006821255,0.475633709590438,1.0,2.3855,0.536,1.0,0.966,0.0056,0.9
4.1407800331074795e-5,0.46595230793916187,0.4754721832932477,1.0,2.3855,0.536,1.0,0.966,0.0056,0.9
0.022898278455110707,0.2811962557543023,0.47048124067705027,1.0,2.3855,0.536,1.0,0.966,0.0056,0.9
0.00013455263241965494,0.47371631132377906,0.4757060213192075,1.0,2.3855,0.536,1.0,0.966,0.0056,0.9
9.406686394318912e-7,0.46833895484675003,0.4755522228757612,1.0,2.3855,0.536,1.0,0.966,0.0056,0.9
4.0312089329229726e-5,0.4728553551663808,0.4756647145050374,1.0,2.3855,0.536,1.0,0.966,0.0056,0.9
0.0007924851429408428,0.43868213343374907,0.4749391113192244,1.0,2.3855,0.536,1.0,0.966,0.0056,0.9
6.523290255407906e-6,0.4671501868459125,0.47551358134220995,1.0,2.3855,0.536,1.0,0.966,0.0056,0.9
2.6195385184172127e-6,0.4687931483362514,0.4755645907509939,1.0,2.3855,0.536,1.0,0.966,0.0056,0.9
0.01434624998145519,0.32300115853651734,0.47188095938806957,1.0,2.3855,0.536,1.0,0.966,0.0056,0.9
0.017089000983685862,0.3085623803379201,0.47143133963612155,1.0,2.3855,0.536,1.0,0.966,0.0056,0.9
0.025372566564330148,0.27100123883998006,0.4702068652596134,1.0,2.3855,0.536,1.0,0.966,0.0056,0.9
3.6402372912729455e-6,0.4675941277948594,0.4755252349916532,1.0,2.3855,0.536,1.0,0.966,0.0056,0.9
0.013314888477523112,0.3289167740855243,0.4720313584534084,1.0,2.3855,0.536,1.0,0.966,0.0056,0.9
0.00027928380909176143,0.47512022317105235,0.47562852155338875,1.0,2.3855,0.536,1.0,0.966,0.0056,0.9
1.2647481217961628e-5,0.4696898015689311,0.47556300685787584,1.0,2.3855,0.536,1.0,0.966,0.0056,0.9
0.03853723067279358,0.22106202602273006,0.46804613289605734,1.0,2.3855,0.536,1.0,0.966,0.0056,0.9
9.697405964818666e-6,0.4677164501571296,0.47554755065542015,1.0,2.3855,0.536,1.0,0.966,0.0056,0.9
3.677377190627241e-5,0.47188568818448245,0.47564530670508265,1.0,2.3855,0.536,1.0,0.966,0.0056,0.9
5.251042868148251e-5,0.46507745541279105,0.4755057868840816,1.0,2.3855,0.536,1.0,0.966,0.0056,0.9
2.4931984793123475e-5,0.47124840444720745,0.4756280923860654,1.0,2.3855,0.536,1.0,0.966,0.0056,0.9
0.007924480362146854,0.36283697556222433,0.4730123715634553,1.0,2.3855,0.536,1.0,0.966,0.0056,0.9
0.028452435836603663,0.25790105738568003,0.4696249511674394,1.0,2.3855,0.536,1.0,0.966,0.0056,0.9
0.0017857006837676604,0.4238589253504174,0.4746292300157344,1.0,2.3855,0.536,1.0,0.966,0.0056,0.9
0.014957338951056573,0.31969299516182914,0.4717902726341237,1.0,2.3855,0.536,1.0,0.966,0.0056,0.9
1.1617663147072234e-5,0.47185822161587393,0.4756294609626658,1.0,2.3855,0.536,1.0,0.966,0.0056,0.9
0.015231011398247956,0.3182295219630319,0.4717459283735726,1.0,2.3855,0.536,1.0,0.966,0.0056,0.9
4.288596703912976e-5,0.461359808228497,0.47540199888988427,1.0,2.3855,0.536,1.0,0.966,0.0056,0.9
8.075787779355787e-6,0.4705942220671248,0.4756050880509601,1.0,2.3855,0.536,1.0,0.966,0.0056,0.9
0.02505307027117755,0.271980926023774,0.4701281867288683,1.0,2.3855,0.536,1.0,0.966,0.0056,0.9
5.837339140931526e-6,0.47071166830222116,0.47559317351590974,1.0,2.3855,0.536,1.0,0.966,0.0056,0.9
2.4445871068183218e-5,0.46957663697466107,0.47559476076988383,1.0,2.3855,0.536,1.0,0.966,0.0056,0.9
6.615448613180631e-8,0.46835088753358656,0.4755476728649335,1.0,2.3855,0.536,1.0,0.966,0.0056,0.9
0.005209353316863437,0.38399082880631236,0.47357291689172054,1.0,2.3855,0.536,1.0,0.966,0.0056,0.9
2.1454286812873115e-5,0.4635654003169639,0.4754413182630083,1.0,2.3855,0.536,1.0,0.966,0.0056,0.9
2.291301912899114e-6,0.46687774900512385,0.4755178635184169,1.0,2.3855,0.536,1.0,0.966,0.0056,0.9
4.4634569180437814e-5,0.474700590722523,0.47569786093539057,1.0,2.3855,0.536,1.0,0.966,0.0056,0.9
4.371703945889532e-5,0.4613606116392066,0.47539298148764036,1.0,2.3855,0.536,1.0,0.966,0.0056,0.9
0.0005231458505023302,0.49306426027079625,0.4760659041388949,1.0,2.3855,0.536,1.0,0.966,0.0056,0.9
0.00010900363332509854,0.4753513929321608,0.47566287582808797,1.0,2.3855,0.536,1.0,0.966,0.0056,0.9
0.0023108577365570262,0.41335733489856136,0.4743121931887993,1.0,2.3855,0.536,1.0,0.966,0.0056,0.9
0.0017324226332754275,0.421512623194779,0.47447549226213176,1.0,2.3855,0.536,1.0,0.966,0.0056,0.9
2.379446552771854e-5,0.47378024267101193,0.47566717132605824,1.0,2.3855,0.536,1.0,0.966,0.0056,0.9
0.018919853282734874,0.29953843237248445,0.4711206104896642,1.0,2.3855,0.536,1.0,0.966,0.0056,0.9
2.8637331074114335e-5,0.47029656107660034,0.47556888639441924,1.0,2.3855,0.536,1.0,0.966,0.0056,0.9
0.00022599495808110559,0.45276267639587026,0.475232486397103,1.0,2.3855,0.536,1.0,0.966,0.0056,0.9
0.00659344949983115,0.37267929614578255,0.4732985386303351,1.0,2.3855,0.536,1.0,0.966,0.0056,0.9
2.534359237263061e-5,0.47239113172128433,0.4756492206067896,1.0,2.3855,0.536,1.0,0.966,0.0056,0.9
0.017478637856881963,0.3066002328494722,0.4713699417649777,1.0,2.3855,0.536,1.0,0.966,0.0056,0.9
0.001722674714095482,0.4212131243281662,0.47450326065362197,1.0,2.3855,0.536,1.0,0.966,0.0056,0.9
0.02191792524260837,0.28555626429952397,0.4706398021249347,1.0,2.3855,0.536,1.0,0.966,0.0056,0.9
6.621599028425958e-6,0.4710345523003131,0.4756008253471273,1.0,2.3855,0.536,1.0,0.966,0.0056,0.9
2.353898396666646e-5,0.46389383069259643,0.4754631342037653,1.0,2.3855,0.536,1.0,0.966,0.0056,0.9
0.0174090895829961,0.3070273841362914,0.47140568491002216,1.0,2.3855,0.536,1.0,0.966,0.0056,0.9
1.3033626146968405e-6,0.46729985460864687,0.4755270457462894,1.0,2.3855,0.536,1.0,0.966,0.0056,0.9
0.0011569638867161218,0.43003822498942323,0.47469186017706616,1.0,2.3855,0.536,1.0,0.966,0.0056,0.9
0.013018001241558438,0.3304641745433631,0.47212113157374586,1.0,2.3855,0.536,1.0,0.966,0.0056,0.9
0.0061078914642949626,0.5477729578190376,0.4771299332399586,1.0,2.3855,0.536,1.0,0.966,0.0056,0.9
0.0009010752133710674,0.5004487022048073,0.4762080792969582,1.0,2.3855,0.536,1.0,0.966,0.0056,0.9
0.002633021134027259,0.4149114561117638,0.4742480662990642,1.0,2.3855,0.536,1.0,0.966,0.0056,0.9
0.022544075539347664,0.2827187212160518,0.4705664164041144,1.0,2.3855,0.536,1.0,0.966,0.0056,0.9
2.560578643420044e-5,0.47140552172488825,0.47563139249260844,1.0,2.3855,0.536,1.0,0.966,0.0056,0.9
0.00032657497322703606,0.4488083500118438,0.47510720147278096,1.0,2.3855,0.536,1.0,0.966,0.0056,0.9
2.6676495840592834e-6,0.46995650720679205,0.47558680379281965,1.0,2.3855,0.536,1.0,0.966,0.0056,0.9
0.00030753354688197143,0.4552425013215872,0.4752105754507804,1.0,2.3855,0.536,1.0,0.966,0.0056,0.9
0.0005759374323685926,0.4939432677639879,0.47606822381063624,1.0,2.3855,0.536,1.0,0.966,0.0056,0.9
9.103142320892117e-5,0.46835790611336225,0.4755090860916708,1.0,2.3855,0.536,1.0,0.966,0.0056,0.9
1.3503987564767304e-5,0.47180253616218915,0.47561318886850057,1.0,2.3855,0.536,1.0,0.966,0.0056,0.9
0.019996199467381917,0.29517903698923986,0.4709082118444974,1.0,2.3855,0.536,1.0,0.966,0.0056,0.9
1.6384019259649086e-5,0.4687847552207407,0.47557455045744457,1.0,2.3855,0.536,1.0,0.966,0.0056,0.9
8.308456316887873e-6,0.46546105870060833,0.4754835619503348,1.0,2.3855,0.536,1.0,0.966,0.0056,0.9
0.018549290925079138,0.3014622381652545,0.47116504945217375,1.0,2.3855,0.536,1.0,0.966,0.0056,0.9
0.0023655360798603246,0.4126840056980311,0.47428964652311434,1.0,2.3855,0.536,1.0,0.966,0.0056,0.9
0.00034764551129248307,0.44791722047286553,0.4750922934792969,1.0,2.3855,0.536,1.0,0.966,0.0056,0.9
9.107207117123336e-5,0.45822620019515803,0.47532131338657946,1.0,2.3855,0.536,1.0,0.966,0.0056,0.9
2.1609440532407448e-5,0.4640953167879261,0.4754475410509152,1.0,2.3855,0.536,1.0,0.966,0.0056,0.9
0.0007982622162022105,0.4859115869968704,0.47582510954360224,1.0,2.3855,0.536,1.0,0.966,0.0056,0.9
0.0001660961574729762,0.4547797082888561,0.4752704980345047,1.0,2.3855,0.536,1.0,0.966,0.0056,0.9
4.982320735186558e-7,0.4692973912808268,0.47556844975714957,1.0,2.3855,0.536,1.0,0.966,0.0056,0.9
0.018473634831795902,0.301685640754919,0.4711986976728978,1.0,2.3855,0.536,1.0,0.966,0.0056,0.9
0.005322027562998812,0.38305935121301443,0.47354528713342187,1.0,2.3855,0.536,1.0,0.966,0.0056,0.9
0.003980056695135824,0.39516255004029094,0.4738644751863122,1.0,2.3855,0.536,1.0,0.966,0.0056,0.9
7.141635693041215e-6,0.4689567728908579,0.4755504751334161,1.0,2.3855,0.536,1.0,0.966,0.0056,0.9
4.101049542208571e-6,0.4673653783313184,0.47552026252921253,1.0,2.3855,0.536,1.0,0.966,0.0056,0.9
0.020250510248211576,0.2933111650880975,0.4708932570880454,1.0,2.3855,0.536,1.0,0.966,0.0056,0.9
8.489255442779904e-7,0.4690654023674957,0.4755669867746389,1.0,2.3855,0.536,1.0,0.966,0.0056,0.9
0.037527383316354,0.22448221626545534,0.46817362748391456,1.0,2.3855,0.536,1.0,0.966,0.0056,0.9
2.9071282420287623e-5,0.4657304815343838,0.4755123190062417,1.0,2.3855,0.536,1.0,0.966,0.0056,0.9
0.01583089383641008,0.31556921907746105,0.4715941471399074,1.0,2.3855,0.536,1.0,0.966,0.0056,0.9
0.003827839496713374,0.3997540824721167,0.4738952567442285,1.0,2.3855,0.536,1.0,0.966,0.0056,0.9
8.438640858286261e-6,0.46991322703158356,0.4755709952065074,1.0,2.3855,0.536,1.0,0.966,0.0056,0.9
0.028239946349754012,0.25874698010900504,0.46965753717069675,1.0,2.3855,0.536,1.0,0.966,0.0056,0.9
1.0255252418721476e-5,0.46500752838314247,0.47547612276647294,1.0,2.3855,0.536,1.0,0.966,0.0056,0.9
3.4323426101388485e-6,0.4697808295954312,0.4755850320795177,1.0,2.3855,0.536,1.0,0.966,0.0056,0.9
2.1249140652679956e-5,0.4634479939299184,0.47544275213004034,1.0,2.3855,0.536,1.0,0.966,0.0056,0.9
7.857536915141397e-5,0.47026855251371064,0.4755533492114341,1.0,2.3855,0.536,1.0,0.966,0.0056,0.9
8.364416429703395e-5,0.4586237717907559,0.47534704966215224,1.0,2.3855,0.536,1.0,0.966,0.0056,0.9
0.0003801216629205371,0.4467296943139718,0.4750781494597356,1.0,2.3855,0.536,1.0,0.966,0.0056,0.9
2.8070059699784095e-5,0.4629008201452409,0.4754255689299064,1.0,2.3855,0.536,1.0,0.966,0.0056,0.9
3.198207850824771e-6,0.46911083198940967,0.47557180454191894,1.0,2.3855,0.536,1.0,0.966,0.0056,0.9
7.461841182107393e-5,0.4599338901094761,0.4753833990586758,1.0,2.3855,0.536,1.0,0.966,0.0056,0.9
5.3159409619250395e-5,0.47262336254714643,0.4756651365038669,1.0,2.3855,0.536,1.0,0.966,0.0056,0.9
0.021256099425247792,0.28854762737639517,0.4707772856997068,1.0,2.3855,0.536,1.0,0.966,0.0056,0.9
1.0927593364462883e-5,0.46498031321407707,0.4754732299066246,1.0,2.3855,0.536,1.0,0.966,0.0056,0.9
0.03146215899564262,0.24632243426030687,0.46912679823725,1.0,2.3855,0.536,1.0,0.966,0.0056,0.9
0.00011141746980235047,0.4573437515915251,0.475297985771905,1.0,2.3855,0.536,1.0,0.966,0.0056,0.9
1.0119810027958332e-5,0.46515521014246064,0.4754764964862358,1.0,2.3855,0.536,1.0,0.966,0.0056,0.9
0.015100768960692993,0.3189414230894983,0.4717723989608272,1.0,2.3855,0.536,1.0,0.966,0.0056,0.9
3.871569291664349e-6,0.46834226697421505,0.4755564734769297,1.0,2.3855,0.536,1.0,0.966,0.0056,0.9
2.035019137563444e-5,0.46574255131449893,0.4754771008829991,1.0,2.3855,0.536,1.0,0.966,0.0056,0.9
0.00979765752756344,0.350077759372918,0.47269054186685877,1.0,2.3855,0.536,1.0,0.966,0.0056,0.9
0.004688193313334329,0.38858680353541797,0.4736896420666989,1.0,2.3855,0.536,1.0,0.966,0.0056,0.9
9.50232752956419e-6,0.4653341688697419,0.47548829416506994,1.0,2.3855,0.536,1.0,0.966,0.0056,0.9
0.00013566536705090094,0.48029946098312903,0.47581812063427403,1.0,2.3855,0.536,1.0,0.966,0.0056,0.9
6.853632257922678e-5,0.46496209568693203,0.4754440913449497,1.0,2.3855,0.536,1.0,0.966,0.0056,0.9
0.00017671576148412592,0.4686184450380426,0.4756095247617131,1.0,2.3855,0.536,1.0,0.966,0.0056,0.9
0.00039087765157095857,0.44642625469560193,0.47507323853427935,1.0,2.3855,0.536,1.0,0.966,0.0056,0.9
0.02176267496752183,0.28627933588871757,0.4707074440711097,1.0,2.3855,0.536,1.0,0.966,0.0056,0.9
0.026143245464962613,0.2672655251498858,0.4699877528002628,1.0,2.3855,0.536,1.0,0.966,0.0056,0.9
1.3422498797083911e-5,0.472287481655543,0.47562705337049954,1.0,2.3855,0.536,1.0,0.966,0.0056,0.9
3.798093511316614e-5,0.47252244698198326,0.4756168198626529,1.0,2.3855,0.536,1.0,0.966,0.0056,0.9
3.698197649377943e-6,0.4670763623481343,0.475527099040415,1.0,2.3855,0.536,1.0,0.966,0.0056,0.9
0.010926233308187708,0.3429829605484243,0.4724977570490876,1.0,2.3855,0.536,1.0,0.966,0.0056,0.9
0.0021758595393920137,0.4150624620873749,0.4743530936107426,1.0,2.3855,0.536,1.0,0.966,0.0056,0.9
1.5044319446806077e-6,0.4695878075772678,0.47557176844826604,1.0,2.3855,0.536,1.0,0.966,0.0056,0.9
7.870887120581127e-5,0.47790832144516754,0.4757593151455312,1.0,2.3855,0.536,1.0,0.966,0.0056,0.9
1.2226274842189776e-5,0.4659908370735187,0.4754870456871101,1.0,2.3855,0.536,1.0,0.966,0.0056,0.9
0.009361966397098872,0.3528933648825078,0.47275420961770553,1.0,2.3855,0.536,1.0,0.966,0.0056,0.9
3.5718390963289425e-6,0.4670884626409585,0.475515849532014,1.0,2.3855,0.536,1.0,0.966,0.0056,0.9
4.9030222925021585e-5,0.4710629271299165,0.4756335826385897,1.0,2.3855,0.536,1.0,0.966,0.0056,0.9
1.72614042655406e-5,0.46659402922132887,0.4755266530813873,1.0,2.3855,0.536,1.0,0.966,0.0056,0.9
0.0017971091695214837,0.5125685003160055,0.476431865217274,1.0,2.3855,0.536,1.0,0.966,0.0056,0.9
0.011252774428252945,0.3408717419896996,0.47241472569013165,1.0,2.3855,0.536,1.0,0.966,0.0056,0.9
0.0007721511288540734,0.4972295365660346,0.476121996379316,1.0,2.3855,0.536,1.0,0.966,0.0056,0.9
0.015357742623928756,0.31758193909360316,0.47173278579199485,1.0,2.3855,0.536,1.0,0.966,0.0056,0.9
1.5036459170520623e-5,0.47092401912648885,0.4756165416696006,1.0,2.3855,0.536,1.0,0.966,0.0056,0.9
0.010513292943746144,0.3454652884508737,0.4725521424043353,1.0,2.3855,0.536,1.0,0.966,0.0056,0.9
0.014024853158349716,0.32519582429078336,0.4718997780579035,1.0,2.3855,0.536,1.0,0.966,0.0056,0.9
0.002779688833135445,0.523414506144703,0.47667313139245515,1.0,2.3855,0.536,1.0,0.966,0.0056,0.9
0.009137028960693369,0.35439315033102703,0.4727986005422927,1.0,2.3855,0.536,1.0,0.966,0.0056,0.9
0.00043506702068733084,0.4708544130353493,0.4755163708750781,1.0,2.3855,0.536,1.0,0.966,0.0056,0.9
0.023767572690472017,0.27746164967790865,0.4704053667177706,1.0,2.3855,0.536,1.0,0.966,0.0056,0.9
0.00026567475866171703,0.4507665564224704,0.4751816794045926,1.0,2.3855,0.536,1.0,0.966,0.0056,0.9
0.00011816726390621845,0.4667531127786846,0.4755592407814003,1.0,2.3855,0.536,1.0,0.966,0.0056,0.9
0.002527643375137155,0.4108144576157744,0.474234713518099,1.0,2.3855,0.536,1.0,0.966,0.0056,0.9
5.904568297438837e-7,0.46891934000673374,0.47556346014301454,1.0,2.3855,0.536,1.0,0.966,0.0056,0.9
4.081237580419278e-6,0.47046044037553825,0.47559751964808733,1.0,2.3855,0.536,1.0,0.966,0.0056,0.9
1.60448535599698e-5,0.4697911761842941,0.47559511237096486,1.0,2.3855,0.536,1.0,0.966,0.0056,0.9
0.004055235135198159,0.4006253175038409,0.4738815918237292,1.0,2.3855,0.536,1.0,0.966,0.0056,0.9
9.08856340581893e-6,0.4674579743515386,0.47554131573920394,1.0,2.3855,0.536,1.0,0.966,0.0056,0.9
0.003126499314131329,0.4041097545682243,0.47406577649202397,1.0,2.3855,0.536,1.0,0.966,0.0056,0.9
0.0025311306177991703,0.41083045577688854,0.4742664320636541,1.0,2.3855,0.536,1.0,0.966,0.0056,0.9
4.550303253346629e-5,0.46362343338223444,0.47546845314696573,1.0,2.3855,0.536,1.0,0.966,0.0056,0.9
1.8919672997953352e-5,0.463769532885671,0.4754525387637999,1.0,2.3855,0.536,1.0,0.966,0.0056,0.9
6.664891836255045e-6,0.4681563494479155,0.4755549986237596,1.0,2.3855,0.536,1.0,0.966,0.0056,0.9
5.4671896131081896e-5,0.4763946918294263,0.4757254876123755,1.0,2.3855,0.536,1.0,0.966,0.0056,0.9
7.314872167491575e-5,0.4748217403902799,0.47566001689969784,1.0,2.3855,0.536,1.0,0.966,0.0056,0.9
1.6689409829154926e-5,0.4641398906896227,0.4754620965313419,1.0,2.3855,0.536,1.0,0.966,0.0056,0.9
0.010698044606308087,0.3444138080238881,0.4724923638084947,1.0,2.3855,0.536,1.0,0.966,0.0056,0.9
9.019025137146745e-6,0.46820100235618783,0.4755328962677269,1.0,2.3855,0.536,1.0,0.966,0.0056,0.9
0.008769208235326922,0.3568797133976259,0.47286520417481165,1.0,2.3855,0.536,1.0,0.966,0.0056,0.9
0.00042754602247589734,0.46894906387321794,0.4754757667020841,1.0,2.3855,0.536,1.0,0.966,0.0056,0.9
5.027000096001738e-6,0.4701066505380792,0.4755788310916577,1.0,2.3855,0.536,1.0,0.966,0.0056,0.9
9.448661663931421e-7,0.46907464612873806,0.4755604944553387,1.0,2.3855,0.536,1.0,0.966,0.0056,0.9
0.0021660973069060037,0.517276763697329,0.47655432189459135,1.0,2.3855,0.536,1.0,0.966,0.0056,0.9
0.007183305534737062,0.36822143531763984,0.4731849983852432,1.0,2.3855,0.536,1.0,0.966,0.0056,0.9
2.8658910831271797e-7,0.4689877733044686,0.4755607261321717,1.0,2.3855,0.536,1.0,0.966,0.0056,0.9
0.028155790021330063,0.26438807258040153,0.4696349044002844,1.0,2.3855,0.536,1.0,0.966,0.0056,0.9
0.008746318989219027,0.35703941064740125,0.4728736465423765,1.0,2.3855,0.536,1.0,0.966,0.0056,0.9
6.669489637211801e-6,0.4702949459315525,0.4755816037437658,1.0,2.3855,0.536,1.0,0.966,0.0056,0.9
1.7082315008770092e-6,0.4698283461021856,0.4755777535548487,1.0,2.3855,0.536,1.0,0.966,0.0056,0.9
0.003517500300334664,0.3997977676605965,0.47397469942292625,1.0,2.3855,0.536,1.0,0.966,0.0056,0.9
7.480414966799744e-6,0.4697929050251346,0.4755689928770245,1.0,2.3855,0.536,1.0,0.966,0.0056,0.9
0.006976601038364183,0.3697641432663576,0.4732029245410157,1.0,2.3855,0.536,1.0,0.966,0.0056,0.9
2.2817846662126796e-5,0.4681024112806366,0.4755234285032127,1.0,2.3855,0.536,1.0,0.966,0.0056,0.9
0.0004944301961975048,0.44373767311761064,0.47500078835607634,1.0,2.3855,0.536,1.0,0.966,0.0056,0.9
1.6729744507928434e-5,0.4644346791762932,0.47545744256145933,1.0,2.3855,0.536,1.0,0.966,0.0056,0.9
0.0004411495495245741,0.4910121411842583,0.4760152706822993,1.0,2.3855,0.536,1.0,0.966,0.0056,0.9
0.012088594151576407,0.33617284207098663,0.4722359742877562,1.0,2.3855,0.536,1.0,0.966,0.0056,0.9
1.1686367214544715e-5,0.4721253867304981,0.47562499836674965,1.0,2.3855,0.536,1.0,0.966,0.0056,0.9
3.2310607316614606e-6,0.46660358424856524,0.475512876447921,1.0,2.3855,0.536,1.0,0.966,0.0056,0.9
1.2331971432658873e-5,0.47210986096415064,0.47563369658280913,1.0,2.3855,0.536,1.0,0.966,0.0056,0.9
0.00500609914009879,0.3857399860599304,0.4736383945237891,1.0,2.3855,0.536,1.0,0.966,0.0056,0.9
0.0008604975044359235,0.4398371181990445,0.4748593701903626,1.0,2.3855,0.536,1.0,0.966,0.0056,0.9
0.005139976704838079,0.38462145441708245,0.4735856193354042,1.0,2.3855,0.536,1.0,0.966,0.0056,0.9
0.0004922483477477041,0.44369846206294716,0.4750153708584816,1.0,2.3855,0.536,1.0,0.966,0.0056,0.9
5.186218595331624e-6,0.46603062346667257,0.47549807357858187,1.0,2.3855,0.536,1.0,0.966,0.0056,0.9
0.0006653162831529854,0.4397320044696541,0.47490719922267965,1.0,2.3855,0.536,1.0,0.966,0.0056,0.9
0.005968685480671749,0.3776347428808016,0.47342962156490065,1.0,2.3855,0.536,1.0,0.966,0.0056,0.9
4.456494793570198e-6,0.4685390565160901,0.4755612957810598,1.0,2.3855,0.536,1.0,0.966,0.0056,0.9
3.801592584113374e-5,0.46206593372184657,0.4754054188278817,1.0,2.3855,0.536,1.0,0.966,0.0056,0.9
1.0911418118235114e-5,0.4709265849644527,0.4755931655182969,1.0,2.3855,0.536,1.0,0.966,0.0056,0.9
0.00020898173503386338,0.4747667817859667,0.47573919312979657,1.0,2.3855,0.536,1.0,0.966,0.0056,0.9
0.007611812439738127,0.36565847480160013,0.47305532394004146,1.0,2.3855,0.536,1.0,0.966,0.0056,0.9
1.2020517538661947e-5,0.47185036294581173,0.4756160998902331,1.0,2.3855,0.536,1.0,0.966,0.0056,0.9
0.00011039526443222605,0.457412516116982,0.4753259540739359,1.0,2.3855,0.536,1.0,0.966,0.0056,0.9
9.043263873586825e-5,0.4622082220258277,0.47544864522300584,1.0,2.3855,0.536,1.0,0.966,0.0056,0.9
0.0006309473657783955,0.44051137497653886,0.47495197280444496,1.0,2.3855,0.536,1.0,0.966,0.0056,0.9
9.552350206746067e-6,0.4685956118041774,0.47556656994496294,1.0,2.3855,0.536,1.0,0.966,0.0056,0.9
0.0020153117725536804,0.4172302509157256,0.4744130068641291,1.0,2.3855,0.536,1.0,0.966,0.0056,0.9
7.937991743371803e-6,0.4714661163939282,0.47561833583955726,1.0,2.3855,0.536,1.0,0.966,0.0056,0.9
6.964491493057907e-6,0.4705364314245901,0.47560291928568316,1.0,2.3855,0.536,1.0,0.966,0.0056,0.9
3.441835595990705e-5,0.4660596110237166,0.47552214647382773,1.0,2.3855,0.536,1.0,0.966,0.0056,0.9
0.02120416222762785,0.28885790642479026,0.4707446692212115,1.0,2.3855,0.536,1.0,0.966,0.0056,0.9
0.0034464798682115536,0.40692568935304846,0.47427139778281585,1.0,2.3855,0.536,1.0,0.966,0.0056,0.9
0.012980806958872515,0.330986457909654,0.4721682666770606,1.0,2.3855,0.536,1.0,0.966,0.0056,0.9
0.010812992654202706,0.3437586495835982,0.4724678897408148,1.0,2.3855,0.536,1.0,0.966,0.0056,0.9
0.015682970545382993,0.3164750191466187,0.47161596240606196,1.0,2.3855,0.536,1.0,0.966,0.0056,0.9
2.8747595796724166e-5,0.4626443924826499,0.47542839586752156,1.0,2.3855,0.536,1.0,0.966,0.0056,0.9
0.0058471040307262355,0.5457487893773996,0.4771308083003016,1.0,2.3855,0.536,1.0,0.966,0.0056,0.9
0.0012295731913897615,0.5056449016111427,0.4763127253126788,1.0,2.3855,0.536,1.0,0.966,0.0056,0.9
2.2173548857636217e-6,0.4669996667682605,0.4755218620556238,1.0,2.3855,0.536,1.0,0.966,0.0056,0.9
0.0003374121435761964,0.4874975816433836,0.4759715356103622,1.0,2.3855,0.536,1.0,0.966,0.0056,0.9
1.6497335791716757e-5,0.470103534449248,0.47560159459007256,1.0,2.3855,0.536,1.0,0.966,0.0056,0.9
4.04405008790054e-5,0.4659174347677284,0.47547182494231505,1.0,2.3855,0.536,1.0,0.966,0.0056,0.9
0.0032633525799030077,0.40247802483789613,0.47405636821825065,1.0,2.3855,0.536,1.0,0.966,0.0056,0.9
0.0022695073604953207,0.41388169041987133,0.4743174712106118,1.0,2.3855,0.536,1.0,0.966,0.0056,0.9
1.9937424730675105e-5,0.46658450076901814,0.4755278539896168,1.0,2.3855,0.536,1.0,0.966,0.0056,0.9
0.0018752003438153408,0.41909528112303157,0.4744549812944796,1.0,2.3855,0.536,1.0,0.966,0.0056,0.9
0.00024777643117877417,0.45476255043283065,0.4752963614876542,1.0,2.3855,0.536,1.0,0.966,0.0056,0.9
0.0022110765551482284,0.41510718626476395,0.4743803996517091,1.0,2.3855,0.536,1.0,0.966,0.0056,0.9
0.001986849944370646,0.4175638205599444,0.4744170490117877,1.0,2.3855,0.536,1.0,0.966,0.0056,0.9
1.1413448790603676e-5,0.4693188203934917,0.4755828438726507,1.0,2.3855,0.536,1.0,0.966,0.0056,0.9
3.5462083295200876e-6,0.46976392272447826,0.47558488053954034,1.0,2.3855,0.536,1.0,0.966,0.0056,0.9
2.903850699634946e-6,0.4699996086760997,0.47557932197037217,1.0,2.3855,0.536,1.0,0.966,0.0056,0.9
0.0093893540865374,0.5648072221267,0.4774733737429827,1.0,2.3855,0.536,1.0,0.966,0.0056,0.9
0.00041899179133874037,0.44583764850071544,0.4750698442479919,1.0,2.3855,0.536,1.0,0.966,0.0056,0.9
0.0007545425979282595,0.43758623363984134,0.4748728839975223,1.0,2.3855,0.536,1.0,0.966,0.0056,0.9
0.008438031427782306,0.35918010097174524,0.47293784080675805,1.0,2.3855,0.536,1.0,0.966,0.0056,0.9
0.002525876267650971,0.4109522476465145,0.4742316948594307,1.0,2.3855,0.536,1.0,0.966,0.0056,0.9
1.8950408048209665e-5,0.47263423497674717,0.4756486510406966,1.0,2.3855,0.536,1.0,0.966,0.0056,0.9
1.918688441367666e-5,0.47201981969062645,0.47561422827658545,1.0,2.3855,0.536,1.0,0.966,0.0056,0.9
2.534888075992517e-5,0.4641628811822639,0.4754457397152574,1.0,2.3855,0.536,1.0,0.966,0.0056,0.9
0.015784684893927387,0.31539367934229556,0.4716211070416082,1.0,2.3855,0.536,1.0,0.966,0.0056,0.9
0.005440411951612386,0.3820554714866674,0.4735503649093712,1.0,2.3855,0.536,1.0,0.966,0.0056,0.9
2.7098090278391236e-5,0.46572172406629697,0.4755112247394315,1.0,2.3855,0.536,1.0,0.966,0.0056,0.9
8.211919973348862e-5,0.4697071924586977,0.4756147497881558,1.0,2.3855,0.536,1.0,0.966,0.0056,0.9
0.004573200768678106,0.5377938913794305,0.47693681736818183,1.0,2.3855,0.536,1.0,0.966,0.0056,0.9
1.3860623998922082e-6,0.4679890684724853,0.47554523662935033,1.0,2.3855,0.536,1.0,0.966,0.0056,0.9
9.822921873464613e-6,0.4690599228565746,0.47557648606727304,1.0,2.3855,0.536,1.0,0.966,0.0056,0.9
0.0029111552494823223,0.4063169638662224,0.47414924624242,1.0,2.3855,0.536,1.0,0.966,0.0056,0.9
1.1201658656110652e-5,0.4721277565843582,0.47562639532764295,1.0,2.3855,0.536,1.0,0.966,0.0056,0.9
4.134792313346989e-6,0.4703970626446071,0.47559667772941516,1.0,2.3855,0.536,1.0,0.966,0.0056,0.9
0.013620181663715328,0.3271942943170919,0.4720425579940839,1.0,2.3855,0.536,1.0,0.966,0.0056,0.9
0.009875920026525308,0.5671301541908267,0.4774907472225904,1.0,2.3855,0.536,1.0,0.966,0.0056,0.9
4.234159829682002e-5,0.46159563111201996,0.47541062673125073,1.0,2.3855,0.536,1.0,0.966,0.0056,0.9
0.0008565440820570024,0.4997033209194761,0.47620438380723085,1.0,2.3855,0.536,1.0,0.966,0.0056,0.9
0.00879710215608624,0.3569984297024676,0.4728327422756135,1.0,2.3855,0.536,1.0,0.966,0.0056,0.9
0.0024936124405857073,0.4113745370005461,0.4742403353439733,1.0,2.3855,0.536,1.0,0.966,0.0056,0.9
0.0072703975872388926,0.36778940274379424,0.4731304952018213,1.0,2.3855,0.536,1.0,0.966,0.0056,0.9
2.6832538672087062e-6,0.47003770866667244,0.4755808093759826,1.0,2.3855,0.536,1.0,0.966,0.0056,0.9
8.886828893573084e-5,0.45926833537353007,0.4753713960022188,1.0,2.3855,0.536,1.0,0.966,0.0056,0.9
0.0013970509994161284,0.42626315919877455,0.474630123702667,1.0,2.3855,0.536,1.0,0.966,0.0056,0.9
5.9065264076108165e-6,0.46689502788200216,0.47550937178116226,1.0,2.3855,0.536,1.0,0.966,0.0056,0.9
0.00018598067853013267,0.45337713527951495,0.47522680760946756,1.0,2.3855,0.536,1.0,0.966,0.0056,0.9
3.9655859371780896e-5,0.47205990654364005,0.4756497214685493,1.0,2.3855,0.536,1.0,0.966,0.0056,0.9
0.0028062968163414972,0.4074988708559696,0.4741775059119009,1.0,2.3855,0.536,1.0,0.966,0.0056,0.9
0.00815873225445829,0.36114730439606185,0.4729939948965359,1.0,2.3855,0.536,1.0,0.966,0.0056,0.9
4.217513163641359e-5,0.4651114464695748,0.47550304104065116,1.0,2.3855,0.536,1.0,0.966,0.0056,0.9
0.0011256603930178185,0.5041183048244923,0.4762842929696422,1.0,2.3855,0.536,1.0,0.966,0.0056,0.9
0.001618789154400499,0.5108588804440755,0.47641355889475784,1.0,2.3855,0.536,1.0,0.966,0.0056,0.9
0.009062790606329156,0.35489870295586423,0.4728049506136173,1.0,2.3855,0.536,1.0,0.966,0.0056,0.9
0.011361096046878627,0.3402128237370018,0.47239260073578293,1.0,2.3855,0.536,1.0,0.966,0.0056,0.9
1.969294981133192e-5,0.4661991877319069,0.4754862146969571,1.0,2.3855,0.536,1.0,0.966,0.0056,0.9
9.071691154511721e-5,0.45806547832867334,0.47532168992762724,1.0,2.3855,0.536,1.0,0.966,0.0056,0.9
0.0011854499419101457,0.4303268516734624,0.4746753073388334,1.0,2.3855,0.536,1.0,0.966,0.0056,0.9
0.013911252619742775,0.32543898847483566,0.4719426509190227,1.0,2.3855,0.536,1.0,0.966,0.0056,0.9
1.359453779359555e-5,0.46464696951431206,0.47546461992008315,1.0,2.3855,0.536,1.0,0.966,0.0056,0.9
0.00011515282807189938,0.4798801616326984,0.4758019580528918,1.0,2.3855,0.536,1.0,0.966,0.0056,0.9
1.8590027522021927e-5,0.46516047576719466,0.4754929240203204,1.0,2.3855,0.536,1.0,0.966,0.0056,0.9
8.676368134003094e-5,0.4722932746867895,0.47566806791134114,1.0,2.3855,0.536,1.0,0.966,0.0056,0.9
7.431504820290625e-5,0.46902595931738555,0.4755986703926783,1.0,2.3855,0.536,1.0,0.966,0.0056,0.9
1.2722232409735687e-5,0.4719208079431635,0.4756172287932059,1.0,2.3855,0.536,1.0,0.966,0.0056,0.9
6.854182794112588e-5,0.4735322089799836,0.4756869618223933,1.0,2.3855,0.536,1.0,0.966,0.0056,0.9
6.8472863219918005e-6,0.4706506626409272,0.47559024677825223,1.0,2.3855,0.536,1.0,0.966,0.0056,0.9
6.891203431144118e-6,0.4658416238136582,0.4754988574151029,1.0,2.3855,0.536,1.0,0.966,0.0056,0.9
5.327907904373876e-5,0.4608559884448983,0.4753969207407964,1.0,2.3855,0.536,1.0,0.966,0.0056,0.9
5.329496731191002e-5,0.47099520839040754,0.4756335371517169,1.0,2.3855,0.536,1.0,0.966,0.0056,0.9
5.817611034649269e-6,0.4686596818574926,0.4755451037583089,1.0,2.3855,0.536,1.0,0.966,0.0056,0.9
0.00046167998714737984,0.44445927970903143,0.47502714722378486,1.0,2.3855,0.536,1.0,0.966,0.0056,0.9
4.2516341153814865e-5,0.4679076517992926,0.47556608406213574,1.0,2.3855,0.536,1.0,0.966,0.0056,0.9
6.949391167568127e-5,0.4729312122169119,0.47567593845936795,1.0,2.3855,0.536,1.0,0.966,0.0056,0.9
9.705144371667941e-5,0.45997696179640446,0.47534256833424443,1.0,2.3855,0.536,1.0,0.966,0.0056,0.9
5.478639317932742e-5,0.4628325693627958,0.4754524303356097,1.0,2.3855,0.536,1.0,0.966,0.0056,0.9
1.1234958778389945e-5,0.4654294241333598,0.4754935898740012,1.0,2.3855,0.536,1.0,0.966,0.0056,0.9
9.631500797622775e-5,0.4726762869445431,0.47560329815106644,1.0,2.3855,0.536,1.0,0.966,0.0056,0.9
5.730031283541569e-5,0.4652025415176227,0.47545210205002003,1.0,2.3855,0.536,1.0,0.966,0.0056,0.9
7.439499621424309e-5,0.45960849423633443,0.47534742200905733,1.0,2.3855,0.536,1.0,0.966,0.0056,0.9
0.0009734391502333921,0.43330297544726987,0.4747816377922381,1.0,2.3855,0.536,1.0,0.966,0.0056,0.9
5.4452132278472463e-5,0.4654693489536238,0.47545828397868584,1.0,2.3855,0.536,1.0,0.966,0.0056,0.9
1.0992443140944513e-5,0.46598605269715027,0.4755078534161621,1.0,2.3855,0.536,1.0,0.966,0.0056,0.9
8.943109305663756e-5,0.45806417211361505,0.4753285807858736,1.0,2.3855,0.536,1.0,0.966,0.0056,0.9
4.920507862459154e-5,0.46090122095905217,0.47538311672385963,1.0,2.3855,0.536,1.0,0.966,0.0056,0.9
8.985121606532422e-5,0.4580324161704954,0.47532516017276444,1.0,2.3855,0.536,1.0,0.966,0.0056,0.9
3.956143021471222e-5,0.4629310450383342,0.47541661728907497,1.0,2.3855,0.536,1.0,0.966,0.0056,0.9
4.841850972112499e-6,0.46625462737022605,0.47550051359906453,1.0,2.3855,0.536,1.0,0.966,0.0056,0.9
6.219397553523883e-5,0.4709263389076693,0.4756346955675332,1.0,2.3855,0.536,1.0,0.966,0.0056,0.9
4.576440093840209e-5,0.4611833344618317,0.475399758724583,1.0,2.3855,0.536,1.0,0.966,0.0056,0.9
4.49681548001993e-5,0.4758201608506315,0.4757087487490099,1.0,2.3855,0.536,1.0,0.966,0.0056,0.9
6.039520589915901e-6,0.4711332450747632,0.475605253495706,1.0,2.3855,0.536,1.0,0.966,0.0056,0.9
3.0798618998551335e-5,0.46356990729039355,0.4754596579162699,1.0,2.3855,0.536,1.0,0.966,0.0056,0.9
6.561605911864232e-5,0.45965278368092116,0.47536603356136387,1.0,2.3855,0.536,1.0,0.966,0.0056,0.9
6.705887531094183e-5,0.45962165728711163,0.4753543507525665,1.0,2.3855,0.536,1.0,0.966,0.0056,0.9
1.3866998305576401e-5,0.466269810081934,0.47551697302034274,1.0,2.3855,0.536,1.0,0.966,0.0056,0.9
1.4261174712505024e-7,0.46812353436901855,0.4755440285409267,1.0,2.3855,0.536,1.0,0.966,0.0056,0.9
3.7147998544017846e-5,0.4657961980808724,0.4754706097946555,1.0,2.3855,0.536,1.0,0.966,0.0056,0.9
5.063909951190489e-5,0.46585789991795284,0.47552314119479294,1.0,2.3855,0.536,1.0,0.966,0.0056,0.9
8.451953114111096e-5,0.4626229289084723,0.4754570701795238,1.0,2.3855,0.536,1.0,0.966,0.0056,0.9
6.743200586662046e-5,0.46445153346566254,0.4754957206730217,1.0,2.3855,0.536,1.0,0.966,0.0056,0.9
8.404918719364613e-5,0.4586373449362831,0.4753480132351422,1.0,2.3855,0.536,1.0,0.966,0.0056,0.9
1.6849487124300282e-5,0.46697285098845226,0.47550300643473725,1.0,2.3855,0.536,1.0,0.966,0.0056,0.9
2.3188006849922704e-5,0.46914101840422995,0.4755852151319362,1.0,2.3855,0.536,1.0,0.966,0.0056,0.9
1.758359807067098e-6,0.46983166193701265,0.47558249383416407,1.0,2.3855,0.536,1.0,0.966,0.0056,0.9
1.9392578575805152e-5,0.4651876066815714,0.47549414563556214,1.0,2.3855,0.536,1.0,0.966,0.0056,0.9
0.00017718794174526495,0.4537373944592276,0.47523390666555837,1.0,2.3855,0.536,1.0,0.966,0.0056,0.9
8.948778781887724e-5,0.4788023634652607,0.47576797636976736,1.0,2.3855,0.536,1.0,0.966,0.0056,0.9
6.882456406621753e-5,0.4632784370515337,0.47546829194006146,1.0,2.3855,0.536,1.0,0.966,0.0056,0.9
9.573122540794307e-5,0.45985339887514476,0.475390462750059,1.0,2.3855,0.536,1.0,0.966,0.0056,0.9
9.009961503786107e-5,0.478842113020753,0.47576935597550074,1.0,2.3855,0.536,1.0,0.966,0.0056,0.9
6.195772177705836e-5,0.4625605980383207,0.4754483274741495,1.0,2.3855,0.536,1.0,0.966,0.0056,0.9
8.150346996101411e-5,0.4658505593780502,0.4754587434880326,1.0,2.3855,0.536,1.0,0.966,0.0056,0.9
2.4368841724919988e-6,0.4698444804522207,0.47558447426439393,1.0,2.3855,0.536,1.0,0.966,0.0056,0.9
2.6444684816395292e-5,0.46811582993825246,0.47556482590569865,1.0,2.3855,0.536,1.0,0.966,0.0056,0.9
3.753092418898009e-5,0.4729720203931286,0.4756279277143818,1.0,2.3855,0.536,1.0,0.966,0.0056,0.9
2.2023946200774073e-5,0.4706126036968175,0.4755789771022543,1.0,2.3855,0.536,1.0,0.966,0.0056,0.9
0.0010644073456401643,0.4316021704945375,0.47473572868561825,1.0,2.3855,0.536,1.0,0.966,0.0056,0.9
1.4086657689731618e-5,0.4659102213964808,0.475508422359183,1.0,2.3855,0.536,1.0,0.966,0.0056,0.9
6.519224392761091e-5,0.4769943213459197,0.4757227534345878,1.0,2.3855,0.536,1.0,0.966,0.0056,0.9
5.070441929600756e-5,0.4612162749974266,0.47538413203414714,1.0,2.3855,0.536,1.0,0.966,0.0056,0.9
3.57714983608262e-5,0.471682268131029,0.4755978242963692,1.0,2.3855,0.536,1.0,0.966,0.0056,0.9
2.3824789641130357e-5,0.4713293128836907,0.475629085847427,1.0,2.3855,0.536,1.0,0.966,0.0056,0.9
5.089057350368236e-5,0.46204180742977247,0.4754300956095132,1.0,2.3855,0.536,1.0,0.966,0.0056,0.9
6.880418943356456e-6,0.46890593593468816,0.47557114664128997,1.0,2.3855,0.536,1.0,0.966,0.0056,0.9
1.2881201811412885e-5,0.4688776645143511,0.4755745924154581,1.0,2.3855,0.536,1.0,0.966,0.0056,0.9
3.6870600784295845e-5,0.46185166999418453,0.47540662322548954,1.0,2.3855,0.536,1.0,0.966,0.0056,0.9
1.106384809808573e-5,0.4697541468073115,0.4755914069697251,1.0,2.3855,0.536,1.0,0.966,0.0056,0.9
7.480216126783148e-5,0.46503832327160866,0.4754439463926019,1.0,2.3855,0.536,1.0,0.966,0.0056,0.9
8.454695475841076e-5,0.4584070797056065,0.4753385153053404,1.0,2.3855,0.536,1.0,0.966,0.0056,0.9
9.33962121296158e-5,0.47902724483604703,0.47577319976229016,1.0,2.3855,0.536,1.0,0.966,0.0056,0.9
3.501289823829442e-5,0.47265295357184806,0.475658764670706,1.0,2.3855,0.536,1.0,0.966,0.0056,0.9
5.196751336874357e-6,0.4664474704218843,0.4755131182937576,1.0,2.3855,0.536,1.0,0.966,0.0056,0.9
5.413534166904253e-5,0.47625124292606225,0.475707937332154,1.0,2.3855,0.536,1.0,0.966,0.0056,0.9
2.504836400354836e-5,0.46304753671951415,0.4754372624498355,1.0,2.3855,0.536,1.0,0.966,0.0056,0.9
1.6592666830499496e-5,0.4725049924817198,0.4756444018377118,1.0,2.3855,0.536,1.0,0.966,0.0056,0.9
2.4753411271832103e-5,0.4683527562736397,0.47556922453112804,1.0,2.3855,0.536,1.0,0.966,0.0056,0.9
8.046205666360082e-5,0.4595093674307915,0.47537408006225096,1.0,2.3855,0.536,1.0,0.966,0.0056,0.9
6.24685269611815e-5,0.471143579165117,0.47563912160769783,1.0,2.3855,0.536,1.0,0.966,0.0056,0.9
9.804152471042126e-5,0.47387998736636416,0.47570131981523733,1.0,2.3855,0.536,1.0,0.966,0.0056,0.9
4.633016003420653e-5,0.46879549437500845,0.47552979554821867,1.0,2.3855,0.536,1.0,0.966,0.0056,0.9
7.161323690557515e-5,0.4777069781635529,0.4757493191434561,1.0,2.3855,0.536,1.0,0.966,0.0056,0.9
7.32363922802894e-5,0.46571733584976843,0.47552632565256475,1.0,2.3855,0.536,1.0,0.966,0.0056,0.9
1.9315789763692124e-5,0.47069227143016995,0.47561462107149866,1.0,2.3855,0.536,1.0,0.966,0.0056,0.9
2.5591608900967204e-5,0.4710560956040392,0.4756247195956942,1.0,2.3855,0.536,1.0,0.966,0.0056,0.9
8.420532543395769e-5,0.45837188920618566,0.47533467429841636,1.0,2.3855,0.536,1.0,0.966,0.0056,0.9
7.366827948148457e-5,0.46186822969295105,0.47538359307723904,1.0,2.3855,0.536,1.0,0.966,0.0056,0.9
9.949415342987789e-5,0.45747676136084736,0.47531476232972153,1.0,2.3855,0.536,1.0,0.966,0.0056,0.9
7.38773329641428e-6,0.4699425713329135,0.47557254553947087,1.0,2.3855,0.536,1.0,0.966,0.0056,0.9
2.2728690059759114e-5,0.4724497475928505,0.4756227732175778,1.0,2.3855,0.536,1.0,0.966,0.0056,0.9
1.99504513825189e-5,0.47340200566973745,0.4756566136697658,1.0,2.3855,0.536,1.0,0.966,0.0056,0.9
5.813794654300133e-5,0.46009800910472637,0.4753713113658944,1.0,2.3855,0.536,1.0,0.966,0.0056,0.9
0.005339856571379364,0.3828289425083862,0.4735563177514883,1.0,2.3855,0.536,1.0,0.966,0.0056,0.9
3.6405650751362063e-6,0.4702325819229786,0.47558405350211086,1.0,2.3855,0.536,1.0,0.966,0.0056,0.9
8.367497926245417e-5,0.45854756138870223,0.47534392210178755,1.0,2.3855,0.536,1.0,0.966,0.0056,0.9
9.029387953991961e-5,0.47799770445015616,0.47576819529939424,1.0,2.3855,0.536,1.0,0.966,0.0056,0.9
5.43160166271891e-5,0.4698743344917664,0.4756111095503941,1.0,2.3855,0.536,1.0,0.966,0.0056,0.9
0.00016952756979062922,0.4540599227952507,0.47523870016024355,1.0,2.3855,0.536,1.0,0.966,0.0056,0.9
9.826708155259893e-5,0.4584088939841726,0.475350635839758,1.0,2.3855,0.536,1.0,0.966,0.0056,0.9
5.6103290968717844e-5,0.46113153115915484,0.4753792073913249,1.0,2.3855,0.536,1.0,0.966,0.0056,0.9
2.834691520702718e-5,0.47056026860089095,0.47561622838108075,1.0,2.3855,0.536,1.0,0.966,0.0056,0.9
3.4399778430287704e-5,0.4620881673559731,0.4754165844528855,1.0,2.3855,0.536,1.0,0.966,0.0056,0.9
6.861427304055962e-5,0.45957689335818824,0.4753522015544507,1.0,2.3855,0.536,1.0,0.966,0.0056,0.9
2.0903823889953277e-5,0.4635482381258977,0.4754425567123856,1.0,2.3855,0.536,1.0,0.966,0.0056,0.9
4.3801104697615625e-5,0.47142810611769437,0.4756390681326301,1.0,2.3855,0.536,1.0,0.966,0.0056,0.9
9.82223060101256e-5,0.4575516328735871,0.4753169296634381,1.0,2.3855,0.536,1.0,0.966,0.0056,0.9
7.968575555690352e-5,0.45977443249314964,0.4753465142298476,1.0,2.3855,0.536,1.0,0.966,0.0056,0.9
7.580309163013944e-6,0.46552244365107187,0.47548946019088173,1.0,2.3855,0.536,1.0,0.966,0.0056,0.9
0.00010317985382506829,0.4572703836808564,0.4753094146399911,1.0,2.3855,0.536,1.0,0.966,0.0056,0.9
0.00020330142676116254,0.4526666564540661,0.4752098089249117,1.0,2.3855,0.536,1.0,0.966,0.0056,0.9
3.507886233300835e-5,0.466007508490747,0.4755212037681492,1.0,2.3855,0.536,1.0,0.966,0.0056,0.9
2.186990224189089e-5,0.47349992154532383,0.47565353759475093,1.0,2.3855,0.536,1.0,0.966,0.0056,0.9
7.522403630085103e-5,0.4769697111951184,0.4757469553449827,1.0,2.3855,0.536,1.0,0.966,0.0056,0.9
5.3519164083778954e-5,0.4686042558389154,0.47558432560683184,1.0,2.3855,0.536,1.0,0.966,0.0056,0.9
4.513236600057704e-5,0.46650847801745454,0.47553609474855546,1.0,2.3855,0.536,1.0,0.966,0.0056,0.9
8.406356965033328e-5,0.46078591164352,0.47541089334917896,1.0,2.3855,0.536,1.0,0.966,0.0056,0.9
8.348005894910164e-5,0.4784564270898456,0.4757609565364689,1.0,2.3855,0.536,1.0,0.966,0.0056,0.9
2.172310875330555e-5,0.4699633938998572,0.4756014121812829,1.0,2.3855,0.536,1.0,0.966,0.0056,0.9
3.819854376011175e-5,0.4712323258346377,0.47563326996790734,1.0,2.3855,0.536,1.0,0.966,0.0056,0.9
9.988225440424917e-6,0.46913518116398656,0.47557815095586986,1.0,2.3855,0.536,1.0,0.966,0.0056,0.9
5.9010448858295603e-5,0.4618532161121766,0.47542895645771993,1.0,2.3855,0.536,1.0,0.966,0.0056,0.9
9.282929905710694e-6,0.4651737612409993,0.4754802284546729,1.0,2.3855,0.536,1.0,0.966,0.0056,0.9
8.417257086075818e-5,0.45837621298097003,0.4753350358456975,1.0,2.3855,0.536,1.0,0.966,0.0056,0.9
4.874917569455911e-5,0.4693814250491894,0.47559927998888674,1.0,2.3855,0.536,1.0,0.966,0.0056,0.9
6.1972073546974e-5,0.45982731252367914,0.475366279619803,1.0,2.3855,0.536,1.0,0.966,0.0056,0.9
7.378568739506302e-5,0.45924814024738897,0.47536042180738225,1.0,2.3855,0.536,1.0,0.966,0.0056,0.9
9.974227081808337e-5,0.4574775615809144,0.47531635270165107,1.0,2.3855,0.536,1.0,0.966,0.0056,0.9
6.080405190640159e-5,0.4647741345373558,0.4755013014042027,1.0,2.3855,0.536,1.0,0.966,0.0056,0.9
7.191495601569332e-5,0.459216339850052,0.475356296318515,1.0,2.3855,0.536,1.0,0.966,0.0056,0.9
2.558532020201375e-5,0.468353207336187,0.47552757274010365,1.0,2.3855,0.536,1.0,0.966,0.0056,0.9
4.126501262587115e-5,0.46196231010415917,0.4754215585209419,1.0,2.3855,0.536,1.0,0.966,0.0056,0.9
8.186719234252745e-5,0.4613717388586827,0.4754252324096325,1.0,2.3855,0.536,1.0,0.966,0.0056,0.9
5.922278068956757e-5,0.4600306261656938,0.4753678172724741,1.0,2.3855,0.536,1.0,0.966,0.0056,0.9
9.309986752777051e-5,0.4635648145214276,0.47541010959009306,1.0,2.3855,0.536,1.0,0.966,0.0056,0.9
6.66652345519034e-5,0.4610672304400226,0.4754113637511126,1.0,2.3855,0.536,1.0,0.966,0.0056,0.9
9.809245856196192e-5,0.4647263810570618,0.4755098068423281,1.0,2.3855,0.536,1.0,0.966,0.0056,0.9
7.789250208073038e-5,0.4587784485543708,0.4753447148699088,1.0,2.3855,0.536,1.0,0.966,0.0056,0.9
7.938782991172177e-5,0.4587846324492513,0.4753483423874312,1.0,2.3855,0.536,1.0,0.966,0.0056,0.9
3.366457780812109e-5,0.47440622459801757,0.4756682465036029,1.0,2.3855,0.536,1.0,0.966,0.0056,0.9
0.0032149969949891504,0.40299398813809045,0.4740689540943088,1.0,2.3855,0.536,1.0,0.966,0.0056,0.9
3.673762731725254e-5,0.4744583154119046,0.47568918670876076,1.0,2.3855,0.536,1.0,0.966,0.0056,0.9
9.520856548468103e-5,0.4592110764383834,0.4753726634991689,1.0,2.3855,0.536,1.0,0.966,0.0056,0.9
7.445910868861842e-5,0.47782649187101855,0.47575393880720895,1.0,2.3855,0.536,1.0,0.966,0.0056,0.9
5.4509969681239584e-5,0.4603668976525465,0.47537703509619605,1.0,2.3855,0.536,1.0,0.966,0.0056,0.9
8.29722101974293e-5,0.4609312488960222,0.4754142883171459,1.0,2.3855,0.536,1.0,0.966,0.0056,0.9
8.43755083423069e-5,0.46817842888885514,0.4755830331638191,1.0,2.3855,0.536,1.0,0.966,0.0056,0.9
7.563244310832752e-5,0.46007401557518707,0.4753880124919018,1.0,2.3855,0.536,1.0,0.966,0.0056,0.9
6.296621825255093e-5,0.45999357865315854,0.4753609344290053,1.0,2.3855,0.536,1.0,0.966,0.0056,0.9
3.6982477697005974e-5,0.46197856266538256,0.47541730715366415,1.0,2.3855,0.536,1.0,0.966,0.0056,0.9
1.2743823218103247e-5,0.470772765402244,0.47561217910551445,1.0,2.3855,0.536,1.0,0.966,0.0056,0.9
2.115809428130427e-5,0.472889123833705,0.4756355991316447,1.0,2.3855,0.536,1.0,0.966,0.0056,0.9
4.4398247243343905e-6,0.4681919759174036,0.47555378488169797,1.0,2.3855,0.536,1.0,0.966,0.0056,0.9
1.8036588325527982e-5,0.4715560961864056,0.4756300310080083,1.0,2.3855,0.536,1.0,0.966,0.0056,0.9
4.576317796434225e-5,0.47199834039168964,0.4756507659001683,1.0,2.3855,0.536,1.0,0.966,0.0056,0.9
6.414146884616649e-5,0.4621184821011959,0.4753914926619775,1.0,2.3855,0.536,1.0,0.966,0.0056,0.9
9.797347558834393e-5,0.45773399652436275,0.4753270607838393,1.0,2.3855,0.536,1.0,0.966,0.0056,0.9
5.57982394037971e-5,0.47646131651403645,0.47571362905350806,1.0,2.3855,0.536,1.0,0.966,0.0056,0.9
7.304640018080472e-5,0.4629184313466332,0.4754031146423257,1.0,2.3855,0.536,1.0,0.966,0.0056,0.9
7.249982654211703e-5,0.4592072770864669,0.4753569307472755,1.0,2.3855,0.536,1.0,0.966,0.0056,0.9
5.281908429741226e-5,0.4699167964235397,0.4755522970667455,1.0,2.3855,0.536,1.0,0.966,0.0056,0.9
1.3704318070863247e-5,0.4711389234603483,0.47561957114596354,1.0,2.3855,0.536,1.0,0.966,0.0056,0.9
3.963325267011554e-5,0.46775848169009276,0.4755098555049153,1.0,2.3855,0.536,1.0,0.966,0.0056,0.9
3.8763179787243234e-5,0.4621109924894628,0.4754239278946698,1.0,2.3855,0.536,1.0,0.966,0.0056,0.9
8.295834497306609e-5,0.45844903591777436,0.4753364663795262,1.0,2.3855,0.536,1.0,0.966,0.0056,0.9
9.5007441760244e-5,0.46004395810250637,0.4753444138465064,1.0,2.3855,0.536,1.0,0.966,0.0056,0.9
3.1851057676385058e-6,0.46976963326582133,0.4755844664727474,1.0,2.3855,0.536,1.0,0.966,0.0056,0.9
6.812376314537461e-5,0.45941366528452554,0.47535826121176766,1.0,2.3855,0.536,1.0,0.966,0.0056,0.9
1.0700380583198663e-5,0.47180677280222283,0.475627451359924,1.0,2.3855,0.536,1.0,0.966,0.0056,0.9
1.970187980895973e-5,0.47176705077996217,0.4756348541093325,1.0,2.3855,0.536,1.0,0.966,0.0056,0.9
6.629725154549222e-5,0.45962029666414683,0.4753657189140449,1.0,2.3855,0.536,1.0,0.966,0.0056,0.9
8.904036279292454e-5,0.47837207138298715,0.475771373887125,1.0,2.3855,0.536,1.0,0.966,0.0056,0.9
9.095518660919314e-5,0.47443768077463816,0.4757099663736113,1.0,2.3855,0.536,1.0,0.966,0.0056,0.9
2.548518539208533e-5,0.46303555180879646,0.475437972758068,1.0,2.3855,0.536,1.0,0.966,0.0056,0.9
7.225110836037869e-5,0.46644275799142754,0.4755423156005032,1.0,2.3855,0.536,1.0,0.966,0.0056,0.9
9.120571041685374e-5,0.4579511835925808,0.47532502972259344,1.0,2.3855,0.536,1.0,0.966,0.0056,0.9
6.639499594985036e-7,0.4692186612990613,0.47556915671412175,1.0,2.3855,0.536,1.0,0.966,0.0056,0.9
3.240135930820459e-5,0.46377901923490156,0.4754661220223067,1.0,2.3855,0.536,1.0,0.966,0.0056,0.9
9.162324632772647e-6,0.4684092622415139,0.47553719666635913,1.0,2.3855,0.536,1.0,0.966,0.0056,0.9
5.3335995258622434e-5,0.4604557016525486,0.47537882992076,1.0,2.3855,0.536,1.0,0.966,0.0056,0.9
9.099087713620694e-5,0.4584294787822485,0.47532291775160457,1.0,2.3855,0.536,1.0,0.966,0.0056,0.9
1.9365744788943506e-5,0.46973415121262874,0.47559566109973483,1.0,2.3855,0.536,1.0,0.966,0.0056,0.9
9.291830142161933e-5,0.4594490013166306,0.47537835122703354,1.0,2.3855,0.536,1.0,0.966,0.0056,0.9
2.3209270303390953e-6,0.46729571855079277,0.4755302631380179,1.0,2.3855,0.536,1.0,0.966,0.0056,0.9
4.480009560122667e-5,0.4611893119489685,0.4753911820542833,1.0,2.3855,0.536,1.0,0.966,0.0056,0.9
1.8097822531843146e-5,0.46821680340002636,0.47552801929880373,1.0,2.3855,0.536,1.0,0.966,0.0056,0.9
2.1345266936351407e-6,0.4700611257418201,0.475586683859658,1.0,2.3855,0.536,1.0,0.966,0.0056,0.9
4.9236225049506165e-5,0.4696455287155561,0.4756049056042486,1.0,2.3855,0.536,1.0,0.966,0.0056,0.9
2.8546874757810693e-5,0.4717083476252296,0.4756384669840128,1.0,2.3855,0.536,1.0,0.966,0.0056,0.9
2.487905687829748e-5,0.4719899878077729,0.475641838524133,1.0,2.3855,0.536,1.0,0.966,0.0056,0.9
8.820100852024529e-5,0.478736013318111,0.47576750979048266,1.0,2.3855,0.536,1.0,0.966,0.0056,0.9
3.802109291683722e-5,0.465450187731981,0.47550941904412486,1.0,2.3855,0.536,1.0,0.966,0.0056,0.9
0.00017842228919984947,0.48299311126909783,0.4758569711866166,1.0,2.3855,0.536,1.0,0.966,0.0056,0.9
0.0012543903594668896,0.42833930389570196,0.4746604204568812,1.0,2.3855,0.536,1.0,0.966,0.0056,0.9
0.00023394028766256865,0.48245286796415787,0.4758792729214368,1.0,2.3855,0.536,1.0,0.966,0.0056,0.9
8.616846044880237e-5,0.4582490975245722,0.47533123261480414,1.0,2.3855,0.536,1.0,0.966,0.0056,0.9
5.735677947040513e-5,0.4672998900204814,0.4755572782585327,1.0,2.3855,0.536,1.0,0.966,0.0056,0.9
7.19056987236501e-5,0.4777089229604181,0.47575006418400784,1.0,2.3855,0.536,1.0,0.966,0.0056,0.9
9.430678083369732e-5,0.4658616144070785,0.4754560234594474,1.0,2.3855,0.536,1.0,0.966,0.0056,0.9
4.918011934157242e-5,0.4616147735234156,0.47541714920890465,1.0,2.3855,0.536,1.0,0.966,0.0056,0.9
0.00024020730941946676,0.45126448447119705,0.4751777290168764,1.0,2.3855,0.536,1.0,0.966,0.0056,0.9
2.736696918456073e-5,0.4630864767819491,0.47542827731651516,1.0,2.3855,0.536,1.0,0.966,0.0056,0.9
0.0004014576793799768,0.4461144455793171,0.4750641111414319,1.0,2.3855,0.536,1.0,0.966,0.0056,0.9
4.565389541067523e-5,0.4732578745585225,0.475674140513189,1.0,2.3855,0.536,1.0,0.966,0.0056,0.9
5.1376678435769285e-5,0.4607397276087631,0.47539040870014687,1.0,2.3855,0.536,1.0,0.966,0.0056,0.9
2.0124810709929635e-5,0.4732526866614819,0.4756478080302029,1.0,2.3855,0.536,1.0,0.966,0.0056,0.9
9.7170462105069e-5,0.4579031990960675,0.475332989224417,1.0,2.3855,0.536,1.0,0.966,0.0056,0.9
1.7717121882839457e-5,0.467635045228469,0.4755160438448184,1.0,2.3855,0.536,1.0,0.966,0.0056,0.9
1.8632048571452237e-5,0.46381718866735316,0.4754538675914347,1.0,2.3855,0.536,1.0,0.966,0.0056,0.9
1.6621774879037201e-6,0.4699390774968809,0.4755823176487544,1.0,2.3855,0.536,1.0,0.966,0.0056,0.9
3.580004022414473e-5,0.4619245057939137,0.47541112024076115,1.0,2.3855,0.536,1.0,0.966,0.0056,0.9
5.707791241150549e-5,0.46117833117684875,0.4753792873590003,1.0,2.3855,0.536,1.0,0.966,0.0056,0.9
8.030680733639518e-5,0.4586079908712583,0.47533823479552106,1.0,2.3855,0.536,1.0,0.966,0.0056,0.9
1.98297431247176e-6,0.4700546191782418,0.4755856286148766,1.0,2.3855,0.536,1.0,0.966,0.0056,0.9
0.0020683379067043877,0.41645151358428695,0.47438488869742673,1.0,2.3855,0.536,1.0,0.966,0.0056,0.9
2.9822593653702883e-5,0.47383056673455193,0.47567517100437756,1.0,2.3855,0.536,1.0,0.966,0.0056,0.9
9.591458772826238e-5,0.4576823916591844,0.4753197450083363,1.0,2.3855,0.536,1.0,0.966,0.0056,0.9
7.284132896686935e-5,0.45920132578466366,0.475357215266395,1.0,2.3855,0.536,1.0,0.966,0.0056,0.9
2.4306566979576957e-5,0.47143811559180987,0.4756313726755126,1.0,2.3855,0.536,1.0,0.966,0.0056,0.9
9.707991914415076e-5,0.4579397204781844,0.475334271554295,1.0,2.3855,0.536,1.0,0.966,0.0056,0.9
3.3927732426246276e-5,0.462926468264512,0.47544413489025183,1.0,2.3855,0.536,1.0,0.966,0.0056,0.9
0.0002860515643616673,0.4497123728428854,0.47513846078265254,1.0,2.3855,0.536,1.0,0.966,0.0056,0.9
1.9346552276249065e-7,0.4689193350974355,0.4755616975122172,1.0,2.3855,0.536,1.0,0.966,0.0056,0.9
1.111104201952328e-5,0.46734441136483235,0.4755138750040008,1.0,2.3855,0.536,1.0,0.966,0.0056,0.9
3.474861667473202e-6,0.46932881041312424,0.47557647743275117,1.0,2.3855,0.536,1.0,0.966,0.0056,0.9
5.477248288355784e-5,0.47642810268666486,0.4757257285564208,1.0,2.3855,0.536,1.0,0.966,0.0056,0.9
3.120411604534834e-5,0.4705494585782599,0.4756171667885716,1.0,2.3855,0.536,1.0,0.966,0.0056,0.9
2.2140525780667724e-5,0.47181968456455314,0.47563725166666226,1.0,2.3855,0.536,1.0,0.966,0.0056,0.9
9.807584881819688e-5,0.4781316937651712,0.4757372728909497,1.0,2.3855,0.536,1.0,0.966,0.0056,0.9
4.6252086455343946e-5,0.46106656214162406,0.4753953345773145,1.0,2.3855,0.536,1.0,0.966,0.0056,0.9
5.6090309462754616e-5,0.47020328121613625,0.475618357097585,1.0,2.3855,0.536,1.0,0.966,0.0056,0.9
8.488714280479115e-6,0.4665178759805756,0.475518783354168,1.0,2.3855,0.536,1.0,0.966,0.0056,0.9
3.9729210750086096e-5,0.4753998394225978,0.47569834311621584,1.0,2.3855,0.536,1.0,0.966,0.0056,0.9
3.542353877720398e-5,0.468711927975804,0.47558093385772926,1.0,2.3855,0.536,1.0,0.966,0.0056,0.9
8.900657122057637e-6,0.47124337150036444,0.47561693348462397,1.0,2.3855,0.536,1.0,0.966,0.0056,0.9
8.65772662030328e-5,0.4594245351428724,0.4753747966955218,1.0,2.3855,0.536,1.0,0.966,0.0056,0.9
5.4828760084716844e-5,0.46870825927084686,0.475525441482887,1.0,2.3855,0.536,1.0,0.966,0.0056,0.9
4.812036594900333e-5,0.4759223638432787,0.4757031596146468,1.0,2.3855,0.536,1.0,0.966,0.0056,0.9
4.007232793647356e-6,0.4695266015513811,0.4755809681826249,1.0,2.3855,0.536,1.0,0.966,0.0056,0.9
9.156270990065291e-5,0.45869869324387336,0.4753557617776437,1.0,2.3855,0.536,1.0,0.966,0.0056,0.9
0.00019129358374682815,0.4532279832422177,0.4752272013618532,1.0,2.3855,0.536,1.0,0.966,0.0056,0.9
4.2927996188123573e-5,0.47565999699995587,0.47570494680164765,1.0,2.3855,0.536,1.0,0.966,0.0056,0.9
0.00024811841199760023,0.485545899319705,0.47591031263775857,1.0,2.3855,0.536,1.0,0.966,0.0056,0.9
3.843144342588161e-5,0.47004374840075275,0.4756096286633737,1.0,2.3855,0.536,1.0,0.966,0.0056,0.9
8.803527723054177e-5,0.46371040236277733,0.47541422495914826,1.0,2.3855,0.536,1.0,0.966,0.0056,0.9
9.495279771719809e-6,0.4702095875958706,0.47559918025062875,1.0,2.3855,0.536,1.0,0.966,0.0056,0.9
7.099544937589876e-5,0.4615885496336811,0.47537960806326185,1.0,2.3855,0.536,1.0,0.966,0.0056,0.9
6.018195872299781e-5,0.4724917727508958,0.4756083782221241,1.0,2.3855,0.536,1.0,0.966,0.0056,0.9
1.347761175643451e-5,0.4652880940654837,0.47549212749700287,1.0,2.3855,0.536,1.0,0.966,0.0056,0.9
5.736387857944505e-5,0.46026179965901176,0.475379640228923,1.0,2.3855,0.536,1.0,0.966,0.0056,0.9
1.8758823715459136e-5,0.463824246957034,0.47545458456997375,1.0,2.3855,0.536,1.0,0.966,0.0056,0.9
8.598154933837845e-5,0.4653144671834064,0.47552036591064123,1.0,2.3855,0.536,1.0,0.966,0.0056,0.9
3.259639115959733e-5,0.46266760212538993,0.4754353607357349,1.0,2.3855,0.536,1.0,0.966,0.0056,0.9
9.077237320146044e-5,0.4753694111021669,0.4757267694247535,1.0,2.3855,0.536,1.0,0.966,0.0056,0.9
1.4415456070607243e-6,0.46870118485343765,0.4755609270915443,1.0,2.3855,0.536,1.0,0.966,0.0056,0.9
2.0677926251280467e-5,0.46980522538291575,0.4755977298968708,1.0,2.3855,0.536,1.0,0.966,0.0056,0.9
8.30673114887956e-5,0.45843944007936444,0.4753358579337117,1.0,2.3855,0.536,1.0,0.966,0.0056,0.9
5.758820583237007e-5,0.4616079529739781,0.4753856402547465,1.0,2.3855,0.536,1.0,0.966,0.0056,0.9
6.448651023548311e-6,0.4657336602579648,0.4754927646675966,1.0,2.3855,0.536,1.0,0.966,0.0056,0.9
0.002012187317083685,0.41719004187979447,0.4744011341716086,1.0,2.3855,0.536,1.0,0.966,0.0056,0.9
9.206637881256494e-5,0.46428072059252545,0.47549817682464113,1.0,2.3855,0.536,1.0,0.966,0.0056,0.9
1.2717687436732735e-5,0.4675217290441213,0.47551645776557266,1.0,2.3855,0.536,1.0,0.966,0.0056,0.9
1.7749287135317899e-7,0.4680897897289745,0.47554351486827207,1.0,2.3855,0.536,1.0,0.966,0.0056,0.9
9.29277004126045e-5,0.45803313001789125,0.4753336846767051,1.0,2.3855,0.536,1.0,0.966,0.0056,0.9
7.193119205948447e-6,0.47088912643845954,0.47559599508365474,1.0,2.3855,0.536,1.0,0.966,0.0056,0.9
8.407340765082907e-5,0.4784956968679794,0.475762345613962,1.0,2.3855,0.536,1.0,0.966,0.0056,0.9
2.36143928249837e-5,0.4648125923666715,0.4754873832566433,1.0,2.3855,0.536,1.0,0.966,0.0056,0.9
3.4219092201988454e-5,0.46212206605656647,0.4754178674619361,1.0,2.3855,0.536,1.0,0.966,0.0056,0.9
7.769318223548656e-5,0.4591277760037201,0.4753599138764826,1.0,2.3855,0.536,1.0,0.966,0.0056,0.9
3.0473601025788485e-6,0.4703793929659763,0.4755935188379288,1.0,2.3855,0.536,1.0,0.966,0.0056,0.9
7.196455795984783e-5,0.4684248515350192,0.4755853693152925,1.0,2.3855,0.536,1.0,0.966,0.0056,0.9
8.99341431173237e-5,0.46110745604533293,0.47542113414417586,1.0,2.3855,0.536,1.0,0.966,0.0056,0.9
6.753349074454018e-5,0.4773363369611916,0.4757446286356182,1.0,2.3855,0.536,1.0,0.966,0.0056,0.9
7.63899986326156e-5,0.46783410104663253,0.4755737769756985,1.0,2.3855,0.536,1.0,0.966,0.0056,0.9
1.1985531239371029e-5,0.47192725813275066,0.4756183362806448,1.0,2.3855,0.536,1.0,0.966,0.0056,0.9
0.0003909665712469271,0.4464146586734732,0.47507069325026985,1.0,2.3855,0.536,1.0,0.966,0.0056,0.9
7.674074245959623e-5,0.4778778681436788,0.47575708278342654,1.0,2.3855,0.536,1.0,0.966,0.0056,0.9
7.151271564638253e-5,0.4594003423408186,0.4753637208677443,1.0,2.3855,0.536,1.0,0.966,0.0056,0.9
4.002262444813226e-5,0.46205350338009404,0.4754232876269613,1.0,2.3855,0.536,1.0,0.966,0.0056,0.9
1.9431309854768943e-5,0.4721567892850109,0.475641437661887,1.0,2.3855,0.536,1.0,0.966,0.0056,0.9
0.000598514273304807,0.4410471809925253,0.47495037930450706,1.0,2.3855,0.536,1.0,0.966,0.0056,0.9
8.746007455852134e-5,0.45818038559358537,0.47533102185085,1.0,2.3855,0.536,1.0,0.966,0.0056,0.9
6.378512250912009e-5,0.46290501145829965,0.4754575449406555,1.0,2.3855,0.536,1.0,0.966,0.0056,0.9
0.0004649472227491283,0.4444113139628593,0.4750205764809745,1.0,2.3855,0.536,1.0,0.966,0.0056,0.9
3.255326946105058e-5,0.46313207644471566,0.47544890762952435,1.0,2.3855,0.536,1.0,0.966,0.0056,0.9
8.626513141066482e-5,0.478624575809319,0.47576522750876066,1.0,2.3855,0.536,1.0,0.966,0.0056,0.9
0.0008591652910754899,0.4354570147448115,0.474822292352736,1.0,2.3855,0.536,1.0,0.966,0.0056,0.9
4.131212724927265e-5,0.46305780175929523,0.4754521595603855,1.0,2.3855,0.536,1.0,0.966,0.0056,0.9
9.939465824687338e-5,0.47935996585057145,0.4757811223653704,1.0,2.3855,0.536,1.0,0.966,0.0056,0.9
1.367569496875261e-5,0.46910132756087136,0.4755797114356013,1.0,2.3855,0.536,1.0,0.966,0.0056,0.9
0.0003837332195688335,0.446623943536609,0.4750753176706689,1.0,2.3855,0.536,1.0,0.966,0.0056,0.9
0.00011328573805358438,0.4800845578374622,0.4757962327301331,1.0,2.3855,0.536,1.0,0.966,0.0056,0.9
8.611375442689812e-5,0.45855808580271773,0.47534707441774826,1.0,2.3855,0.536,1.0,0.966,0.0056,0.9
5.932105952058018e-5,0.46001888848366906,0.47536793701235647,1.0,2.3855,0.536,1.0,0.966,0.0056,0.9
9.567002800397696e-5,0.45778620060364944,0.4753153206349281,1.0,2.3855,0.536,1.0,0.966,0.0056,0.9
3.228555237125738e-6,0.4704622118474687,0.4755921581131521,1.0,2.3855,0.536,1.0,0.966,0.0056,0.9
6.409677210192041e-5,0.45968491394405736,0.4753637911509905,1.0,2.3855,0.536,1.0,0.966,0.0056,0.9
3.82724443269912e-5,0.4617511819115725,0.4754100359681009,1.0,2.3855,0.536,1.0,0.966,0.0056,0.9
5.467666450928935e-5,0.4605991162019234,0.4753742831174796,1.0,2.3855,0.536,1.0,0.966,0.0056,0.9
4.734636333852997e-6,0.46663392654958225,0.4755062514914925,1.0,2.3855,0.536,1.0,0.966,0.0056,0.9
9.419352461670642e-5,0.45786203144053217,0.47532760393546314,1.0,2.3855,0.536,1.0,0.966,0.0056,0.9
0.00051574639542482,0.44306190977788984,0.47499440713093843,1.0,2.3855,0.536,1.0,0.966,0.0056,0.9
2.5129095108155983e-5,0.46327024045213966,0.4754460500686477,1.0,2.3855,0.536,1.0,0.966,0.0056,0.9
2.748543684080809e-5,0.46834029561135093,0.4755700705330199,1.0,2.3855,0.536,1.0,0.966,0.0056,0.9
8.739781448136803e-5,0.4674330171669872,0.47549025882387436,1.0,2.3855,0.536,1.0,0.966,0.0056,0.9
3.581928483041584e-5,0.4691302945023258,0.4755898759298502,1.0,2.3855,0.536,1.0,0.966,0.0056,0.9
6.951584125721692e-5,0.4593524628494085,0.4753584489834098,1.0,2.3855,0.536,1.0,0.966,0.0056,0.9
4.682459244395786e-5,0.46845204198170703,0.4755222789195037,1.0,2.3855,0.536,1.0,0.966,0.0056,0.9
5.477935492058881e-5,0.4757152557149193,0.47569095791850985,1.0,2.3855,0.536,1.0,0.966,0.0056,0.9
9.116510240987665e-5,0.45879640921697085,0.4753269600828802,1.0,2.3855,0.536,1.0,0.966,0.0056,0.9
7.025567431647267e-5,0.45929119883808267,0.47535032695208895,1.0,2.3855,0.536,1.0,0.966,0.0056,0.9
3.2919417092418364e-5,0.4677512854765614,0.4755594094879749,1.0,2.3855,0.536,1.0,0.966,0.0056,0.9
8.558459760234018e-5,0.4584092633925445,0.47534043607580845,1.0,2.3855,0.536,1.0,0.966,0.0056,0.9
8.044104176771575e-5,0.4588900626062088,0.475353890644826,1.0,2.3855,0.536,1.0,0.966,0.0056,0.9
3.068438200730526e-5,0.4649516052901761,0.47545694787902804,1.0,2.3855,0.536,1.0,0.966,0.0056,0.9
0.00011210505645288892,0.45678901633880165,0.4752993331665602,1.0,2.3855,0.536,1.0,0.966,0.0056,0.9
9.125302886597221e-5,0.4599786552449922,0.4753921629734551,1.0,2.3855,0.536,1.0,0.966,0.0056,0.9
0.0001295381837594624,0.4559018219814402,0.47528060250825627,1.0,2.3855,0.536,1.0,0.966,0.0056,0.9
0.00018478847039860092,0.45341449495035824,0.47522590310488255,1.0,2.3855,0.536,1.0,0.966,0.0056,0.9
3.3726718326595094e-6,0.47008664642026515,0.4755807091690276,1.0,2.3855,0.536,1.0,0.966,0.0056,0.9
9.931751290762135e-5,0.4579042377358786,0.47533486058989943,1.0,2.3855,0.536,1.0,0.966,0.0056,0.9
9.509313256854278e-5,0.4577318344212847,0.4753211010337112,1.0,2.3855,0.536,1.0,0.966,0.0056,0.9
0.0012998235430744334,0.4275939770992478,0.47464354301626327,1.0,2.3855,0.536,1.0,0.966,0.0056,0.9
0.0003981051023644065,0.44620988377786325,0.4750659934720794,1.0,2.3855,0.536,1.0,0.966,0.0056,0.9
7.573292105170738e-5,0.4623516740163123,0.47539171355112564,1.0,2.3855,0.536,1.0,0.966,0.0056,0.9
0.002709101717507975,0.40864239962019977,0.47418513342334345,1.0,2.3855,0.536,1.0,0.966,0.0056,0.9
0.00012222260060215556,0.45626538919657644,0.4752879506758492,1.0,2.3855,0.536,1.0,0.966,0.0056,0.9
4.879443164192284e-5,0.4608161655252372,0.47538778920401126,1.0,2.3855,0.536,1.0,0.966,0.0056,0.9
1.3124563911888627e-5,0.4646234967264158,0.47547180626939867,1.0,2.3855,0.536,1.0,0.966,0.0056,0.9
1.3135647677669731e-5,0.464973525236994,0.47548309053905646,1.0,2.3855,0.536,1.0,0.966,0.0056,0.9
8.189321819624857e-5,0.46613162752050974,0.47546441890522556,1.0,2.3855,0.536,1.0,0.966,0.0056,0.9
8.531129606903364e-5,0.4785704087977061,0.47576471097955786,1.0,2.3855,0.536,1.0,0.966,0.0056,0.9
6.923734580327896e-5,0.45967305524779045,0.47535218006455165,1.0,2.3855,0.536,1.0,0.966,0.0056,0.9
9.880640491347927e-5,0.4590015654233789,0.47536829516756784,1.0,2.3855,0.536,1.0,0.966,0.0056,0.9
5.805707392474349e-5,0.4688801299172751,0.4755914291425074,1.0,2.3855,0.536,1.0,0.966,0.0056,0.9
9.454785725426038e-5,0.4577560998582295,0.47531989655011486,1.0,2.3855,0.536,1.0,0.966,0.0056,0.9
8.93765541377397e-5,0.4580573386322543,0.4753266397317387,1.0,2.3855,0.536,1.0,0.966,0.0056,0.9
7.156718825634584e-5,0.4596321223613234,0.47537200320437195,1.0,2.3855,0.536,1.0,0.966,0.0056,0.9
0.0002566401685002342,0.4507082320578778,0.47516146930150094,1.0,2.3855,0.536,1.0,0.966,0.0056,0.9
8.143512441311194e-5,0.4603579348063638,0.4753547519941793,1.0,2.3855,0.536,1.0,0.966,0.0056,0.9
1.2587193123025946e-5,0.46946508863778086,0.47558654858080174,1.0,2.3855,0.536,1.0,0.966,0.0056,0.9
2.334486897845063e-5,0.46325559876116107,0.47544215990450217,1.0,2.3855,0.536,1.0,0.966,0.0056,0.9
7.671497308031854e-5,0.45883745503661894,0.47534467863089347,1.0,2.3855,0.536,1.0,0.966,0.0056,0.9
2.7468117678921202e-5,0.4646049766199727,0.4754521728177772,1.0,2.3855,0.536,1.0,0.966,0.0056,0.9
0.00013228338112583003,0.4557650402651589,0.475276844681839,1.0,2.3855,0.536,1.0,0.966,0.0056,0.9
9.076598083615542e-5,0.45798902182128326,0.47532722979236147,1.0,2.3855,0.536,1.0,0.966,0.0056,0.9
2.519943482741907e-5,0.4679397466091127,0.4755605003895409,1.0,2.3855,0.536,1.0,0.966,0.0056,0.9
0.00011304506698311159,0.45673917114752033,0.4752979053730466,1.0,2.3855,0.536,1.0,0.966,0.0056,0.9
5.31955610377504e-5,0.4604678807314213,0.47537841059696473,1.0,2.3855,0.536,1.0,0.966,0.0056,0.9
2.5132553255568782e-5,0.4667424784197984,0.47553391248429105,1.0,2.3855,0.536,1.0,0.966,0.0056,0.9
7.969823841977232e-5,0.47710862053169745,0.4757511152110742,1.0,2.3855,0.536,1.0,0.966,0.0056,0.9
9.319611443800282e-5,0.4578622325451077,0.47531946187189283,1.0,2.3855,0.536,1.0,0.966,0.0056,0.9
7.555004355838778e-5,0.46613757677397816,0.475466076762985,1.0,2.3855,0.536,1.0,0.966,0.0056,0.9
3.6205493006033e-5,0.46927434411694235,0.4755434442946852,1.0,2.3855,0.536,1.0,0.966,0.0056,0.9
4.197197039177391e-5,0.46176505845407495,0.4753981759560706,1.0,2.3855,0.536,1.0,0.966,0.0056,0.9
3.9424597250729146e-5,0.46385011206182414,0.47543263226850807,1.0,2.3855,0.536,1.0,0.966,0.0056,0.9
9.103039517514239e-5,0.459405990128133,0.47537633415336256,1.0,2.3855,0.536,1.0,0.966,0.0056,0.9
8.30007593329476e-5,0.45922358612549413,0.4753371762301112,1.0,2.3855,0.536,1.0,0.966,0.0056,0.9
9.061905142391478e-5,0.4639771044596077,0.4754188375454936,1.0,2.3855,0.536,1.0,0.966,0.0056,0.9
5.80541718016523e-5,0.46083075038419313,0.47539990581890224,1.0,2.3855,0.536,1.0,0.966,0.0056,0.9
8.963492616855564e-5,0.4768784593511896,0.4757065563954279,1.0,2.3855,0.536,1.0,0.966,0.0056,0.9
9.710691381809829e-5,0.45760983706220254,0.47531681173947604,1.0,2.3855,0.536,1.0,0.966,0.0056,0.9
3.862639938200804e-5,0.4658982704282827,0.4755200188772283,1.0,2.3855,0.536,1.0,0.966,0.0056,0.9
9.227785765614287e-5,0.46320603593572246,0.4754033092976017,1.0,2.3855,0.536,1.0,0.966,0.0056,0.9
9.28095882299803e-5,0.4578766962104598,0.47532526505584194,1.0,2.3855,0.536,1.0,0.966,0.0056,0.9
6.520489476401431e-5,0.45980988169324344,0.4753721528850389,1.0,2.3855,0.536,1.0,0.966,0.0056,0.9
9.113259380152277e-5,0.4626972089174392,0.47539379409754023,1.0,2.3855,0.536,1.0,0.966,0.0056,0.9
0.00010529748931427575,0.45715434673262634,0.47530687397428806,1.0,2.3855,0.536,1.0,0.966,0.0056,0.9
8.411487785596499e-5,0.4598923787040244,0.47538690372200804,1.0,2.3855,0.536,1.0,0.966,0.0056,0.9
9.143720137435644e-5,0.45890295674458176,0.4753619334756611,1.0,2.3855,0.536,1.0,0.966,0.0056,0.9
7.421282949614637e-5,0.45899828418623384,0.475346083692038,1.0,2.3855,0.536,1.0,0.966,0.0056,0.9
5.732345065999755e-5,0.47007576963101505,0.47561609508233177,1.0,2.3855,0.536,1.0,0.966,0.0056,0.9
5.742442776535864e-5,0.46017963408806495,0.475375452026218,1.0,2.3855,0.536,1.0,0.966,0.0056,0.9
6.520709145159237e-5,0.46015206465998676,0.4753839906828917,1.0,2.3855,0.536,1.0,0.966,0.0056,0.9
5.282250713422778e-5,0.46890171941138753,0.47553017306090073,1.0,2.3855,0.536,1.0,0.966,0.0056,0.9
6.919949680327618e-5,0.46841227506071603,0.47551531293345184,1.0,2.3855,0.536,1.0,0.966,0.0056,0.9
2.4787296411787877e-5,0.47070204976286933,0.47557974204673115,1.0,2.3855,0.536,1.0,0.966,0.0056,0.9
6.679820143529255e-5,0.46031696952325823,0.47539016081961727,1.0,2.3855,0.536,1.0,0.966,0.0056,0.9
4.044605263920185e-5,0.4696595692941193,0.475550445171731,1.0,2.3855,0.536,1.0,0.966,0.0056,0.9
2.6205348472390897e-5,0.47082000020232245,0.4755818172420436,1.0,2.3855,0.536,1.0,0.966,0.0056,0.9
5.433536445875819e-5,0.46038173966721707,0.47537780256099177,1.0,2.3855,0.536,1.0,0.966,0.0056,0.9
7.101016345186859e-5,0.460884179116627,0.47540835226627176,1.0,2.3855,0.536,1.0,0.966,0.0056,0.9
6.215730474144605e-5,0.460373905139301,0.4753887386032258,1.0,2.3855,0.536,1.0,0.966,0.0056,0.9
3.9128587724906464e-5,0.470412666828299,0.47556759605063736,1.0,2.3855,0.536,1.0,0.966,0.0056,0.9
