1.0707202667280211,0.253310361068349,-0.5067516785598649,0.5752449040296912,1.0829548318449824
1.250963048545642,0.10165771474233551,-0.11804037963247123,0.5841045498491952,1.2796542571030547
0.6671616975065252,0.32309062950960304,-0.6281700855652647,0.48947337805635605,1.6110857485188985
1.4035457955602382,0.4703091969255703,0.35531737221257276,0.8219052846005581,0.3881457027099262
0.8031402943951477,0.44698053562012047,-0.5654641309713029,0.5325214877176142,1.346394209482697
0.7362649461956038,0.2750177389691394,-0.20813354775436943,0.5447516199858566,1.448819242095421
0.7767336520499194,0.45201039315099106,-0.46632666236168463,0.5429802714686509,1.3618377706166525
0.9491815154412085,0.10472469874735824,0.2834079342242608,0.5476705882789016,1.5732373741268424
2.5395255444787934,0.2233688685706733,-0.7711125219195575,0.6471960228912532,0.8607584077316084
0.5670382481839533,0.3095166138373292,0.5095230656356093,0.6028971843899491,1.3403973702556302
1.1302284841369767,0.17165958416288862,0.056735279155007395,0.6284287292670364,1.106125944574443
0.6104175854508154,0.2772469313288594,-0.41221020663738167,0.49634922877842214,1.67696359141993
0.9579841965040207,0.30594293277734796,-0.7526769303096086,0.454182553337631,1.0756438626933498
0.7050376664805005,0.36963840864523073,-0.6068187324227153,0.4959457907177073,1.5686780474540543
0.9253966987924791,0.35541074334118694,-0.7690462650300665,0.44390017591972986,1.0896826773127786
0.6569022336854141,0.33020720095467015,-0.6089247733466758,0.4859521720760073,1.6452287565769192
0.8137710110503599,0.3428276491195728,-0.5002907483348539,0.5568042349270901,1.263624218982796
0.7764374682267731,0.311287106543171,-0.5364698508790982,0.530816270222128,1.3777893385704425
1.1970613968875683,0.21628004046310983,-0.649642935900647,0.50645165620539,1.0116914488450433
1.7375660923540925,0.17905363577164154,-0.3894813902182837,0.591029804365998,0.5724066043720117
1.002122552246234,0.1884148065860594,0.007020034243385709,0.5938524754343599,1.2561341407378346
0.9195500801716012,0.3953077438153918,-0.5554444163862509,0.5613537540198196,1.0787885333188667
0.667934871597708,0.31260853732952865,-0.21863811364224836,0.5438778654985762,1.4552123384394064
0.6587157784721321,0.3015224480651644,-0.869485377077136,0.43788407868626034,1.7807976593153854
0.6868792362569035,0.22132902093625373,-0.7604941344388356,0.4581270832820366,1.7657861390550926
0.633200935671896,0.2811452433391187,-0.7904276068904065,0.4503522443522796,1.7813457425217534
1.3053270146721065,0.12095786906421327,-0.03125339476150528,0.6148968501786028,1.142001546686359
0.6709693806552971,0.25877999979887084,-0.6322548927482263,0.4799586070959881,1.6713645638875338
0.9708654635889015,0.19286275408265835,-0.7524850479145287,0.4836436691201208,1.4074177306651738
0.5867602452398366,0.26904755616116466,-0.6399975158849162,0.4586075298922605,1.8329910479093041
2.3160215663426538,0.22803169336422655,-0.92742362753223,0.5898310313308059,1.0995271908914896
0.6553245641446199,0.2906417616216712,-0.947364161699466,0.41877198176332714,1.8300034152117908
0.7649877442549836,0.29026816507055814,-0.009680771391822551,0.5880728781592177,1.280384482057153
0.6753004874353514,0.2804091029841437,0.3430332619970693,0.6066868717429976,1.2823153733399753
1.3195788478407238,0.14612212789453444,0.737270889847848,0.7384269673390724,0.7962009587499657
0.8394633302989936,0.39294648779616737,-0.8478381617666964,0.43929983271581546,1.3385413193998545
1.2001436591765149,0.15484196343234466,0.12316836924709074,0.6393112346441474,1.0710650871079719
2.8648160194851053,0.3650525087779879,-0.3500256057338027,0.7940635088410393,0.3499450491420307
1.1843804216344922,0.2677517676671328,-0.6700404360093107,0.461479670790224,0.8700213742926826
1.0647943480114364,0.24415921529351595,-0.8709969679085975,0.33744471967161477,0.8424456247946608
1.3696088469023773,0.49175390052941564,0.7268812618003683,0.8687156159893732,0.3131134440304504
0.7005335590604097,0.36104243795098334,-0.3557326646214924,0.5477561013039616,1.3909696058820273
0.6110541137541131,0.258151763067644,-0.794417596866122,0.4403868356800116,1.8546581356252552
0.7660602798383473,0.18557654216410463,-0.23668395664697128,0.516191779298633,1.6148071382400664
0.5524581580672713,0.27152280859498057,-0.08474787822329166,0.5116257521123826,1.6811560175054026
0.9766407619687646,0.3492100074877702,-0.7782857746968768,0.3880828420765893,0.8599836612618053
1.122089466511398,0.13552112012788511,-0.14700055680837681,0.5770377668056882,1.3044510817234771
0.9615606767293385,0.47381908071493656,-0.16743504858559832,0.6703402641761417,0.8361730368606002
0.7917286535218128,0.34879041945202116,-0.9379805958862002,0.40856757845901664,1.4364232751307828
1.5947700293993983,0.15476001069141682,0.1543237152198168,0.748557599043257,0.6154755028294584
1.0665692657854777,0.4216124968713223,-0.6475387405972498,0.4160985990494571,0.6920106676935253
0.6853628417316099,0.2276061079081951,-0.040654551752829664,0.5390083240972695,1.5376583548839837
0.5621910553640191,0.26490620366128514,-0.47457494864497446,0.46844519242585,1.8319069491311948
1.6788229940926773,0.25591398314383873,0.2774764100598483,0.8190501499844464,0.3791999566010416
0.9815532900148966,0.39769611557934054,0.8574167633293154,0.5564627137592932,1.64013868926608
2.1295529662654586,0.30574363558000034,0.07253246475253083,0.7763613208568731,0.5107948014547447
1.5336787269498977,0.24155356943479972,0.6711123895913079,0.8479706367678373,0.3738259889979551
0.627444399211292,0.27835126845734637,-0.7127394926983194,0.4625679474989502,1.7581869637237677
1.0745238452347008,0.2783570975322399,-0.5496648420727965,0.5617368593827203,1.033515237279284
0.506139750082925,0.3122432383924453,0.5765659272390358,0.5946903107912463,1.3904287654249088
2.0532661369565544,0.3772150073400227,-0.8588417667571908,0.5924386361247305,1.0970581040911158
0.7087782277354752,0.3240074596865745,-0.7831534846614211,0.467574779911904,1.5945473297511261
1.0747819672715266,0.26319149268240316,-0.36708782888329994,0.6098027360235965,1.0302404110779724
1.0841862785808318,0.18943220538122324,-0.10840114927421501,0.6075436518069638,1.157512841190254
1.2531957757189265,0.475643020290543,0.7567524899472483,0.8452731282267508,0.39917355667715354
0.514098997785378,0.42262351864151293,0.3787108037475514,0.5714604482878313,1.463024877578939
0.7374357864701478,0.4473290706555698,-0.3480095756780768,0.5419753314153986,1.4209970324318824
1.0698151682541792,0.31624543822452494,-0.7429704787178032,0.38807368203639375,0.7896486806889682
1.8280730813644093,0.09792230232821593,-0.7344766927194708,0.12048069305309808,0.12886107874896793
1.8809888938631139,0.13269444245202316,-0.2326501473126065,0.6757198451889012,0.8330398596938895
1.7526211873761264,0.19850175131206743,-0.15837098708650732,0.739874255926201,0.4906337760265357
0.8051912139096891,0.26652186991748217,-0.017521971367109958,0.5925587323089472,1.2614591224787524
0.8250132211316912,0.36804541114359934,0.025036122462969157,0.637253242297855,1.051673174138544
0.704989800782381,0.32722575792815706,-0.09490338184788441,0.5740955062747232,1.328320072192063
1.0157181944509264,0.3688858612163725,0.5428597757593236,0.7525308499528314,0.6919011593280343
0.6795336336968324,0.3164315299915191,-0.13005131449764556,0.5618768104873895,1.3875745101026673
0.8110843290119013,0.47171997722287506,-0.45280464454112435,0.5640199428813983,1.230028532683079
1.045838473795526,0.11327188174097318,-0.301164642723387,0.521336525685355,1.5653746691041242
2.807245099403468,0.4446964743734785,-0.39964277715077656,0.7888794899714405,0.3585440357209607
0.9382669738357322,0.29577386426868596,-0.8806408412974858,0.378915209278984,1.0595140970500616
0.6100485963225676,0.28424113979088056,-0.372763145151271,0.5018985446573514,1.6547320537608738
0.6560918779678344,0.3129993377690928,-0.7901882855311615,0.45243939344292106,1.746296050931224
1.3794313747881022,0.1299097214214565,-0.041268774877184056,0.6521755313216304,0.9703690479983327
0.6504586203982194,0.2742493539191219,-0.8715406546181829,0.4370551018707173,1.7785260635826823
0.6616756747347557,0.3904867257833234,0.06388841165183651,0.5921044696398536,1.277355939273059
0.6857360786336474,0.248181866690694,-0.9970074068382938,0.4051302078340341,1.7561837696043014
0.8729311704289339,0.3719585474122217,-0.9224463049480529,0.3351735177352198,0.9437825696015588
0.8537927823832965,0.3720529361435018,-0.9579963080473926,0.3320547179504748,1.0060925440200776
0.7972084006925146,0.27736202660142806,-0.9848411473080434,0.38117717363985676,1.363885648323516
1.090466892607741,0.2447968870480656,-0.8285805021643776,0.3577991082844564,0.8432345352901542
1.039376118414315,0.3356425384606634,-0.7134406925366774,0.4293459493773974,0.864446898708954
0.8842858079347576,0.168297594040249,-0.9564988257679382,0.4192829382448004,1.6307596535479876
1.1661486032599837,0.3821800689714371,-0.15607664215903777,0.6936153527955156,0.728222233355566
0.6092867940752861,0.276838860027809,-0.2699379165198661,0.5077251823225027,1.6477920145869471
0.5599205927543034,0.34297606503551825,0.20434241716312712,0.5692084163858687,1.435640746775911
0.983402129368394,0.3082718151862426,0.06112022368667851,0.6609672471655884,0.9542294265058597
0.7777692332315757,0.34832841939824255,0.3129471973751191,0.6563299729848926,1.0387692920706304
0.3764876724211751,0.3183746726815614,0.5446647951536013,0.5354100384531933,1.6965386871205685
1.122909770106547,0.277816837680611,0.5454603323693045,0.7465282795651115,0.7193010880944541
0.8425746729127518,0.4086100786497573,-0.06838883630404699,0.6323139340874588,1.0405091842909053
1.0434487452779324,0.2881587320511887,-0.5224732997079433,0.5749782893631197,1.0585696027023128
0.4277983646675897,0.3899895222058983,0.5873625816689172,0.5553993266153887,1.5952994220064398
0.5086808383073541,0.29915880316687554,0.34067213999112383,0.5611863002343752,1.508945382665854
0.6826400861233893,0.42950050735845824,-0.05333150046565975,0.5849082866817116,1.2834282564762098
0.8032890647062507,0.331352885329192,-0.24193946797515645,0.582842091751641,1.2322405918575805
2.285961264262624,0.3089966800495387,-0.9397981563641807,0.6049586809887832,1.0199096658885214
0.7873474729764618,0.2839266722803751,0.6256003558171624,0.6737998166652935,1.0351436561830907
0.9776225445121729,0.33181838365949734,-0.7867742549316316,0.3944323988114932,0.8996260231613358
0.5970029545376474,0.24441018702401268,0.08711661806386017,0.5345005016419213,1.5926969382967229
0.7004139704193634,0.3981463807719351,0.036022714009547714,0.6067271458326849,1.1996516161615147
0.5883718085944123,0.2718165940295405,0.4568341260428052,0.5937996154808641,1.3713287977358193
0.34499204259891325,0.28418247732350915,0.47436209419886927,0.5085901441393849,1.8350805151319636
0.7693203181419132,0.26506942308028875,-0.3777455077543416,0.5291684842071264,1.4754985078678384
0.5618576043877777,0.230404058012734,-0.04058122177550369,0.5040553924068529,1.7371840290598644
1.0402643268034386,0.27331391482520373,0.38363631056253783,0.7024338245862669,0.8587058067285208
0.5385938025472433,0.3711889229269346,0.6396889991940022,0.6238760681865402,1.2593625681482346
0.6357348524855355,0.3638755570808428,-0.25041766631838414,0.5326306350784101,1.5109724686060462
0.5379979785821335,0.2757204494593234,-0.22784205100835778,0.4898851651946237,1.7728872931035282
0.9373502302822706,0.4752605350834853,-0.6839099583321392,0.486687615573891,1.0513543449811347
1.3285382952758418,0.1486603220584683,-0.06391244175688346,0.6496564138473995,0.9774091912692984
0.8840462938858238,0.2884406240751416,-0.35445656696435257,0.582401900899109,1.1965978611788743
0.5091241374141642,0.2436724873990586,-0.13123348930175602,0.4821363711800605,1.8471447042202835
0.920052327064508,0.30326865289799,0.29722884745403,0.6743625072802262,0.9577174215479022
0.7034947546642297,0.39714150197799114,-0.319268687352395,0.5531916882704915,1.370892129182573
0.8288920564447599,0.30481604781080585,0.38808325189033643,0.6639198314207824,1.0236074380770497
0.5625188819543454,0.30751136943119817,-0.2053084507300584,0.5064402844657472,1.6786986158126571
0.5681055678078548,0.31023142758621763,-0.2501093247238523,0.5028768699040889,1.68751722355826
0.5454065054718353,0.21493602873837836,0.28536135461461637,0.5293328082913198,1.6725101359710597
0.4793098422244703,0.264276732155133,0.37424945776148355,0.5443850225767565,1.608666973573444
0.6814614824066428,0.3091285597126495,-0.09505267402189431,0.56455852256155,1.3823110259694753
0.7199712829231485,0.2560577558058123,-0.18104984673796332,0.5465157773189504,1.4548876613691806
0.5736189717113027,0.24310967383859824,0.23715170356486137,0.5464997027742013,1.5646511934871572
0.9125117809511569,0.1991887663550537,0.0781291958289271,0.5927419642388665,1.283588348247266
0.4637849973783012,0.3342249314376427,0.5993164842535654,0.5862436533708517,1.4380217948801717
0.743997492078978,0.380711995815063,-0.14321740046257697,0.5951936654855408,1.2082253024618306
1.033372111602301,0.17804291215973048,-0.38601008141644433,0.5618235647823349,1.3072395200346687
100392.72450707946,0.3045534114666214,0.6946974111571302,0.6992350288832079,1.097918148262372
0.8644675636787296,0.1688448886072471,0.1360342041707367,0.562820103650333,1.45076662121606
0.6659895045558103,0.21541878983627039,-0.23670928672567487,0.5072721405432282,1.6660039159442792
0.60305677321319,0.33591323737160184,-0.0785725009880274,0.5438161032800787,1.4980608813752725
0.8425035579079507,0.28580195230771793,-0.3833306544827104,0.5680862092373358,1.2626761940398896
0.7655578123703631,0.2536208865513433,-0.11934400346560912,0.565427510178295,1.3729057257444583
0.6317261005575772,0.35946952801986565,0.15222197591307335,0.5919579439803482,1.3034921087355387
0.9631925367242653,0.23859391398576338,-0.13774313695026708,0.6057684875145442,1.1601391896470123
0.9641583818650283,0.312447089429942,-0.3938643370241083,0.6003781831404456,1.0686362178398565
0.5455215343431593,0.269994593956718,0.14845569184567814,0.5339030760301213,1.6096369476928631
0.36733586648499905,0.27431516037024195,0.32310677004918076,0.49559857967115717,1.8781140491059236
1.1414991856049552,0.16473063771458485,0.45106758529966834,0.6802010641521695,0.9723036921955613
1.0929195805784095,0.1794915935646956,-0.36370283557544425,0.5784859022702572,1.220316582013726
0.5225874923602416,0.2988732113890351,0.1379337580747181,0.5363652599967174,1.5950866083027146
0.6459775156096519,0.2777954571439008,0.043389079664923974,0.5586848993911795,1.4497415213844271
0.9067513861533638,0.22542914693377816,-0.19183702135348255,0.5801577589607427,1.2752646352656336
0.45980910260977664,0.2823086536613181,0.3884004538979121,0.54257691237585,1.6194461575203802
0.5393308743177233,0.28558760370286634,-0.237113715215188,0.4904922004460575,1.7662899879270577
0.5489551074791169,0.23130197374716865,-0.06276771992464057,0.49802081209666754,1.7676112230978194
0.5971263713488429,0.34939419694633694,-0.10810882958913681,0.5368747917852366,1.5284899700309122
0.4990648726036278,0.2991004802537195,0.4188371880809749,0.569392600186935,1.4870982533232011
0.776199122498064,0.34588577664452225,0.08669263436617528,0.6255180303002852,1.1250163536157
0.5256934317689183,0.2905547776231035,-0.013633273677124969,0.5142280216825615,1.6858844559063226
0.5466161876541038,0.31919151412377283,-0.0865474720030644,0.5161473080386425,1.6535129078012967
0.8075145839397728,0.2998934392845578,-0.10335236795323216,0.596914954786065,1.2149512828721507
0.579138355077852,0.3654566023208091,0.3580875856033656,0.6070442759367858,1.2802350614289946
0.7230865665225172,0.324077824987441,-0.4881748159786148,0.5289438835022447,1.4313494849804476
0.6041166804104326,0.22015561889197255,-0.021967473043997342,0.513455883430847,1.6863802815596205
0.9435350265282293,0.166117337535822,0.10285904937096008,0.5827298265409483,1.3427769870856527
0.5155695195428568,0.33497299348040854,0.2619525818422183,0.5598055168801077,1.497287262155512
0.4897892741840096,0.29413222399491673,0.5051084509392554,0.5767763886839375,1.4670626548566867
0.8110193420420297,0.1874339293401294,0.4367266027333295,0.6000574281879119,1.333791906550088
0.5971931420595932,0.329964948363978,0.12374283941679506,0.5685465756165899,1.4166127868540177
0.6969107754540811,0.33867244285474934,0.13833783771752034,0.6069287150808562,1.2276124250884741
0.8642435229277922,0.1690055914446564,-0.13263613089588833,0.5396934794734386,1.50940139340306
0.6300409027002112,0.27603048562324844,0.277602889474303,0.5833961378059837,1.3798427987830757
0.3909107233499936,0.31791619928449316,0.48372636098965094,0.5373258369787622,1.672499759492948
0.5069202716171719,0.24811900043274648,0.1725374441937573,0.5187356517712645,1.7033244597954313
0.7361532670570174,0.2650366374834244,0.05045264866609908,0.5787240153686538,1.35193408757412
0.7272494091771927,0.27283903734438014,-0.18770932148993186,0.5553591410776763,1.4053369609859567
0.4058129057251389,0.357566154816749,0.525690322818234,0.5466540074510258,1.6285485413494785
1.0322220732954435,0.1695409747737091,-0.23789216579658856,0.5721144619531031,1.3038027692279226
0.6395544241775012,0.24424805661256502,0.23363007174496805,0.5657410723162255,1.4608553265581705
0.7301605561080192,0.25933737239085347,0.46344851521032093,0.6293648945145699,1.2011526131333585
0.8444986471611553,0.268654920731608,-0.16473403867513223,0.5878146767783147,1.2431185997385887
0.5109086610127881,0.29590776213290537,0.08904772321281959,0.5244508675060245,1.6508485306128977
0.6720494479450501,0.3209466747621896,-0.0030362182497299384,0.575756295897397,1.3476061780009359
0.6202437861801863,0.35028316077160965,0.2084129901755933,0.5939051973201857,1.3075024525359638
0.5096601151552123,0.271280075447539,0.014095367591264656,0.5082515124064491,1.7266641032968972
0.534303127437727,0.3378733652433782,-0.07439679820547264,0.5075383890269314,1.7070218087681326
0.37746763258760346,0.27819121149416015,0.3985309291337311,0.5129584325078335,1.792520934481023
0.7188560338427266,0.29041707892360163,-0.07574114802423881,0.5720475483423961,1.3490811873718869
0.3439158123757927,0.29284423209639115,0.5331733226111723,0.514061778949209,1.8159012698451702
0.8737521308050769,0.20863436550069914,0.19820730481097837,0.6050432615888414,1.2556990500181755
0.5353480087490179,0.31632825254973823,-0.08229433249722087,0.5096784783361887,1.6907524500623146
0.5744880535101721,0.29028849659502304,0.31633526091320896,0.5773802184310445,1.421672288476473
0.8304314303857215,0.3482229797117413,0.05038182020637966,0.6364992172727107,1.064045124029964
100392.57033921711,0.3427078372352361,0.5442431928517142,0.6700201323748158,1.253199750700393
0.5907479230078436,0.3318827684901743,-0.12036580209038308,0.5318029915242137,1.5556572821616994
0.8852429006357201,0.1971664496437326,-0.054188594893673725,0.5726090317027135,1.3542599901955428
0.6952172587338479,0.2292028963281738,0.009686078707297596,0.5451905941529159,1.5133415526848455
0.539638499587081,0.2710118511580021,-0.062233886010628355,0.509553839918857,1.6990001690810117
0.6281809571861005,0.3571336200103854,-0.115958407963948,0.5505262554592907,1.4517193873964724
0.3919283335025352,0.3007833065047042,0.4343152240604377,0.5266451014117995,1.7194814206169842
0.5853923672288873,0.32833756168541733,-0.006859178643839829,0.5459202465140598,1.5058796959359166
0.5491913204408444,0.3575179227938668,0.12125286640923039,0.5514333958209058,1.5074822637325715
0.7259176697642655,0.23683284629442675,0.2712781865579441,0.590991747034526,1.341273453622798
0.7458202479274638,0.2809963946577968,0.24611276626923043,0.6144248515386195,1.2198868212982064
0.8715049069094788,0.2312384618017629,0.01686625100039099,0.5963892690451005,1.2516476297816397
0.3730895366037852,0.3131573142645993,0.6365356465623019,0.5242350868538743,1.7794640326274136
0.653256449580094,0.2510669872958117,0.1742000631514264,0.5596001633718682,1.4754409966942925
0.33560276772704783,0.29497683321505075,0.5376072013675637,0.5089834413984065,1.8467261062198153
0.5388615424032348,0.4464521108014641,0.5449043735677951,0.6330348906379862,1.1951561150334449
0.5301408487645725,0.31901717466345003,0.6262063735422231,0.6080436910371221,1.3355180170299104
0.7076081980833776,0.26083193906116736,0.137054361092077,0.5814477563227157,1.3565184200926075
0.34685810430875696,0.2867669977261283,0.5381447048864452,0.5138625185526161,1.8196946909486007
0.5355572436727017,0.309562702562653,-0.07041251510310134,0.5129774071004606,1.6757905475070332
0.7307812623710976,0.28315425304311714,-0.09003305371111614,0.5710737808428001,1.349901877442397
0.4437115703044622,0.24554593533070165,0.2962015205581444,0.5037005085792815,1.8173900376586933
0.513975367294607,0.27182603764713786,0.09691737258486377,0.5208980584634064,1.673601355134116
0.6015613926184628,0.2605575378435621,0.01729462908957128,0.5361405491406608,1.5676070916690155
0.5450918956947597,0.34031302756646437,0.10851168249490525,0.5471756680231205,1.5277867844047477
0.48877004086139675,0.33205179819785147,0.15894281271947483,0.5279048644263368,1.6488818442837962
0.714442571068093,0.2895251895170682,0.06060957899617714,0.5848291927272738,1.321884656176676
0.4901126790071269,0.27166572636504677,-0.08268252428851494,0.48784910998818254,1.8244716489759816
0.6450932689302226,0.30342750425330617,0.3354517581861922,0.6070399490415712,1.2760927114018075
0.498455692390017,0.31409649990750027,0.02677731257307192,0.5101887985836322,1.7175680754039302
0.5835272318901504,0.31309840357356705,-0.04194877952999404,0.5378207661648338,1.5413137965647525
0.32624435147527164,0.2819637189017027,0.5313069696174897,0.502640174559888,1.8827763251209013
0.4723604939482478,0.298884179760969,0.37086916857540786,0.5529468362926208,1.5624421314686918
0.3466533466006183,0.27851775350799785,0.4114365212334252,0.5001765696293459,1.8708024813191098
0.36633158155275547,0.33179404839508597,0.5248153132397416,0.5234788712998097,1.7597409329901028
0.5115208172268827,0.3024647485972545,0.43850558504570564,0.5787819701665063,1.4415438877685716
0.5543772357566304,0.3338920724543032,0.14780508681481752,0.5573043826008742,1.4833626791186187
0.6091983707642435,0.32370699055886215,0.29581872180649527,0.5971100976783386,1.3155699007725146
0.6820422797713722,0.24590482772223338,0.1271656142365269,0.5661449792966394,1.434385960090102
0.47510358198933206,0.21833494301154513,0.5953156656733419,0.5378022065629321,1.6946310884126716
0.5194694380092955,0.35435244224209217,0.2826977343398944,0.5675401930398232,1.461706938230193
0.542315574522203,0.21653210456522626,0.05607915938572716,0.5015644289238361,1.775977283247858
0.42939500537623654,0.2791738077387961,0.1413540778690584,0.4950441232128138,1.8374297271846465
0.6415688592433582,0.20292578148619367,-0.016802824377742366,0.5149424372263023,1.6794750903295557
0.7770353054132512,0.31211957186267636,-0.3515661413242333,0.564096250373363,1.3039020562954453
0.5616565164319043,0.3125650303794701,0.01785477292766932,0.537557223035951,1.5591039386784564
0.5986139859444036,0.24096059207745602,0.16087122078932112,0.5434866926037107,1.5646206291110083
0.3969795805581837,0.26995196468328614,0.4660200799439563,0.5281118934238871,1.7203018070337313
0.4957682696864091,0.24175600636818717,0.4368219823662136,0.547559821125596,1.6062106921556838
0.554823323243288,0.32336347866278004,0.1780733652451023,0.5602435249443587,1.4749965303156054
0.550732619627312,0.341859941500315,0.4409932333426464,0.6047594804139765,1.3107028961631697
0.5949324138751372,0.2472514265833626,0.5398579742951923,0.5927535485009136,1.3948303069781425
0.4106789102771685,0.3082357799425232,0.2465424526438145,0.5008859327975765,1.8255633546967527
0.4844616124782203,0.3684325517399706,0.28332893528004754,0.5443938816742281,1.587055338642326
0.34164512040085904,0.29509317020337306,0.419711234053474,0.4983209774697883,1.8843686485529074
0.5860500437056125,0.2542466521493578,0.07363926874615677,0.5353768222476326,1.5860903342295853
0.40403351849102315,0.24927457465449632,0.4866857226966246,0.5223363944262056,1.7556680407983087
0.47790091125665124,0.3401625412142577,0.1894505826058065,0.5264582005359856,1.6644559988420662
0.3866082767502822,0.25590868398254574,0.25304902164343807,0.48954946400605326,1.8982248594144262
0.3880657498088442,0.2563861768725465,0.5709294800103328,0.523830558826591,1.7656359494289728
0.7087307065107914,0.21157212464322162,-0.01749405286484626,0.5389254699648781,1.5442891797381608
0.4620283004982275,0.3328874997543884,0.23069472400558907,0.5273798567264201,1.6686603531640112
0.6256937268019667,0.26332246602828513,0.23639783722152174,0.5713113854571832,1.4344890944758637
0.4769574189138324,0.2561441633577634,0.44859604223594485,0.5499257407755727,1.596319408498941
0.5990170422705152,0.252952286201751,0.3415593403773574,0.5728219218269437,1.4515307843561978
0.6260390508214844,0.2802494769488725,0.11239867193510858,0.5627803416826352,1.446606966690354
0.6738719872730194,0.24183139739678886,0.006651880983008757,0.5480756087370606,1.5003409885970345
0.5520450768948942,0.2609876013380642,0.2607858749690486,0.551173114014925,1.5467786465408702
0.4729285219241692,0.3110089059660133,0.22066636352513783,0.5313592083309497,1.644462722991477
0.4630198372420974,0.3210716277731451,0.45895696848096157,0.5677997990409847,1.5013934747891284
0.4042296075612308,0.28977313437927754,0.27243962212322825,0.506122402377707,1.8032468821712708
0.4542585777407768,0.27436118526341335,0.5769295415309982,0.5612457756811946,1.5644163072768325
0.4068716807685145,0.24562926846229136,0.5485428908968405,0.5277034438066524,1.7398716155129095
0.49870113614814326,0.37828266499293184,0.4004074478681997,0.5815605537157189,1.4160757033808233
0.5451880544815898,0.2831428965647311,0.29019742427478135,0.5612611236189268,1.4999256947491413
0.39770954508974427,0.29665924144192196,0.345869612451028,0.5165500834576737,1.7585525879242399
0.48964847712203896,0.29545491634013954,0.07132319980794062,0.5128207579674343,1.7138707996030262
0.5109654357786199,0.2558942159567953,0.21355572575465173,0.5297958503735857,1.651882341471271
0.5378741260849067,0.28064895566708253,0.5649413258722389,0.5934792186654293,1.3961627707986923
0.44644262192165896,0.317974945753115,0.3860787491234078,0.5477679324346937,1.5942529268911292
0.5597139120529271,0.24284613737148383,0.20912126466126346,0.5389717418546206,1.6000136866997587
0.633363946138149,0.23596358318552213,0.047070959178841715,0.5380463469521107,1.5649874135979618
0.4575056956383564,0.28478475150890875,0.4575187172675734,0.5551567270707889,1.5688182161123023
0.36327509783906614,0.318910381177035,0.5210057263127489,0.5243360264406979,1.7535349893486343
0.5076440505057929,0.26911234098298054,0.1778107887626093,0.5286064876389852,1.6493382261115568
0.3706185389564674,0.24245750073496833,0.38919604033709765,0.496736570440175,1.8875631987673753
0.41367986563607556,0.2816850621176592,0.18814858009509824,0.4956008054137399,1.8450342131807618
0.4718998127722465,0.28718430614408796,0.26225346410724604,0.5323003391780728,1.647897800181159
0.5462933849891175,0.24451130682505678,0.36376131832051345,0.5558182183903194,1.545516021241068
0.4308558138034673,0.28159556565425453,0.22335874050796592,0.509247297348137,1.7723178038722756
0.47798439387041747,0.21993328924734187,0.27729544374013526,0.5102202065856238,1.7790465599117136
0.5606999522140295,0.3000210746106706,0.13656321240879044,0.551075078979266,1.5152637312085406
0.4088595375597358,0.2534301529556731,0.33516960884149716,0.5094070507687315,1.7988621263656008
0.45913488936016084,0.2505062465592406,0.22036955087144822,0.5108398053256561,1.7620647038166488
0.4564189717447261,0.2775427837679878,0.1761321688541814,0.511783031544125,1.7463055446208786
0.4341493951456375,0.292456980730448,0.3112695716301379,0.5255778360385396,1.6973193246135458
0.5414888305667688,0.30799682748876,0.09937180082017254,0.5401211894216186,1.5646841874536475
0.4895397240038046,0.22530243038855563,0.1417558588081514,0.4998186352884218,1.8078989638274006
0.5083502759189046,0.2895185672154818,0.22237801270149016,0.5416206604574103,1.5877250604381858
0.4609145925296108,0.2883150552883471,0.26709416233586236,0.5291587674246798,1.6695809285440517
0.44043943122096324,0.3690913082740017,0.4421663855976967,0.5550461307243817,1.565580394421838
0.4840901538439317,0.3219008240027839,0.10241200705708436,0.515496521954202,1.7059291020644531
0.4583957504682454,0.32066418379167955,0.13852743318164906,0.5076187673955455,1.7609339924368173
0.44349219222612635,0.2525876531094828,0.3395764629913197,0.5225497872396576,1.722798469780108
0.4575618626461507,0.3155068982411368,0.41552953596167636,0.5583837050982124,1.5423064415908578
0.4393115153556802,0.30258856128006845,0.20044404322341222,0.5111769608636572,1.7556766350567343
0.41149247312823406,0.2710036428594668,0.2139879715923487,0.49748594812710717,1.8398975631984724
0.45343874204407214,0.33266520451790216,0.512828505634126,0.5743864189252467,1.4801066979778321
0.5402726587865445,0.24121458780255373,0.47187773757821105,0.5651857701469217,1.5198969646642124
0.4031911199865189,0.2690846400589874,0.32915326106976295,0.5094143280362343,1.7945307931543009
0.3706584654236697,0.31793604609298526,0.5110901002375579,0.5285488837097286,1.7274922063816847
0.4554411118785492,0.312200941883701,0.4407764479337292,0.5606802966982178,1.53603196396028
0.34765135282620396,0.2784691562573238,0.36155177390116594,0.4926196866408396,1.9046887201185803
0.5802969059980224,0.23062527888727158,0.1565783843016137,0.5325931180799248,1.6229733091369096
0.6063640727002036,0.27971743699356155,0.035429990271912626,0.5469907575528861,1.512514545334369
0.41108489301587686,0.2645505316077076,0.3135508327709036,0.5097966263020764,1.7890451269306142
0.531673210117676,0.23550266956850077,0.17618747373968335,0.5225468667497922,1.6847325691143533
0.4504544701757776,0.32518066279874225,0.22792239170661116,0.5210216696698409,1.704340986854728
0.4520583619174796,0.31387094227300055,0.3282397302580538,0.541025671927528,1.6159650981679916
0.45155274367228454,0.2696971667531359,0.32936632063241555,0.5304447105415451,1.67583646875585
0.4291351609043678,0.3149065462373417,0.22001729493188482,0.5083125386462092,1.777041158503428
0.418891374732088,0.286777230130013,0.23962434671286875,0.5072888904554795,1.788131729285857
0.42238541798907603,0.27055880216426875,0.2641358522497296,0.5097420299148014,1.77906179992418
0.47376779673902086,0.28699073557032506,0.3590072617886576,0.5485613235474733,1.5823781539045974
0.3168009855865651,0.27737728536058087,0.5391968766007702,0.496721352127263,1.9196272312986642
0.492908479875467,0.2332128036776897,0.251515372726408,0.5186573828863266,1.7252672908118225
0.33037831096746956,0.2854158940897718,0.5480808465168455,0.5057669135964924,1.8675638631065048
0.35218385424995546,0.30035625266906313,0.46686306683991247,0.5108074730939408,1.8188606995574346
0.4552123448709134,0.30730079399831106,0.416650793083119,0.5555643497197706,1.557339233862724
0.4367335940113928,0.24542043601160674,0.23412222062244353,0.5028368696905278,1.8130839707348592
0.3327814972366003,0.2934703847582784,0.5319790519181545,0.50692603776519,1.8574898922631204
0.3839529145418237,0.24765614790060908,0.40921627826430323,0.504541329172621,1.8466172746477196
0.4190614100729408,0.3176860354409018,0.47351942304181677,0.5504321290565569,1.5983785982292498
0.49285894570630734,0.2728461924505199,0.21717573834854995,0.5302786902251011,1.6501633697955744
0.35013940497733387,0.28862912574827726,0.5784624577947333,0.5176785788151049,1.8045050183866886
0.5060367031539876,0.2314632869512563,0.22896890986440213,0.519036687691999,1.716479541846064
0.38242527816189686,0.3127655113718181,0.4432714832917032,0.526108727790074,1.7263849259662467
0.32100315125425644,0.2840104957382642,0.5416058007760963,0.499662551652699,1.902794339134655
0.388553722143606,0.3492335846817868,0.5278336532967235,0.5361883055640037,1.6878782305329476
0.44113960219225906,0.23839671529033574,0.42781983788290245,0.5267026965749126,1.7199510507892675
0.396805274123525,0.31970358064843973,0.42204503888317,0.5304513028403636,1.6969085685583525
0.4332199671710464,0.30429712093793543,0.5153064624674065,0.5591946441683603,1.5608923395283123
0.3588776856165299,0.2944960950157619,0.5369094915972346,0.5229322371880988,1.7660962956335313
0.39873113855784426,0.30627929549136035,0.37411798955445025,0.5225567372639931,1.7303189660706235
0.37852047467431466,0.2677406677145589,0.3010150500943394,0.4962777410637691,1.8681169742091852
0.383406377920185,0.26248620564374076,0.3727064961801383,0.507862890018837,1.8155443001066263
0.5571565826372301,0.24514572413871244,0.1332626054548138,0.5297007186128138,1.6328800158003556
0.41556066793405366,0.2959687271408898,0.39050759669507085,0.5323485031266545,1.6790771640344744
0.36542793115739947,0.30757508821083773,0.5048018055334765,0.5248137336778523,1.7471860687179133
0.39395003843966286,0.25279260052182617,0.4846039490874513,0.5220891816250174,1.7597943580004414
0.46610818099583046,0.23674571568698113,0.4774762088797102,0.539815089259639,1.658185375667193
0.40792366310279776,0.24435949501677404,0.3328056772299365,0.5054975373527272,1.820275689342505
0.4820518703851866,0.2550878217125953,0.19833189080378116,0.5175426202887182,1.7176675284173386
0.3555604502481202,0.2510708250987994,0.49278801909818015,0.5067113605188517,1.8493098554848295
0.3130116166485627,0.2731445521550949,0.5184209628468613,0.4927711815988607,1.9382147168573558
0.3938731988858388,0.32026635614620924,0.5910369077962833,0.5471067193079767,1.64205949743891
0.34128784151378433,0.2929805567346967,0.5500706646040037,0.5130085187705463,1.825536833514053
0.4156215831404405,0.2981651930464436,0.3524237740044825,0.5264836791992826,1.7033718152113466
0.3801328739853667,0.26431488902449923,0.283477820123598,0.49342107316860184,1.8808089995700241
0.4054105654979931,0.2732749103986283,0.4669754861179806,0.5328046165438732,1.694446555435759
0.42736589063992847,0.2757619021902485,0.302173515728648,0.5189118076613448,1.734835495049996
0.3765741530944935,0.2505926463274833,0.5886864569396129,0.518310494815985,1.8026495998537555
0.37572233506073244,0.26378716152692033,0.40018289140805957,0.5089657499936823,1.8159382289718302
0.376177312479824,0.268163571510324,0.38035574243428066,0.5073038539403649,1.8203246329605178
0.41849827023918423,0.2782883413836434,0.32306456931861394,0.5190963368536403,1.7385132112576818
0.38688084744856255,0.2819387180055655,0.34038045601723205,0.5087850369838062,1.802653625904393
0.3584533680318058,0.3011113140441957,0.49312168674196405,0.5164305492017612,1.7912810416808185
0.34059572242599084,0.29611741472902037,0.5381333617386902,0.5122747061157135,1.8274652648944105
0.33404132635843536,0.2797611225663646,0.5426708886762572,0.507318639437332,1.8571165634351345
0.47163062808956796,0.24524451314047996,0.2595279703496822,0.5183428764726891,1.7281152611787547
0.3579131388304801,0.3051924285352003,0.5605950327965823,0.5240230672903072,1.7641786079209674
0.31475683945607147,0.27783620201402837,0.5277952280870732,0.4951973759011734,1.926529655201649
0.36163837667365356,0.2670887196345479,0.5561794457575034,0.5187440730194965,1.7938027417019387
0.38811774768982615,0.33491047490831044,0.5109404117078571,0.5376266128628417,1.6757478427424277
0.3965926084200272,0.30785802045114047,0.41534892871694085,0.5288651215498346,1.7040687981831302
0.40972024445795807,0.268991735343578,0.25022672627329234,0.5020013609662987,1.8215206759053912
0.34715557832753335,0.26704439046649686,0.3727112275658261,0.4928763183968258,1.905138539965472
0.35183672969980717,0.27345632230521205,0.3347335039422265,0.48994429318813737,1.9148337053951436
0.42419231784492245,0.28760125730688696,0.28822968257632664,0.5177947704706891,1.7375790713307728
0.36594755059191914,0.2768923275148913,0.38802339186922097,0.5054613369325639,1.8328067856916181
0.4182517913737311,0.271291200007813,0.2874135048584581,0.511805432384529,1.772504354987613
0.36118194429457817,0.27463399408502887,0.3324858580517646,0.4942899589320318,1.8874492855482554
0.32361267459113924,0.2850919703669166,0.5335783483029513,0.501167478247206,1.8919908319242622
0.3425656405875078,0.3075059668458125,0.4850946899400073,0.5072910779665262,1.8449381086306633
0.35335186690999676,0.307464701065693,0.3942070494569051,0.4981159828641902,1.8787101640933974
0.38795011300293253,0.29009104602461344,0.3044117505168653,0.503868015808105,1.8239320117962523
0.39543984502644863,0.2933947460025579,0.34980655565592994,0.5158849632263981,1.7634731996681268
0.3848915370990234,0.28464750586986565,0.3622508698805185,0.5118691973280325,1.7897551448194249
0.34541639327687923,0.301837024327329,0.4763498018626566,0.5091321690645045,1.8325479295007714
0.3578173956020408,0.2592671772979662,0.5814702033877143,0.5118412549724213,1.84085001585237
0.3284128770365717,0.24335636419433598,0.4844895414423013,0.4915025280722186,1.9391847401517481
0.37858439067225436,0.2656673797705501,0.3378160350830551,0.5015783580554471,1.8448563645615486
0.3282752863284257,0.26984114393129727,0.4502602411559874,0.4950706730145054,1.9101803421973986
0.348446278170437,0.2768550429758373,0.4402231063057999,0.5035314407192844,1.8554812551794744
0.36054206133481187,0.2804353370445672,0.4491246081194606,0.5127425892696965,1.8046574075742672
0.3453859348676212,0.29516211687387345,0.4536531835498367,0.5063371454953437,1.8433132661650231
0.4063830773545445,0.29131352426626167,0.31143879919361256,0.514297428106481,1.7638236097233095
0.3382706893515962,0.23789716762854007,0.5128269296144872,0.49543801578449537,1.92118569914255
0.38385259770949265,0.3011133026306865,0.3269904647751971,0.5056925269935345,1.8182151427127315
0.35504250222864786,0.2762131824824542,0.41348351667899275,0.5030636945431255,1.8522355823308507
0.39540790667354514,0.2980078501747693,0.38355927955006164,0.5221487856043238,1.735403220272759
0.3394988233312209,0.2756980964652195,0.4910588313073035,0.5057876519985625,1.8561061620385397
0.32880031622016187,0.30181453307706774,0.5058315402492971,0.5006810872656707,1.888814630628213
0.31584611402088175,0.2830403362757541,0.528517383909876,0.4958941063280339,1.9224895144831446
0.3433284921721809,0.2614315177361394,0.4634800114363758,0.5019492232108141,1.872196735007919
0.3103306398126472,0.27418575483828983,0.5417744186732273,0.4925371795260982,1.9457350071104758
0.31455577182938577,0.2795887498518936,0.5153717412792993,0.49448009735109677,1.9281195220182108
0.33614115875898465,0.2922149044661697,0.5433020764388399,0.5095813889939813,1.8444024691749792
0.364860058420475,0.29248952843531634,0.365905829617638,0.5028247414571365,1.8441718507394826
0.34534228226033337,0.27601501258426847,0.4497904581739606,0.5045956862365999,1.8527130889558394
0.3844273380173986,0.2847408896619918,0.32865159566867924,0.5060618756911046,1.8162475347658134
0.31867258487412126,0.28122354569532143,0.5294591196284506,0.4978206937015428,1.9111353412698324
0.32831520174752754,0.26344967314361567,0.4375897064947706,0.4924333911322839,1.9230861722425625
0.34291505191935895,0.2638685707923474,0.44623886083334974,0.5005553796922247,1.8759891163432274
0.33222682564876094,0.2413100115232992,0.5112723298814836,0.4941216086246554,1.9284916978284101
0.35530419614841774,0.24893962368522382,0.4300251777103055,0.49940869009460886,1.8786760758546759
0.36782495916852154,0.27775345629003184,0.33190657731605017,0.497810967996289,1.866224382622429
0.3121673821177288,0.2778307977339309,0.5275539371518514,0.49354689453117523,1.936533254632002
0.35153068076507976,0.2843978806471731,0.46984160288023014,0.5114443980961244,1.8167862255467948
0.33544077690124663,0.2937374422933066,0.4922399585779439,0.5053635310851282,1.858304267964837
0.36331967770047746,0.2589182898825594,0.3737410194874715,0.4985213302469975,1.8711745996851645
0.33959949744079376,0.26512442541557796,0.45400009279439546,0.5001637666237767,1.8798542189827745
0.35701863642536175,0.2760546927303684,0.43656887399979305,0.5085191590803458,1.8264184403341435
0.3591469376370486,0.27839610142273247,0.48192369251899525,0.5156595243342437,1.795551623198992
0.3192212302803644,0.2727297174796155,0.44422355780103995,0.4897116061516815,1.941189175988751
0.33541441684653256,0.273611733495289,0.3971851932695801,0.4916899690659531,1.9183871925206533
0.33525819995615386,0.273999067432611,0.5422572494035773,0.5070853181773947,1.8586245421688172
0.34380407905750554,0.2889637104244301,0.41012080161115183,0.49872228050389805,1.8789315833281506
0.3424004343168246,0.29824099502945695,0.5316149610592733,0.51303038781715,1.8213803344819857
0.33093844783117465,0.2869523468969243,0.5133993431640328,0.5046741702254712,1.8667588980338095
0.3540606665383275,0.27194900741269673,0.4107622926843676,0.5027823582729174,1.8546412485617665
0.3467558614825498,0.27303584635563144,0.42890071655895773,0.5019714706678329,1.863449530436065
0.3411375401672833,0.26277629029321786,0.40814542838342543,0.4944468718700693,1.903799957351278
0.3403010853861648,0.30271192858665724,0.4961799321701847,0.5080917277904721,1.843084123733514
0.3157724693740155,0.27946129879634707,0.557463220714896,0.4959604679849341,1.928716051621933
0.32407053619850373,0.28638871024847934,0.5205491054995774,0.5008375835411485,1.8911864486939152
0.33477946327909336,0.2692552997970686,0.4061327296860803,0.49220156807852183,1.9170747744567005
0.3191468636402094,0.2821066279128128,0.553678861799999,0.49840563997720405,1.9129188002400217
0.32826706391458393,0.26798131326611885,0.42830112614882804,0.4919101731329495,1.9245450468757777
0.3399386914834092,0.2678071307847145,0.4102161298715611,0.4952095478268129,1.9000737592707297
0.31081576220748564,0.2772664760045946,0.5453012237185748,0.4929176196875258,1.9443801221910204
0.34077400498186566,0.2735465452299182,0.48149068349179813,0.505616687336699,1.8538307583813423
0.30891364746916977,0.2752432997694388,0.5325449916564465,0.49154582113900164,1.949687337789693
0.3300553768115345,0.28746314560168285,0.5716482810776385,0.5051134737438671,1.8766610894810754
0.3111306445998331,0.27925729559191304,0.5016559614859329,0.4911577517115233,1.9449877942243394
0.3148285772068965,0.2780643318334452,0.521361829510403,0.49497860702575586,1.9264986310793402
0.32474298065830176,0.28645214508470157,0.5462267283324787,0.5021250368898049,1.888853176585224
0.3159265034510162,0.27127401233136894,0.5043117909663759,0.4940839229122158,1.927959822707514
0.3362621668650243,0.27023462013798216,0.4521820523245621,0.4993773939591912,1.8842672185352207
0.3218425800282279,0.2826326781848034,0.5330565175074062,0.4999181519516386,1.8990743712853222
0.31206190795164873,0.2695825705450771,0.5140898092535223,0.4922687872930021,1.9409706866345988
0.3380069994904119,0.2642310994278284,0.5393318207794282,0.5060389769458022,1.8638780571523752
0.32258655159258565,0.2842518508289735,0.43226833403347065,0.48969756133087333,1.9386771747656013
0.3096984608576302,0.2761966051628143,0.5282878529490689,0.49196834716516974,1.9463482177022087
0.3232092102775252,0.26647719376204165,0.44547467118060335,0.49127050391886995,1.9316140960259167
0.33359014194322145,0.2639807585148754,0.4300012707388988,0.4940351874372676,1.9112550173879017
0.3186185617864654,0.27453116604347605,0.49278329901566303,0.4950140640234523,1.9199098243447807
0.3168377415880612,0.28163988427215403,0.5363571918849815,0.4968402881908796,1.918624268654427
0.31500937029924697,0.27710870788518316,0.48273482833414194,0.4920321630302871,1.9361771052535075
0.3370686532107527,0.27945900159764014,0.4331198056226426,0.4984273156611258,1.8859206662303691
0.31569681696315643,0.2781591754410706,0.5200221324104539,0.495385103011674,1.9234863768070556
0.32603179155339546,0.2851851117509653,0.5018536044938018,0.5006877973478406,1.8880308697315176
0.3273478678836413,0.28424540063754417,0.4994012320448111,0.5012433200566946,1.8839538633298514
0.3221263488998373,0.2699556019288129,0.4696667675721966,0.49405910106218526,1.9202003932053304
0.3227909976984025,0.2836196180749682,0.5320887175703869,0.5005363870270095,1.8952480414750763
0.3104230419954165,0.27655787853321606,0.4910791471611972,0.48997923159799484,1.9499937433239394
0.3184178007243711,0.2728607607161229,0.476352894455769,0.4931528039148825,1.9275650373733173
0.3132280631798697,0.2732869727341813,0.4878793655118636,0.49134509479500227,1.9410342354848373
0.3194153521549173,0.2778567030328008,0.4475639348573485,0.4904244382629279,1.9377315674350684
0.30788026767966564,0.27500970855361556,0.5244208352680728,0.4906541165706588,1.9534847841665797
0.32612984816798235,0.281429360013657,0.5146824465110793,0.5016084942523316,1.8850654438879353
0.3181297281470228,0.2820694599761519,0.5380517448464517,0.4977181768232138,1.9137691699992192
0.3077301496980668,0.27575011271882444,0.5344480608362536,0.49081153745689915,1.954559192239066
0.3153026520406746,0.26980616273772745,0.46312976859379035,0.4896744088203379,1.9460052146573552
0.3146665259013203,0.27903807738633707,0.5387241016225566,0.49544082606221834,1.9274142329566903
0.31229535792555824,0.2755320386957148,0.5314794777031768,0.49365803357477306,1.9365214657087981
0.3193044826519818,0.28174209278859713,0.4925578363576961,0.4955966167237596,1.9162074114120817
0.3194404558472662,0.27242636545815835,0.468528099689876,0.49279965675015136,1.9277909497262387
0.3117407491038767,0.27692136345254664,0.47982967194611587,0.48969739388830125,1.9492626640873487
0.31567765992510055,0.279265104194212,0.5016036985762456,0.4942261183882551,1.926694742297444
0.3203112277356966,0.2721622416159003,0.47525191367476594,0.4939412188058798,1.9222090995577485
0.32196065625632514,0.28094808872798027,0.48914511114266224,0.4969414994383371,1.9078336440408117
0.3114969169751694,0.2728996788006379,0.4934891556045489,0.49079232009271767,1.9455893929124044
0.31614043694535715,0.2776769869175396,0.4710718396649108,0.4914617860151134,1.9367199983851515
0.31139093095895615,0.2779220929145022,0.5061068121919557,0.49188702279649094,1.9419176599471881
0.311672288015547,0.276091901477883,0.4960175569387431,0.49118152184296576,1.9437135447639162
0.31416668672319037,0.27880160202126186,0.502985235713427,0.4934025894602581,1.9320681175841203
0.3128527393486637,0.2771381789301968,0.5095701595759085,0.49299499154691306,1.9357444929976801
0.3146203926111349,0.279170604739241,0.5092115010766901,0.49412113022694504,1.9289312690152514
0.3119964338893033,0.278123395628644,0.5430441651716157,0.49368065177323533,1.9388967356551776
0.3080905474916355,0.2754148110191664,0.5093020436737375,0.49002679068200017,1.954081783219489
0.30926489642807437,0.27096807949274077,0.4974171998898464,0.48970974074058754,1.95319641980781
0.31184966865976066,0.27810451597243585,0.514871865701993,0.49275524760032047,1.9386788550216172
0.3101172542889692,0.274934327123338,0.5232945299552711,0.49197668496227365,1.944919246118917
0.3084020432828608,0.2740126877903499,0.5058938321728055,0.4898587969421699,1.9538911103632532
0.3090248121812439,0.27558975558763543,0.5198522980989331,0.4911997849489439,1.9491329584530004
0.30982474262764875,0.2749297869510295,0.5098421301595273,0.49108643207117303,1.9474051654472675
0.3082543223321828,0.27607988331162564,0.5168733859706082,0.4905521166251703,1.9523481506722966
0.3079858915706804,0.27595660550787804,0.5160477816464291,0.490336062687644,1.953481427068736
0.3080547231337414,0.27825154419907094,0.5298465329388679,0.49090909156812457,1.9531196084332838
0.31241245472041773,0.2781191376163944,0.5030932168292509,0.49221739905394246,1.9389774385525778
0.31061615283016186,0.27712044638174954,0.5173273849897004,0.492067283614805,1.943141878755336
0.30770338780633005,0.27563964023395243,0.533220414915831,0.4907840801008742,1.954517066365764
0.3099771642367616,0.279237404542808,0.5321725567040836,0.49221961708370904,1.9455954392825319
0.3081763757799868,0.277339763736,0.5286607823026884,0.4909689108261346,1.9523985422484538
0.3076754682151784,0.275086926280689,0.5322090517184991,0.490733015393098,1.9545585198367819
0.3079728025483946,0.2749374774359319,0.5272144694753853,0.49078388441868903,1.9531303453441402
