1.5053961825874675,0.18151882922077744,0.4554255014329774,0.8274127096116305,0.34367727652351265,0.0
1.9717503203985336,0.4624387239424959,0.0021393396943768035,0.7893944925460276,0.44540954402485405,0.0
1.3955484219283858,0.3287535118072486,0.06458750837262657,0.6791752931311343,1.1729593116398376,0.0
0.5452208022940126,0.8424393879615383,0.2818022637134194,0.44163031079054305,1.576986694980086,0.0
1.7893173072246225,0.6341372337611043,0.17171445663153173,0.7916118485880739,0.3651902553204231,0.0
1.4389371210072854,0.44059309882594094,0.26431895254550364,0.7667393883761372,0.5530088282492033,0.0
1.1063379248017011,0.799138035398162,0.2569817521879147,0.6172396229478647,0.8796339927055751,0.0
1.5634122685712712,1.8694085849010662,0.25309425546136327,0.6642587802424217,0.4970029217675735,0.0
0.9160928924261573,1.0614625068186532,0.18006757103259455,0.46084591098028693,1.3220002360142684,0.0
2.025332495516217,0.8992665668228804,0.003196891559327879,0.7766757702162308,0.34717207407666406,0.0
0.9246302946358347,0.2960225203163559,0.2414965388328953,0.6986743592926924,1.1324205989145173,0.0
1.4242309109055227,0.3030722559037256,0.04324446451470887,0.6737105827774111,1.2821337109818278,0.0
0.7765116220950393,1.240909559259673,0.29051227278818476,0.4708663712750486,1.1918018266642298,0.0
1.2147890008728515,0.49661648894479105,0.3679978664981593,0.7420362356859349,0.6141584411339667,0.0
0.49963883122004676,0.3063585782174249,0.2792759555370942,0.6048533330756638,1.7296027471276854,0.0
1.0285217531564759,1.518290927367003,0.33095566554475275,0.549198684869233,0.8447715817419431,0.0
1.0413522024383115,0.10257967847228854,0.3559871585291207,0.8118497196848793,0.7945138478395933,0.0
1.9426822227771787,1.1901686835084815,0.05711913029479357,0.7502416897145724,0.37010803236543266,0.0
0.732458847632889,1.2601167797159845,0.17414541855858684,0.3707603715378885,1.6076880981662862,0.0
1.769568475023753,1.1425172507093873,0.4457020059158784,0.8174063941758402,0.21519682095969858,0.0
1.9333007500681982,1.0950355144348316,0.0258833712728086,0.722965487408829,0.45395350702326354,0.0
0.9791503734432353,0.35662955228377824,0.4249139912340302,0.7420659992926782,0.7574996278788199,0.0
1.384947031810175,0.34967399521840664,0.19196302571221252,0.7527939047949911,0.7231796749960666,0.0
1.27657431725936,1.201679638611109,0.40810180015313624,0.6820759198782074,0.5395234101726688,0.0
1.6034427854367679,1.3466731386790192,0.2741534153000185,0.7194645079900926,0.4237651261672427,0.0
1.6644600415730009,0.6933010874469494,0.12632695400093683,0.7245713306492381,0.5650542977577906,0.0
1.0985588214798694,0.8203556614131385,0.20152657662610532,0.5768559257146882,1.0164614306691044,0.0
0.6483110359716793,0.18441962676551582,0.21015548996915073,0.7017163912178517,1.6286369968287568,0.0
1.5842556247246944,0.9461117974924569,0.4612842502923455,0.7886933033064683,0.3056747121202064,0.0
1.8166956768691993,0.11360220187051398,0.411830328994051,0.7959387584610489,0.19234594427097887,0.0
0.9625572641716168,1.6382115467494216,0.07442004084879786,0.2791811926136375,1.8959854955249353,0.0
1.234301401467429,0.4432036659241352,0.40966036363086633,0.7653367418992599,0.5571426037968014,0.0
1.4272367431215145,1.2220083080707558,0.37533235905935725,0.7114516512733846,0.46045812460189567,0.0
1.4747005855273045,0.7211057167937034,0.2809484452461029,0.7383918104736613,0.5074377420542854,0.0
1.9321241775353368,0.2608805608352923,0.47329485089969053,0.8265164391256038,0.12492024546604696,0.0
1.5923611976607048,1.549045431340869,0.3151828080468397,0.7210150850424719,0.39812960584407564,0.0
0.6033804972727926,1.314470415812431,0.4058777208650363,0.3134358153672388,1.8648619464717824,0.0
1.777303500780556,1.9443741099107603,0.2841702193491467,0.7570459387219798,0.29590963485775534,0.0
2.0566375731025506,1.2636041561438351,0.05865608625728735,0.8126953642302405,0.21823267777747932,0.0
0.49509205615796636,0.7430297896268853,0.3219141695561287,0.4488053357929089,1.6524002307388272,0.0
0.9835886619554596,0.1099638351262125,0.3987346504383713,0.8164437693216162,0.820976398216037,0.0
0.5561852396938701,0.4425986881758338,0.3939936937656752,0.5443917860692641,1.6656842042604532,0.0
0.7320961699858065,0.406521551012037,0.4031960603682644,0.6627546964027908,1.0843441106731602,0.0
0.8337658575245249,0.18066415751971637,0.3742324264372121,0.7682884382620044,1.0018213047831528,0.0
0.7361180390380033,0.5759360722238536,0.2387894921997105,0.5505180176612909,1.3721726348931897,0.0
0.6302836020435528,1.9809130441717568,0.45312610092806116,0.3659533157305204,1.3652931269828943,0.0
1.736826013360545,0.3041662243779033,0.020923755522915918,0.7470772134422836,0.8281173853365313,0.0
1.8440578976198623,0.19931820916270465,0.26228950003110596,0.8301463149388238,0.24612402441998033,0.0
1.7835241471459218,0.3565438575566657,0.04970000647748961,0.7726681808083687,0.6114307156559278,0.0
0.5348587858042926,0.6835177877785615,0.27440428685262686,0.4708253467920541,1.6181178087205477,0.0
1.9516242224286442,0.10716322099623576,0.47573643069594695,0.7529045480235788,0.11256638020377818,0.0
1.1290245356278519,1.219402728942133,0.05515908424634452,0.3477827335456343,1.746754940568467,0.0
1.9809462263004687,0.8546024190541552,0.017422534940630965,0.7645461450959341,0.39012406662170196,0.0
1.2295736093990342,1.3473179037398875,0.029915014613699546,0.2887474781435137,1.9894722808708905,0.0
1.9831801475366837,0.21296036296336313,0.3420550321351078,0.8158447474910517,0.13102141990857902,0.0
1.4672809502424404,0.5124061862740962,0.0454956515396081,0.6110829578673608,1.176078508225397,0.0
0.6115913064808259,1.8153305873899315,0.4114422930209804,0.3814620046628006,1.344540464335814,0.0
0.5080696552394135,1.736050037946706,0.2628363469772026,0.30572240347658053,1.7127198986120753,0.0
0.5701762898813018,0.2538364496189914,0.3843768632240485,0.6611600673260963,1.5536620646108545,0.0
1.889500508338875,0.17100326670625454,0.4814850692245781,0.8063872487481352,0.14061100974148874,0.0
1.5624746005060737,0.8137503793366738,0.34232611146632547,0.7682098717948426,0.38761409662901003,0.0
1.415955554838965,0.49475572858478495,0.36375157605228053,0.7791095877002432,0.4660827193384568,0.0
0.8160132405992847,0.9803284847823769,0.3788886495936175,0.5558878714485523,0.9974440056823233,0.0
0.6997199331581586,0.49385030128879176,0.46839764719964316,0.6316040334122482,1.0941090339261188,0.0
1.406670922959992,1.3984093619296678,0.05584324258788326,0.4497534937574864,1.213149451436037,0.0
1.3553184876650755,1.7617709873030907,0.444045214054497,0.6831530184792258,0.4631053763747141,0.0
1.0660975643416102,0.7337834315110019,0.07863925235867948,0.4523885459296067,1.6477079475770149,0.0
1.414079080555591,1.6045738707750992,0.017855986423476404,0.3415392969315463,1.5889903023641452,0.0
1.1143160131999523,1.4976628852489928,0.4048650779687468,0.6116518673911778,0.672194394492141,0.0
1.305574411877594,1.5866618515646203,0.10439884720702745,0.46347656929832953,1.10571524883047,0.0
1.299263747282928,0.41998557950268467,0.43824238185019815,0.7785534887184681,0.5052932540974262,0.0
1.8606989988809397,0.38675066245081235,0.0040949349039230585,0.7542228674651559,0.6669791261682043,0.0
0.5734443489951738,0.6544288608653649,0.15947104119436603,0.4181820899693921,1.958477466768655,0.0
0.5146969868566457,0.32284140895259794,0.3503680068763022,0.5973445368472154,1.713058469550952,0.0
1.3939195424909019,0.7656285873424005,0.2112202825341359,0.6800440370260914,0.680038669481985,0.0
1.555684015879131,1.6497033699139632,0.0502304856704348,0.49243152907066656,0.9942057704504874,0.0
0.5530162350189705,1.8483602919369722,0.28028841985820463,0.3219093671835036,1.5964696986993177,0.0
1.6660465165788616,0.9218638273016018,0.4238231325744252,0.8012529882986524,0.2768216988821236,0.0
0.6399652494895998,1.7012022193530283,0.44820838227735693,0.4116422341511687,1.2564177297953187,0.0
1.3075103201236973,0.6088195761893183,0.1809033754550721,0.6654017682468829,0.8317364113646489,0.0
1.1580290051930031,0.5020141672591493,0.2589966333209531,0.6923624145782473,0.8182780688515096,0.0
0.7884696255463475,0.4086218730992988,0.4532687162902591,0.6883453531986901,0.9492616683431279,0.0
1.8812181632983513,1.5003221545355734,0.42724333045539203,0.8309570618676728,0.167899191776763,0.0
0.666018581440475,0.2249062575758029,0.4733584434752056,0.6970929843635498,1.4066161723820552,0.0
1.976135936869213,1.9761396863858276,0.10770018959962152,0.7678712967476893,0.2732705862730806,0.0
1.2026690488113143,0.8973474745868628,0.2581373837890172,0.6307870576813043,0.782542348096408,0.0
0.9896713846285644,0.24361690649105777,0.2134993028213342,0.7281405885632064,1.1099034905205978,0.0
1.520634584462921,0.15160517889028055,0.18526567264756882,0.8161514656325358,0.5995314620101126,0.0
1.6413841827796036,0.7586077221369685,0.45547276144575427,0.8110260740770612,0.27422782739517243,0.0
0.6492900009230627,0.30228889989242985,0.4534631721306316,0.631026624274449,1.555845456985441,0.0
0.5732995328236199,0.21079761412051523,0.2470189530353422,0.6791819446455044,1.6506438239516223,0.0
0.8853321541463902,1.9528396410017645,0.13252041556729313,0.3121155048184467,1.6151185256304375,0.0
1.3278875250180375,0.6374191510609984,0.30859852400619886,0.7236819854295666,0.5934783747899763,0.0
1.2217699718540045,0.7138530585299842,0.2917418871953419,0.6793387600981581,0.7087062954084449,0.0
1.0263156817677075,0.8249605756803818,0.4307811146507409,0.660663160263029,0.7137138821887573,0.0
1.4875356203147194,0.8921369923698674,0.3895144094011451,0.7553235654618166,0.4056239108773953,0.0
1.8214895369964883,0.24392141183913707,0.005410439993029126,0.7788615224894947,0.7552000327640642,0.0
0.6889760604115202,1.3807828971104519,0.46103071555941383,0.4787530503407329,1.1066407904685496,0.0
0.5009058312016392,0.40303406417279874,0.2093813749153299,0.5282953997084026,1.8859048403406178,0.0
0.7700836952679446,1.4612486451585673,0.11670323732565643,0.29647430131965524,1.8822209991644285,0.0
1.540576521782251,0.5142820550072946,0.2660532843492263,0.7760263803186176,0.4711445201490193,0.0
0.7636628428296373,1.5367488144692583,0.43954910536032626,0.4976690145232998,0.9987982207042593,0.0
0.47314678905176605,0.3606492733681176,0.23987443293918131,0.5547248245323356,1.8590729649209914,0.0
0.8866481157286014,0.36864578817081506,0.16183608387879134,0.6178490484199554,1.4306030664703906,0.0
0.506319273825034,0.550951762916829,0.32293406306382594,0.5073353304378643,1.6380843099278826,0.0
0.5456124510121113,0.6294591709657803,0.2785425490245818,0.49127205882095887,1.590942798400392,0.0
0.9213943458525391,0.7442992253812518,0.18028777555689363,0.5197950539591557,1.3118437727844632,0.0
0.7840091063623069,0.28239036460800904,0.17469735314993196,0.6433948312908381,1.5531965834400052,0.0
1.423855582335817,1.5384693292344567,0.16501597664502923,0.579684765904644,0.755001536775866,0.0
1.3179647427943308,1.5674128737504516,0.17980612333070423,0.5500751499986187,0.8342412768710655,0.0
1.4210887702830153,0.5443662877955641,0.15843361721120452,0.697086032568439,0.7602672141935422,0.0
0.9485264919972738,0.5065544850876429,0.40101169579762896,0.6901307371210351,0.8179754843810428,0.0
1.4908000534118815,0.5806037965675234,0.1319115841935658,0.6921729200939045,0.7503233112679109,0.0
1.2890969679770734,0.9823164073869285,0.29641859738057574,0.663647351869145,0.6465489926521807,0.0
1.3863225567348747,0.6429797579475893,0.17029185091321716,0.6745115050366897,0.7713769718202036,0.0
1.2351748356446721,1.24168510810611,0.39618426813511337,0.6633265481127895,0.5815860048954972,0.0
0.6244194164165747,0.695644493662699,0.1817103443541524,0.44239974672381915,1.7525940429528153,0.0
0.9273892022978475,1.4519613287985536,0.25649846908245516,0.48038402372262157,1.0834222063025802,0.0
1.237583460028949,0.6955967667495938,0.2608103744607528,0.6731309970771873,0.7412693835857452,0.0
1.0058867893312544,1.3222475692178355,0.2969785282046723,0.5424730782130212,0.9151573815426403,0.0
0.7735699337010578,0.5323371970678025,0.345408457687398,0.6197493925412272,1.1005933921001831,0.0
0.5326063590401654,0.2992265963680961,0.32330725106592606,0.6266688062541231,1.6045080932971512,0.0
1.1947830073564607,1.4912408079002495,0.19013773448585713,0.5194595102124664,0.9442274441322369,0.0
0.8092954374843913,0.8963821822595395,0.19848247729900342,0.47078995266298135,1.3940330358418145,0.0
0.8003213309559971,0.5701356448659586,0.3010408045092222,0.6014681175434049,1.138125368490733,0.0
1.494915331646982,0.5611304076026461,0.14706800844762785,0.7073247958827066,0.7064260715918864,0.0
1.5485026983624501,1.389556078116762,0.15241767966143505,0.6285755294681046,0.6485531232603708,0.0
1.3228496246155226,1.336381041842884,0.260649045175317,0.6233663302291421,0.6722990249953195,0.0
1.4679424229540774,0.7461482473551642,0.18138011817483823,0.6880952317958824,0.6627592797362333,0.0
0.8021023675092769,0.520355433062913,0.3831045855282484,0.6438747738418814,1.005905309265359,0.0
0.8792260658038588,0.5401880866621576,0.2949358270435774,0.6287543020774201,1.0520976664459902,0.0
0.5660156963016205,0.35218909662671,0.19086328480567405,0.5630338772192486,1.8335387094498854,0.0
0.8554575433060508,0.26584151284016244,0.1706663204164563,0.669770149699238,1.4409368692850726,0.0
0.9321954480554057,0.3506172525665191,0.299767586120497,0.7021217794076238,0.9839709915210686,0.0
1.560242116342668,0.9608053739450559,0.12760228634954943,0.6534577462665101,0.6864292915689482,0.0
1.4532609478815508,0.16647171914774922,0.1548488404956202,0.8039109283663898,0.7324669199613822,0.0
0.8985373572419199,0.6651614476579731,0.3331979456544415,0.619323498660659,0.9649861508669776,0.0
0.7696021426179724,0.42482474375116214,0.17719882123939168,0.573945750835852,1.5395272351638793,0.0
1.0076830235112282,0.4031757087764605,0.2726825034318732,0.6918855736217128,0.9481394839184053,0.0
0.5164883234141787,0.35871421625998035,0.34990528069930127,0.5824897502889836,1.6790104709113196,0.0
0.7047325133555636,0.2947859219666,0.2934542808039719,0.6697357400202815,1.3212387391244467,0.0
0.45115034087511413,0.5594310569676371,0.28616277040214033,0.4726500998225213,1.819418884178016,0.0
0.7766153195295661,0.37075537958939125,0.22150058071706002,0.6271674791445022,1.3676491112435398,0.0
0.9108491937280482,0.38142864246740127,0.1464767045411555,0.6059944030677098,1.4656911291230803,0.0
1.353463098821299,0.375070764353693,0.08688763576447214,0.6714627308575131,1.1088959761855213,0.0
1.4208739265118862,0.42616734247441834,0.10357810911976335,0.6881782318019114,0.9331699720324214,0.0
0.9322146842754209,0.28081600252752476,0.10766189861581489,0.6295586175081229,1.6661827565229643,0.0
0.5925924224517415,0.5132261461337408,0.3935791034965789,0.5645522310942357,1.3975070475298952,0.0
1.1732713553621255,1.2084412656304666,0.15062434515766324,0.5036063863589159,1.086996325557482,0.0
1.0521970546743409,0.5052324706432084,0.27251090054271554,0.6722113576260723,0.9016115539383799,0.0
0.5192395408938264,0.6293929922453355,0.1823051349979564,0.428091510330902,1.9453700403528968,0.0
0.6113352075633499,0.5705340786093943,0.3570226735970395,0.5564886810021157,1.3477635622921889,0.0
0.912705707752146,1.083464452150439,0.33882909636831815,0.5584340872419391,0.9438263420296849,0.0
0.7385355680114716,0.6327010698636866,0.11893509736015498,0.4313128153544784,1.9200515270789855,0.0
1.4624293216130562,0.4398585149833829,0.10105763728492487,0.6943133004504151,0.8852237253501982,0.0
1.490888425219093,0.24649495428742324,0.07524916505580706,0.7486709468084468,0.9570897017127737,0.0
1.0412301086836395,0.3482664600976769,0.18516716030124913,0.6783273131745081,1.129331317813745,0.0
0.8655624014484102,0.4339666856289119,0.37000582595204584,0.6819326573185747,0.9454018221107152,0.0
1.3446076891769534,1.319088451450593,0.1578139044240146,0.560363735766696,0.8611176853317537,0.0
1.1151834389518298,1.0327251948520215,0.3247062569824671,0.6203147775212914,0.7620801058047765,0.0
0.8387606355502192,0.606497099208748,0.2670207380424987,0.5831360682354723,1.1758789483425416,0.0
1.1184242386802163,1.1134841756766183,0.2682722163506637,0.5837985374283619,0.8500101775316464,0.0
0.8093145761885053,0.5960336772186922,0.28997571036717995,0.5923165053459105,1.1487005175142393,0.0
0.6792227422621537,0.3409245029887897,0.27298061056405515,0.639094555383493,1.377449274235835,0.0
1.3582173269821158,0.5673461311377401,0.14834654898233535,0.6672309739101069,0.8610125105600666,0.0
1.2065926490182879,0.42274350350032386,0.12499133965096001,0.6476525181840855,1.1408273578284078,0.0
0.7011048135371604,1.0528316571036886,0.23095127991826234,0.4337294247929317,1.443753744005095,0.0
1.001096609979785,1.4724517389451077,0.1619163500226829,0.4229556737144775,1.2883671557641396,0.0
0.7700372911714544,0.42249807091741204,0.3123833238769264,0.6436939057467734,1.1583045678664983,0.0
0.9134008805445184,0.46140208169499447,0.253248625624579,0.6420772014804049,1.1025889462656184,0.0
0.7136825311604315,0.4925965740148423,0.39654781491869195,0.627327707853346,1.1203965289932936,0.0
0.8402673524244418,0.5077028207199448,0.38186790896297235,0.6569500338667189,0.9621080443291223,0.0
0.652656275441224,0.5015180909976986,0.25949414885574895,0.5604031277876416,1.4461290482563927,0.0
1.1341654443097793,0.7643382142490209,0.14864388129260558,0.5556140907667901,1.1419527399966478,0.0
0.9219822679118798,0.5212337619773888,0.2859437188796044,0.6367399328097397,1.0376664107625548,0.0
0.6893711388344365,0.4359958490283574,0.3932505981272337,0.6362881632596751,1.167244023404842,0.0
0.5400740364938804,0.3370587552375069,0.37018938720787087,0.5612682576454546,1.9141477174979804,0.0
1.0197415361565734,1.2715608458059375,0.1702112173328474,0.46223219585547837,1.2136982813415875,0.0
0.9392705423450368,1.1630411822157516,0.3932430712785779,0.5800659987045185,0.8428572107539336,0.0
0.5540633213595699,1.2919823219382072,0.1941598163955207,0.32463803551966086,1.8221230424336659,0.0
0.9655566587743053,0.5939801131380934,0.2273443744936934,0.6038956994042636,1.1010877128855567,0.0
0.7890301624015308,0.4618253571241339,0.32037225900528105,0.6367095512348291,1.123037124517696,0.0
0.9629940477684161,0.6593481200050467,0.2053547793739372,0.5727055037675534,1.1669218846562823,0.0
0.7051444935798968,0.4379387613514469,0.1315606062118986,0.5092145402815346,1.8975356027855355,0.0
0.9377399113112663,0.47368625305585527,0.29632625683617764,0.6610739463022958,0.9888431763643468,0.0
1.1131125227392273,0.5250012982302662,0.19820273975404468,0.6437021538433492,1.0058061578568613,0.0
0.4167704471937161,0.7241679790066732,0.2775859881302318,0.4070921174747612,1.9091013357562456,0.0
0.8595923563626944,0.9698834977447811,0.35076869569068725,0.5607856331863931,0.9857997418520943,0.0
0.5779235852012126,0.36104884961856326,0.38562562164558284,0.6149958483824639,1.4627895758868807,0.0
0.9788984668685188,0.4211178976985556,0.12436262312306731,0.5864353447587529,1.4775746443329565,0.0
0.9251345010636152,0.42591040397592217,0.20106374532526433,0.6297084254586691,1.2277674359081485,0.0
0.7605251317125555,0.49254101875440803,0.386016439300564,0.6402779552383936,1.0587945783544543,0.0
0.5532928598335263,1.4128580934162391,0.40760353727985593,0.36340665783882803,1.5602428216701771,0.0
0.9800706989303013,0.6379206439393198,0.3212207478121596,0.6429810786611979,0.8939957873208101,0.0
0.8682741209617572,0.4941688931208926,0.3537716040916039,0.6603046547151447,0.965431237895747,0.0
0.8211091776655842,0.6693472386203145,0.259454466879773,0.5621962396164686,1.2010039484730304,0.0
0.5562057343556549,0.6809581985144509,0.2781087615185645,0.4806334514432328,1.570516043498135,0.0
0.7263908738961898,0.4331238986109744,0.33614803378086205,0.6355305838923779,1.1798053763780727,0.0
0.8633054192733338,0.5223357676888135,0.18027662054342536,0.5651208732685171,1.3861366436644613,0.0
0.49301831374858635,0.29336866356395563,0.22388753988030824,0.5917909186960482,1.88236586623299,0.0
0.5733573396668468,1.2357263604369864,0.2951310774513936,0.39753604443861196,1.495168322062363,0.0
0.8175039753501923,0.4901693027832783,0.3554506850410596,0.6484247777134824,1.0248795426911157,0.0
0.6317479883807088,0.41284354206265006,0.39160441152121905,0.6222806342892839,1.2884580834524275,0.0
0.7466619652329883,0.46841425929374964,0.22073345671543432,0.5790868361405652,1.4121308256660912,0.0
1.3582994178315682,0.7572933581675959,0.14079131441512563,0.6228153142170143,0.8864243782617258,0.0
0.914403843946075,0.3696927856933627,0.16408971569492695,0.6256831716067129,1.3799179468263731,0.0
1.0473022706657427,1.3558904349920127,0.2732399665534184,0.5392021452869192,0.9161434552989269,0.0
1.017427243902185,0.5157643621995509,0.17575659618381603,0.6048288338542684,1.198267764532091,0.0
0.581223257332517,0.7120118905030931,0.28661245456105483,0.48631495642028844,1.502641229027241,0.0
1.1917804138530304,0.5669222420096289,0.14076901461278898,0.6127789424197726,1.094606740937527,0.0
1.1308535294374664,0.5597163050850283,0.13460502130481417,0.5913313960095036,1.2018741019344321,0.0
0.578404598251148,0.8128611042195389,0.3557309460151312,0.48224743858611535,1.4116476919070173,0.0
1.0926352741438603,1.0630754013957386,0.15024714669295047,0.4932845286534691,1.1925019853350847,0.0
1.039266194665893,0.9330146309719515,0.29323375010590624,0.5957778788471367,0.8832726313223032,0.0
0.4719255460867419,0.440271969083063,0.29057222331079274,0.5286404839119883,1.769727732444342,0.0
0.8092958068229898,0.9549641330505583,0.2642749654849928,0.5053138145858257,1.2058459301811,0.0
0.596392547644552,0.5827011403735517,0.36449572090197047,0.5473331580063754,1.3745610948578568,0.0
0.7722050904073187,0.7816927875420141,0.25985859497642116,0.5219717815495704,1.2672432735110686,0.0
0.9148179421221049,0.596094672770602,0.28392149882073703,0.618514588815147,1.0350419022906836,0.0
0.5678750037258112,0.8280935301105816,0.32583728498745335,0.46812536903514623,1.463189565929497,0.0
0.7314570862771765,0.7197685786963658,0.37707122366316875,0.5705253571877553,1.114413502341726,0.0
0.8623835759017923,0.6475345611651137,0.2235788387049761,0.5580056714392521,1.2434936159213028,0.0
0.4869418835749689,0.3893073433421857,0.3418975336116956,0.5425114536723201,1.8396188389778394,0.0
0.8700822819473081,0.7935405143515207,0.3198636311084746,0.5800869035863642,1.0194635386531263,0.0
0.7585494765372428,0.6569436826151926,0.31868303990798497,0.573567665086107,1.1633081725653136,0.0
0.9993008452827686,0.6019414808481606,0.22441734365927474,0.6092940253921734,1.0686683657450384,0.0
0.5316305930601637,1.2394370208942271,0.17578285815123917,0.3090901844652841,1.9433213302999888,0.0
0.9348818166251486,1.2968455668372816,0.3219018419838144,0.5335825909678954,0.950525119762914,0.0
1.2123691717915848,1.1197046171555225,0.1832177893223913,0.5564332526359406,0.9384966190883147,0.0
1.002006133376612,0.6121885060876372,0.2314239261228334,0.6116276041437577,1.047769705637681,0.0
0.7934233648568799,0.576509056217174,0.3652476340853257,0.6212726089792998,1.0410797179584745,0.0
0.4897586883454694,1.2591538973733793,0.36725787749289096,0.32697216215714187,1.827539595053897,0.0
0.8478696535178183,1.046379313534607,0.18851802942991935,0.4504166081836207,1.3759149636614652,0.0
0.8426937861046288,0.5625411168723594,0.2996176571216488,0.6146804704655062,1.08893761781954,0.0
1.0473384300377115,0.7866461339885088,0.223601478318236,0.5826027863553164,1.0169469708387384,0.0
0.7314544036339278,0.9274610449566465,0.33372508933289546,0.5175129579467513,1.1729877833541407,0.0
1.0380161312175922,0.5820504179786914,0.17554636243128008,0.5896726026196752,1.1782249299681997,0.0
0.8979371056067159,1.2145604104078254,0.15132292624566665,0.40857970916429487,1.4599789477480003,0.0
0.528327968393463,0.7932004219659773,0.3500619917451467,0.4573178320948314,1.5503139619451454,0.0
1.2410227292235823,0.5813303993405318,0.1321917560612362,0.6162945257196281,1.0627994449133291,0.0
0.49472769128222166,0.651317419672332,0.28464200334202167,0.4660973100958566,1.69065671557802,0.0
1.1674667863943282,1.022121768226527,0.20028185609684634,0.5666239484095821,0.9436701870520772,0.0
0.7813589099621361,1.039373638045074,0.2289005548726391,0.4609154833399705,1.3354833893115947,0.0
0.8334023745188546,0.8073011716400538,0.3696998540947441,0.5857185778845909,0.9873044300986166,0.0
0.8690591260408994,0.5422423765690744,0.24601501296457223,0.602330906592,1.1719617688251207,0.0
0.7076346613017451,1.1133140784380287,0.2037092619243841,0.4075318652620815,1.5232650610540246,0.0
0.5610434247601813,0.7970482452084464,0.332547882964294,0.4722434800025774,1.4739525998083713,0.0
1.087532615717995,1.134415480583667,0.27191295785396985,0.571984132860243,0.8800023962212021,0.0
0.871559314753605,1.1061698155811786,0.38732272418411096,0.5621209521832085,0.921111132723145,0.0
0.5182345499697609,0.6618824560589309,0.25401350559485947,0.46169049708859206,1.6982427417583468,0.0
0.7286823640320905,0.7334464040749903,0.29043574943860645,0.5344306464733241,1.2569968369106883,0.0
0.546522950753681,0.9895986094863836,0.1731468963933546,0.3475717439875189,1.9279447240639787,0.0
0.46372223407472324,0.5264505952321608,0.2632637634783369,0.48552265974239334,1.814579403745159,0.0
0.7014333305289142,0.44664856377779055,0.23404717229979058,0.5822538402607874,1.4401706137156227,0.0
0.8400848478340729,0.5924247079522231,0.3145887695286756,0.6125351992753545,1.0627779465702296,0.0
0.4852825084558635,1.1353520469539629,0.2827950530968876,0.36773852567668325,1.6983892581179068,0.0
0.45903911976982464,1.069863212376579,0.3001889171239203,0.36832578527218834,1.7437756134995164,0.0
0.7274595782569736,0.7612580907377404,0.2694268347079476,0.5174733970990417,1.304737812795264,0.0
0.5425621277399568,0.531049466934172,0.3380775192190118,0.5338079882153501,1.5310320189391042,0.0
0.48280221460420064,1.2003020671092879,0.3095608474136441,0.3637675060467338,1.6747933057012976,0.0
0.6477603628022772,1.3246054891714683,0.34331951692355417,0.4367838857279316,1.2872145833614552,0.0
0.6848177572858205,0.5376340140472297,0.2865770448572648,0.5694691539301339,1.3352185264396923,0.0
0.7959572035981042,0.5459905794077483,0.2584346081831356,0.5874616995764925,1.236591568776973,0.0
0.7380055398395683,0.6027842947347062,0.35062410469331096,0.5924751025392561,1.1380344527350983,0.0
0.957412093871769,0.7333599157623442,0.1656117566810715,0.5221086046741447,1.3132919353963461,0.0
0.5336363006804087,1.0062756627835305,0.38147901268315193,0.3436275003414915,1.9335900520005453,0.0
1.047445043915609,0.9931075869056292,0.2559772932658398,0.569637787999316,0.9459301361968098,0.0
0.8622639419919532,0.5540328366835718,0.22971368113177826,0.5876594304975157,1.2246765458785593,0.0
0.5635994469277575,1.2098916559437973,0.3896962114141255,0.41261841476690275,1.4396094418948426,0.0
0.7867812863473227,0.6904751724010136,0.2625045562927529,0.5484767920299016,1.2389182617104781,0.0
0.6912459728173846,0.5655593316150477,0.3561045189357444,0.5883533739657293,1.202227314781243,0.0
0.5448142334325078,0.6711182143117073,0.3596774019305399,0.4950392417957621,1.5099345083809104,0.0
0.5279387500122115,0.44580929059732244,0.33827562450799226,0.5564330731311441,1.5870628321580336,0.0
0.9489775326445063,1.1964291535517466,0.3078412979981576,0.5421747225531621,0.9558446006249971,0.0
0.8288968961588782,0.997642617794024,0.22099742525546429,0.4770113001946547,1.2943746093174184,0.0
0.6929915651710333,1.3736107519397316,0.25453589473750216,0.4054699199318013,1.3960976826628966,0.0
0.8762700043075794,0.802984857008943,0.21963489057913954,0.5251765532726309,1.2354701992532255,0.0
0.9721207722953525,1.2558743839454787,0.20761560179368937,0.47975417940700005,1.1536948159352745,0.0
1.055316399380165,0.9100901955985173,0.16564083989559467,0.5183049195431171,1.1852693115351949,0.0
0.6829049451309974,0.7389315947224976,0.253384726666103,0.49653983066193236,1.4219382602581367,0.0
0.8050646885878879,0.821062086244924,0.17611805358264784,0.4652113626372249,1.4872100901910497,0.0
0.5529387962620124,0.81912301048414,0.1844086771420616,0.3920338253749302,1.8645789155032153,0.0
0.8586388568097916,1.2888171706678706,0.3831326742266878,0.5363616875162328,0.9435817598701766,0.0
0.7470611631732649,0.5303290466098948,0.2776462673556853,0.5875110404376285,1.2592022456394592,0.0
0.7227636038821056,0.757137839791545,0.3670875944644128,0.5573141873301358,1.1365939091594743,0.0
0.7987900620238007,1.4012550347183261,0.35487436489822116,0.4931653667813676,1.0530466978401658,0.0
0.8100284661546155,0.6180106294750668,0.31598933368576954,0.5978576061982707,1.0983598837529682,0.0
0.5864502363568591,0.787512567189127,0.2834639811308066,0.46964066525363174,1.4976694919440603,0.0
0.502160701357887,0.7768723142285351,0.2690336954685991,0.43195559146928253,1.7001061748688977,0.0
0.4532432812663453,1.125995493724411,0.33357448338237766,0.34929372063441944,1.800386217558183,0.0
0.771329008775335,0.9442174838553595,0.3559253888452383,0.5376560750821489,1.084489504496262,0.0
0.9890969951615117,0.612536818315246,0.2069263198070287,0.5928583427779773,1.1294531997204287,0.0
0.9288947234496941,1.1737906987251119,0.3140093282415562,0.5415178372290002,0.9662541123565874,0.0
0.730236454231321,0.5686517324447763,0.33606925089910944,0.5933976065833413,1.1749464852592364,0.0
0.5001747023550773,0.48483049082690866,0.20979958299053234,0.49181121518515475,1.8780390090047758,0.0
0.9479558233724033,0.605338196706444,0.20152726452710307,0.5780881068555696,1.2023261680841661,0.0
0.6694889405512225,0.5317381231289869,0.33188792538542566,0.5837047062429604,1.273622026471089,0.0
0.40795218228581825,0.6316775532908926,0.2687001617670461,0.42616543989474903,1.9533186973511156,0.0
0.7755986759068769,1.1490050847010762,0.3550129344743755,0.5111730213624255,1.0808376032937805,0.0
0.5274858997526183,1.204017966801258,0.3886160599858604,0.3366337927573904,1.811338397505492,0.0
1.0837472660232514,0.9556208918320687,0.19017895174560495,0.5413997136618727,1.067770781005279,0.0
0.9195568467736827,0.660897308190583,0.24823672329390534,0.586515700150371,1.1048406876601737,0.0
0.46673203390865664,0.718350258708187,0.2230080910051323,0.41077407880725464,1.8977306666229468,0.0
0.47104415595870697,0.5477368966439257,0.28489167362845985,0.4868912146389986,1.7609831129679123,0.0
0.7995761975672246,0.9353970212057019,0.30189209761616526,0.5251389921006467,1.138857625004022,0.0
0.6338638444618947,0.48041270436196254,0.32280329179087447,0.585630372550493,1.3512935100133767,0.0
0.7783959623723498,0.595255351033922,0.28271690969740015,0.5801794962709443,1.2044234973933843,0.0
0.6127078292831626,0.9046464183485834,0.28964583851781367,0.45938673314557465,1.436593804634078,0.0
0.963452156919749,0.5929068551575368,0.23266635236822591,0.6063137406055751,1.0910395400074155,0.0
0.7607768959317115,0.5744877777144632,0.31204089324269463,0.5931543677030177,1.170167029693804,0.0
0.5958495947335618,0.6735682280083019,0.28515826437413383,0.4992679303931293,1.4863994498467117,0.0
0.49132835802577063,1.0622509140337182,0.19776926342636755,0.3376216637342841,1.918044343124467,0.0
0.5445533801777246,0.46698600354503994,0.3004347270053318,0.5499955605815335,1.573131226854573,0.0
0.5314262822085212,0.7791314714223551,0.35347985032297763,0.4622876619258954,1.5407969257299328,0.0
0.5722055351636184,1.1734832108580302,0.19466974933606687,0.346767697010594,1.7815537070478409,0.0
0.48315652871400694,0.547494043054963,0.31595850949623666,0.49516872795450645,1.7134448755593485,0.0
0.5344743746015375,0.7179087414196293,0.17671866211771686,0.4032851321967192,1.9413430246860286,0.0
1.1641367946827277,0.6200808723242295,0.13441647906524953,0.5846591281589341,1.1576899658408446,0.0
0.5349404501195585,0.4847526541333535,0.3319576405936161,0.5453964909118273,1.5600341825362996,0.0
0.870568673318732,0.5265072957019049,0.22270208178710071,0.5942485247913222,1.2332924197341233,0.0
0.748626998169962,0.6881854751884191,0.3167850010430202,0.5626868097076645,1.1781471542414323,0.0
0.6165360671441413,0.5511451596523099,0.24689374707963826,0.5259621173492319,1.5380558223311587,0.0
0.7418567271535493,0.5610603243204384,0.27588986572865637,0.5756644217352744,1.2706933420504039,0.0
0.6856601985966625,0.8292373045058331,0.191948914823414,0.4389452570245828,1.6048896380488602,0.0
1.0551443901448754,0.5748061630452965,0.16115135685586046,0.5881318793597906,1.1966198594790578,0.0
0.4951137788246311,0.79670329732591,0.31566959957877816,0.4365474645082301,1.650668480629144,0.0
0.5865877946309438,0.47692775888563277,0.336939541055295,0.5725154675542202,1.4272703046527895,0.0
0.534688879230872,0.8299139117045231,0.2266473866350639,0.4131860278948864,1.7361259182051147,0.0
0.6819101672854603,0.5598527675435447,0.3472184751720742,0.582329552289348,1.237466021890166,0.0
0.9266121546207747,1.1879468318108302,0.16212617675143823,0.43289573320036034,1.3696857434479606,0.0
0.6773465945954452,0.5231808777167991,0.23205815475466177,0.5460867859492482,1.4820220769132162,0.0
0.5376920194176374,0.4371412834838705,0.32228250440439427,0.5641892800894018,1.563205990325091,0.0
0.6610688398604896,0.5460934954432909,0.35407000167097197,0.5827007609555589,1.2562343960705085,0.0
0.502748300885323,0.5440132452692417,0.3375512741566006,0.5049803199644516,1.6638888847815902,0.0
0.510107449985231,0.4124902141061481,0.3244010928442999,0.5604926705537238,1.650252337221554,0.0
0.4954775873545498,0.4661619557658274,0.32069044523408063,0.5300822840679896,1.6914707705204413,0.0
1.0234502453878933,0.5599816942861133,0.1733623225898892,0.5929500459511802,1.1932719704188433,0.0
0.9796495770633595,0.5301119108463536,0.16688269696203892,0.5846445180308907,1.2757932693258822,0.0
0.9413959846033859,0.48259499833350006,0.1532078116712653,0.5787378769263979,1.3878154393634519,0.0
0.8038027349281022,0.5755033275977219,0.284136467096144,0.5935345702195134,1.1685485396521704,0.0
0.8643752564347359,0.5245405527350899,0.20845431666932376,0.5844725974621187,1.2846708821809245,0.0
0.947058490905913,0.6240221828125415,0.2036247591226785,0.5756231669125853,1.192150188602787,0.0
0.46927143863996557,0.40960701476885175,0.27462920538715113,0.5387518221012013,1.796686715512417,0.0
0.4943184732288406,0.6611134382634456,0.2530933913652349,0.4522155346800394,1.7519405102963128,0.0
0.5955820017068084,0.49618264991748107,0.34511721909346926,0.5710332383709211,1.3977635221349491,0.0
0.436682265754475,0.6526906332706913,0.3134257314017444,0.4304665707963042,1.8896400422661652,0.0
0.9291140823246838,1.2810577980786473,0.25570994589745827,0.49728314892803255,1.0806717029720696,0.0
0.6906480497524314,0.615380847111536,0.326737779268732,0.5652014929742615,1.2465289701867033,0.0
0.7146158330686126,0.582174646366006,0.31986930129503816,0.577753584637003,1.2297567476603826,0.0
0.4140944580461948,0.7426401752695828,0.2744509995964998,0.401039670300435,1.9164340418091688,0.0
0.8484862583332861,1.1818921103660394,0.21967193639336374,0.4571592436686874,1.2728023633047594,0.0
0.7233253615828092,0.538751268711201,0.2780242302266897,0.5777212465244402,1.2934072293394072,0.0
0.5289811825192583,0.5057386954599348,0.21917880857767508,0.49744451277358515,1.7905947952970689,0.0
0.43206810368829945,0.4325745153915186,0.277395695240104,0.5109671834917856,1.9054306451339569,0.0
0.7883089493364934,0.5821203025082838,0.26533556614036835,0.5780702509817821,1.2308696619093427,0.0
0.867781562888973,0.6535267329149422,0.23579817638011674,0.5658908681115378,1.2015694701108266,0.0
0.4971300204048531,0.6729023416742856,0.2994501704540774,0.46465608739818276,1.6656212830980526,0.0
0.7332669714266564,0.6199261668872298,0.2775954688064104,0.5570666687826827,1.2808609527106232,0.0
0.7394539025160999,0.5660018351604912,0.2936348622826904,0.5811971910234214,1.2368327225433686,0.0
0.6932393437649147,0.5250786364104004,0.30143065410770414,0.5827961926253183,1.289237527801004,0.0
0.6050214783596561,0.9746562272566212,0.3443163919108521,0.46307592931779556,1.365397601084698,0.0
0.672087630580266,0.48921016465071276,0.2746269771984739,0.5772000694435143,1.3798572290850026,0.0
0.7283897161259884,0.7232210975321137,0.2584704058004574,0.5202969338269894,1.3303459121349706,0.0
0.6831821510134544,0.6184179441140281,0.20071330370515617,0.4974122211738894,1.5769265371735328,0.0
0.5350389973706711,1.1294635280724363,0.3135843760208864,0.4011040949577679,1.5405056917390527,0.0
0.9681459880762062,0.6197017502893691,0.18797815386374983,0.5716223662546817,1.215445450534944,0.0
0.4583271345683178,0.4847640809490525,0.2998960493433907,0.5022101603969936,1.8132816257083626,0.0
0.8645506581790294,1.212311892629538,0.21254028266065636,0.45343738908886955,1.2733091210902017,0.0
0.595741305146469,0.5498456637860185,0.32416352124925435,0.5489385921115704,1.4190914180849052,0.0
0.5522212851101314,0.467755097407924,0.30366792815455085,0.5549190111784087,1.5446213497597039,0.0
0.6618652932573496,0.766924938370921,0.1854578906588008,0.43928756297462024,1.6748972621245204,0.0
0.4144154809972425,0.7594387386172062,0.287979154694459,0.3970016221039867,1.9154272497705132,0.0
0.6502887851578704,0.7890031293704057,0.315675083176032,0.5062404066513301,1.327570723544832,0.0
0.5122595961644967,0.44162787992606656,0.3225778261445182,0.5499685289600547,1.6359118687454077,0.0
0.44635053186067614,0.4610133587607087,0.28368754970241117,0.5062886077497776,1.8514257743080265,0.0
0.6598012074459931,0.48567175581557664,0.24810872897017988,0.5626955990264771,1.4648702339976742,0.0
0.5978979109401679,0.9188398948241162,0.2004200411649313,0.3997099167439301,1.7139797328452797,0.0
0.56032496103203,0.5540095695877696,0.2915393273029704,0.5241354017272872,1.5413572115887506,0.0
0.5655403204171244,1.1688651188413726,0.24078551963055572,0.3762204332381798,1.6348213451463236,0.0
0.593611004644038,0.9004573456786816,0.22834177644862563,0.4209027156435033,1.6239904584829241,0.0
0.48349698512179357,0.4165421519827136,0.2315233019280725,0.5271286653858417,1.8499314405782803,0.0
0.7801377298405263,0.48370616770264196,0.19069562040559168,0.5632116053226136,1.4672715721190897,0.0
0.8328627619188799,0.5652850338230275,0.2365885615999296,0.5800787308238542,1.2446711514296205,0.0
0.647371623311539,0.49071869548217945,0.2582301105046513,0.562054177770912,1.4585000981693832,0.0
0.4712952759697043,0.5391130949242497,0.3047001013517867,0.4912502940904126,1.753266718587338,0.0
0.5683275953135745,0.4492734698576949,0.25269795664849554,0.5503008103515883,1.6150497462092073,0.0
0.6082197857435966,0.8505625256861915,0.31444140099693046,0.477105050387935,1.4024265058023557,0.0
0.8207633267210358,1.2179090836432822,0.2771243697447079,0.4811769690342216,1.1632034629290602,0.0
0.49937248884406643,0.4601332634986639,0.3548496835234003,0.5124890019549397,1.8160766856584472,0.0
0.6114854345200839,0.4868498526454033,0.22770176773621637,0.5330080198652339,1.6251500379597004,0.0
0.8942507840072051,0.8726784684379212,0.20774581181097435,0.5085841989520623,1.2506182499208032,0.0
0.864658505334155,0.5618979155153435,0.1990169527465458,0.5662419733693191,1.3165243467898393,0.0
0.9494662463248588,0.6656735545314613,0.18580856081216485,0.5529787605598115,1.247129548628641,0.0
0.57096456912823,0.8688566760713765,0.3233657459201647,0.4606629477745825,1.4601146715639308,0.0
0.8048015954319957,0.596243867812303,0.2579375814585777,0.57537843783966,1.2259425108132533,0.0
0.6156810712922706,0.46382041902838106,0.23700511698632953,0.5520181814396844,1.5719067350815068,0.0
0.7482316279203941,0.568090075252267,0.2681035640642566,0.5719654509014545,1.2792286144262246,0.0
0.5969669095077264,0.861261458337229,0.1829818794696767,0.396357651808539,1.7907464920200822,0.0
0.6064265866880922,0.873551339276205,0.3224488229672027,0.47490880785233064,1.3915858067452742,0.0
0.5017805012678895,0.4422813274227082,0.3064032978178345,0.5435326725819121,1.6725916223346895,0.0
0.5691677887167955,0.5114256028438061,0.2730171466956725,0.5354463170697601,1.561612830912653,0.0
0.44704455104516094,0.647492965899343,0.31572940799621513,0.4398655312166406,1.8439347581800958,0.0
0.7568992780374902,0.5176421239916664,0.21560355250160546,0.5610746117435863,1.4136101100461793,0.0
0.632932419497954,0.5740651642030118,0.267765342013247,0.5340667504732226,1.456673894147601,0.0
0.5919452044794203,0.433442248478642,0.3038480133900912,0.5828258340508248,1.4662765792086792,0.0
2.4580629380730335e6,0.9714387329138254,0.3241549053764453,0.3771471038184006,1.8972423922870332,0.0
0.44742593865825864,1.1050968279640372,0.24011728505120938,0.3369947476984258,1.884342813626695,0.0
0.6099433503117093,0.4772290043421846,0.24517849441683123,0.5486337609250101,1.5593634168371475,0.0
0.8790793771981651,1.0240988131862554,0.215744236490264,0.48377651200227256,1.2499457244562502,0.0
0.5206837787996963,0.42370921440171244,0.31995852862195334,0.5614396095289036,1.6146341262890769,0.0
0.6001062926450841,0.9314757346157707,0.19335625503912568,0.39253153282577247,1.7388221119210727,0.0
0.6841652155183575,0.6341814533950032,0.19949841891396944,0.4919931251340712,1.5805467500450239,0.0
0.655394862842683,1.2305646482753367,0.36079141548075194,0.4563549994461129,1.2501173328286594,0.0
3.63501827572124e6,0.721316127183069,0.179288521976272,0.5622137224661117,1.3148814335834795,0.0
0.4884658854384236,0.47020719874268213,0.3041183100317233,0.5257251310311821,1.708879189665192,0.0
0.4636821699542815,0.6277064508230489,0.2889355260235866,0.45886359918366004,1.7696973484081033,0.0
0.6512655863606616,0.5572700061971205,0.24938539577249713,0.536058643455942,1.4740526555965918,0.0
0.6744843735798209,0.626586878774894,0.31329347353326953,0.5518927411135229,1.2946329599544615,0.0
0.7517627966144469,0.5433556875110949,0.2522763168161884,0.5724830811075163,1.3135422864708268,0.0
0.5287576062288832,0.5125107099538121,0.31977059235816735,0.5315631594391022,1.5797067242224154,0.0
0.6265019097376278,0.936541222522899,0.22443029060813224,0.422948751331211,1.5811570324389161,0.0
0.5817301012631446,0.7364088002166602,0.1978676705734158,0.4311311191191026,1.7564917087151994,0.0
0.6291512586583783,0.9754236721078084,0.2139113951693068,0.4101406706138213,1.611194019233577,0.0
0.8891287428579376,0.588816458184765,0.18779001074501747,0.5574552846569347,1.3211782978520767,0.0
0.6621592265082108,0.4740943174977087,0.28177402951982317,0.5811556038513851,1.3866138963381756,0.0
0.5759325132761975,0.6086709609654045,0.31923469036137997,0.5221181703780745,1.4630583974482039,0.0
0.5148311477801946,0.4661704716585903,0.2304239086655638,0.5155191731123427,1.7806766664710256,0.0
0.6811110069667636,0.5596708915269696,0.283154220235953,0.5598293597190226,1.3510910385593975,0.0
0.46595187157749135,0.486067600911585,0.26937401027997043,0.5038308429571329,1.8011175726616298,0.0
0.4976825079994587,0.7941385809646441,0.2744954963281967,0.42834074907379766,1.6964388851172474,0.0
0.6697248746288513,0.8952818041988853,0.31800642208044877,0.4933842425629067,1.2939492685753895,0.0
0.5140673132914179,0.5259032037716287,0.3243623693685325,0.519515620564458,1.6190318678022393,0.0
0.5347683350937418,1.0769148109661189,0.22462311901043602,0.36768328030826747,1.742204150842118,0.0
0.5136488019800788,0.8390113155857691,0.3559457411142067,0.43717589076166535,1.6010480692224742,0.0
0.7399884377411998,0.5086401978889072,0.24294953766350208,0.5753714288717876,1.3555944365806682,0.0
0.6343235630117412,0.5603425345189141,0.2990475860476042,0.551796541703392,1.388272962675258,0.0
0.47900601335135606,0.529505803592701,0.3094493501469617,0.49912616785554137,1.7284430522208303,0.0
0.644706643477687,0.839209392470193,0.19744473993886394,0.4282477823445735,1.6483320055532895,0.0
0.8788376747453164,0.5264354201286289,0.17347954331901924,0.5628362809874038,1.390889087763588,0.0
0.7743538978416059,0.5829934142599822,0.22740145115916355,0.5529518191290582,1.3507078453871908,0.0
0.4464119424414917,0.8037073815085392,0.3131120719625291,0.4046257116522011,1.81278518708096,0.0
0.6233317279265164,0.679302298422419,0.32624372714900685,0.5242852178094644,1.3589820438137388,0.0
0.5994480970892353,0.5278181311882818,0.27209504485976704,0.5367348709509182,1.5206979414016546,0.0
0.4443351000273499,0.8226220553024806,0.30185366841149414,0.4014458834373073,1.807002220139798,0.0
0.6080200581561516,0.5264614815656059,0.2919727758333695,0.5508830169187054,1.4495090191066284,0.0
0.4543466455243015,0.7998219442102427,0.2931029514209146,0.411868790682438,1.7778746166194404,0.0
0.7478702251383831,0.8386695975896323,0.25357288070223494,0.4993438555253942,1.3157940670570496,0.0
0.5292566544898205,0.5550552246336399,0.33732263462447654,0.5189575394394582,1.566661328505536,0.0
0.8153742592017814,0.9285138379419435,0.23227612531467523,0.49135025590567133,1.2814255855076728,0.0
0.623970709389958,0.5593790047228553,0.323962657369434,0.5567454019088686,1.364501955592324,0.0
0.6921036232107823,0.9172694738396957,0.2696705591090762,0.47546786190437823,1.3563588353555704,0.0
0.7080272379247105,0.8096790650681508,0.2124664186015313,0.46577721656691295,1.495372371146899,0.0
0.6184667312710656,0.5577130729061635,0.2643868333623652,0.5310933975290655,1.4978385117647368,0.0
0.6816595434436713,0.5604033605917453,0.2616884582761195,0.5505968209883362,1.3945433392698903,0.0
0.6439750555990924,1.0123812121302533,0.2505304399511385,0.4327846945356413,1.475802321901348,0.0
0.5423706868065569,0.5198823328546452,0.21882845947804297,0.497439735747066,1.7599154519376303,0.0
0.703594480218805,0.5510376707514024,0.2349730405440387,0.5464127557626502,1.4322731488751603,0.0
0.6348036990601522,0.570277366825483,0.2178286143903419,0.5088481222379532,1.595762389600652,0.0
0.6204741122215117,0.5672100698955478,0.21862811282603328,0.5058935369847259,1.6177567582244452,0.0
0.5698459786598737,0.5437335670907485,0.3447254551196063,0.5438982930990636,1.4544614044774837,0.0
0.4640856747004975,0.4546458173989452,0.28069078112418344,0.5177891026534194,1.797605009549949,0.0
0.4518549573968134,0.47655712392485533,0.30939537350385227,0.5003942117623835,1.8469267192704113,0.0
0.48659065131427237,0.45337266591091246,0.28870458623752393,0.5298412854030597,1.7266945194583423,0.0
0.6187616097410871,0.5517618043555319,0.32723079268379607,0.5579704563314638,1.3697677210718886,0.0
0.6377545341726314,0.8801657276984882,0.31266157737139066,0.48262573563237543,1.3530021212530525,0.0
0.4790919494499743,0.8628763012168844,0.35081581806970313,0.40031814897569323,1.766198945710602,0.0
0.6686213134370294,0.7733351134825277,0.2686845037060229,0.49501235978220454,1.3944221517366435,0.0
0.6571290952140522,0.7958297798106901,0.25199986222812376,0.47715928452334966,1.4540774169692945,0.0
0.6655104986402538,0.5618656889980533,0.24914137488202745,0.5387384536960356,1.453969942640545,0.0
0.6058121446627013,1.0162515298681536,0.2398677747644928,0.41084535565370955,1.5738879783901547,0.0
0.5197228975816917,0.5018165362916515,0.3181226428020925,0.5305629107803101,1.6071703870174985,0.0
0.5775773695338408,0.6562507339692255,0.30978612187497945,0.5070907883173941,1.4712749795230242,0.0
0.5457112668444934,0.6974059038047488,0.20442790908629324,0.43383786955758635,1.7975258072587168,0.0
0.5829900347689562,0.513355970299226,0.297826283334116,0.548443040263702,1.486860346829516,0.0
0.4076476044556892,0.5814958895761829,0.27184904587397984,0.4414854455730733,1.961363484226623,0.0
0.5979186337622081,0.48670447685761714,0.19772400859994094,0.5139700801360383,1.7396829906031572,0.0
0.4436743369146904,0.8516350367036362,0.3285406146185489,0.38245953895887513,1.8782623822296345,0.0
0.5728669027803842,0.6854980578651482,0.24329855233711398,0.4698406190732271,1.6212928905757262,0.0
0.46534439092693947,0.5144530912970423,0.28980218536221536,0.4963665657872511,1.7780223314634451,0.0
0.5359512225538248,0.4591168273707914,0.21703235880559305,0.5161257355735356,1.793461359346355,0.0
0.7740105271300175,0.5412127903008467,0.19083574312673454,0.540501149126022,1.4789628140717639,0.0
0.45758890395680085,0.6330552405552028,0.3032530057353793,0.454582767871538,1.7844052408437685,0.0
0.5358276437035829,0.4706035938776675,0.2778525194627535,0.539689237791355,1.6248789029744561,0.0
0.6192077425258262,0.7649270159257114,0.2572231270644764,0.47409542555183354,1.5012648903879964,0.0
0.46988531395848354,0.48009452218640714,0.3294825387127196,0.5032774722248431,1.8200911295075215,0.0
0.7087659309148534,0.5521352807021507,0.2458352345887334,0.5536644995839363,1.3933635952567527,0.0
0.5447484679736703,0.7110493495760843,0.20142416318906076,0.42778869831303473,1.8106039966567398,0.0
0.5240005808151443,0.5741291665271486,0.2867236325190508,0.501738916476643,1.6260715400113686,0.0
0.5108864909134933,0.4951721678576508,0.27187289387539043,0.5194579534413586,1.686730130556928,0.0
0.43586203531885304,0.4770100769264139,0.2855341751545337,0.494450550911203,1.8829055702546853,0.0
0.5758340465212733,0.8450026438191014,0.33906103979041613,0.4717421776027281,1.4305693051307864,0.0
0.4516372883894627,0.5505002730251496,0.2593187032958874,0.47130777160527904,1.8468658836712297,0.0
0.5931299651834254,0.8828401594012887,0.28712116529520476,0.45458034336495406,1.4777035924539106,0.0
0.6132977424388413,0.6348924788507118,0.23090588751859475,0.49025737134573594,1.5889525979049597,0.0
0.5583857031670869,0.4972481678071274,0.34593306436616905,0.5535670889405603,1.488507016317618,0.0
0.715419025370927,0.5672074433180356,0.205215281218634,0.5260339444563217,1.5105056171755127,0.0
0.6387005074346915,0.7021663325468469,0.287587168997064,0.5100562518905181,1.4003706162966447,0.0
0.4755032758329703,0.4080424218200235,0.30544055395884445,0.5446601649897418,1.7635423379194823,0.0
0.4934113003769208,0.496798848352726,0.24166095222188436,0.500975278886279,1.7919790414648324,0.0
0.6730863992553711,0.5230203295536694,0.24733974636374215,0.5532364390048685,1.4447926748391593,0.0
0.5010889528237509,0.35930987397176384,0.2983023145641228,0.5799092673606117,1.695740948354269,0.0
0.44665479667560437,0.8610938213365539,0.32020770391707454,0.39102032326421654,1.8188914527539444,0.0
0.6358651084972179,0.6882411314206597,0.28258787787286926,0.5102646025826894,1.416052264488121,0.0
0.42431804174557675,0.44798568180402365,0.2908363895621368,0.49795707563508995,1.9438281258058634,0.0
0.5996363907288664,0.701146964557717,0.26778973613908946,0.4875639478228494,1.5104632297298575,0.0
0.6159839607136812,0.7029587555093884,0.28846770181710163,0.5021340063573627,1.4368971564799036,0.0
0.5714549884269888,0.720461834874068,0.3254290597226095,0.4928869627280174,1.4598493586025434,0.0
0.5538343885297474,0.4965264530263685,0.2104826795812096,0.5050416144331065,1.768512018825042,0.0
0.7267675718778915,0.5756153772065552,0.2193329537202909,0.5360326840244662,1.445178248089105,0.0
0.5152748284418177,0.5739305509327802,0.30975120583351645,0.5035225969927845,1.6168156667881952,0.0
0.6083768180035092,0.4406264184892093,0.2786119659173951,0.5769376484403685,1.481754275004985,0.0
0.6179850953901298,0.529316760346018,0.2294856599828951,0.5243896943229179,1.5872871797216659,0.0
0.5600753937103603,0.8589887762651542,0.3406590344000817,0.4609164700027542,1.4684893676973958,0.0
0.7631561037900293,0.541219192254858,0.20149192436655078,0.545821363851785,1.4526787492368705,0.0
0.5075860276566017,0.4611699885035239,0.32347420954294764,0.5396463549180235,1.647723715223741,0.0
0.6238563782693332,0.9922091755274007,0.2575175738952855,0.4327393432507953,1.4907651372804553,0.0
0.5685715775250917,0.5563709556810331,0.33844985487791596,0.5384677295033604,1.4613577885414433,0.0
0.6745555156258204,0.4959818504830785,0.2255747283469479,0.550652147996715,1.5092434767145122,0.0
0.6924564351931577,0.5472674498275927,0.2379700311191953,0.5460016972370749,1.4405055618249192,0.0
0.6073512999024443,0.7743400339360635,0.3095822738113852,0.4907751015591405,1.41156866911392,0.0
0.5755841482837146,0.9341578005828065,0.3522622521457377,0.457194213267749,1.420748375819235,0.0
0.5969047518589895,0.5186932710322177,0.21803041626407646,0.5149061278491813,1.6618727679562197,0.0
0.5392180743346358,0.8087964825624949,0.3176479839223067,0.456888012989449,1.536127876493467,0.0
0.5257224757544278,0.49714497796186224,0.2874179022115737,0.5290835471896003,1.6262110105427483,0.0
0.6093856521513639,0.5398072658834328,0.2505237359900699,0.5290683726041893,1.5415228127902858,0.0
0.42228701426439913,0.635404249659634,0.2944964695353531,0.4319534085155382,1.911955725720534,0.0
0.6838116490572839,0.5411197478257459,0.2290993215861689,0.5403388029604099,1.4804828745266765,0.0
0.6284272353799291,0.5227130718879237,0.25232736968963,0.5411045711130883,1.508132348090281,0.0
0.44434668863200244,0.8828899936041548,0.3071415558258852,0.38943399743762147,1.8039093308912078,0.0
0.596247562075655,0.8529232905962734,0.2660915328984939,0.4520439610823363,1.5169545953751697,0.0
0.5689068059614231,0.6210147435558204,0.34335577591597966,0.5205310391231299,1.4523349872493894,0.0
0.6186319383204897,0.49856084076835017,0.24983680340589853,0.5462798040805471,1.528304606169303,0.0
0.6038237658802734,0.7319664860536874,0.22350042205347,0.45712461501164964,1.6251653683943232,0.0
0.6379973823104568,0.44271690511559697,0.2718390249762276,0.5794919035406803,1.4608861816699215,0.0
0.4363945696460532,0.6795879860501346,0.2374656017617447,0.4175765695934904,1.9188155310398984,0.0
0.5916563357343277,0.593512688116173,0.31010494642080016,0.5301521215054962,1.4456906440485064,0.0
0.49125289885138407,0.5720546275074857,0.30997044288913356,0.49199241742838284,1.683771379387382,0.0
0.5871542112344733,0.6236608479824842,0.2832147785702727,0.5102600696356852,1.5013810049258527,0.0
0.46832037033852164,0.8013490184694939,0.22116782604051,0.3920049073936688,1.8871858306083813,0.0
0.5926335075484772,0.5380649156436145,0.2927576966405049,0.5417664081423221,1.4764527839988206,0.0
0.44770653952839634,0.4621343152921676,0.28487133980551954,0.5069313184191939,1.8447884361386835,0.0
0.6004463202747067,0.8145093806676178,0.2824896277289674,0.46834063343520216,1.4760618324636858,0.0
0.6781606753793763,0.5228007124175613,0.21210523212007504,0.5344172507960498,1.5455542828627211,0.0
0.5307702808259629,0.5036334453637997,0.3166310304817683,0.5352021356271929,1.5778700893277207,0.0
0.44281175613744006,0.4878390014361906,0.29789798007098806,0.4930874222818622,1.8630988916239544,0.0
0.538513079433319,0.512240270276723,0.31168847855900994,0.5347636772122528,1.562511379871344,0.0
0.6138740147403523,0.5220168834337224,0.2353657903021111,0.52895994153076,1.5766300337952581,0.0
0.5717994402830712,0.4546321875239048,0.2885719423572125,0.5627032951517793,1.5300696701330643,0.0
0.42004701240304354,0.5892098845152277,0.2751698384135033,0.4461072056012838,1.9169653071887447,0.0
0.5583830770680368,0.441048058693838,0.2405387324450589,0.5447444495987431,1.6707676774138494,0.0
0.6075818438176773,0.543823131012306,0.27830860848860217,0.5396401696065278,1.4778520753730784,0.0
0.4728831634193143,0.8022632877044784,0.2630595953080738,0.41292968705211536,1.7693225771166132,0.0
0.5256686705102005,0.7767083865643785,0.21339652581899382,0.4133344257247168,1.7995786122921225,0.0
0.4133518621444176,0.8937895818461796,0.30815961420511484,0.3619951673960664,1.9464724248079333,0.0
0.4223510506236296,0.6434299019216592,0.27948863783426736,0.43139545569301996,1.900594169727498,0.0
0.42997124052902674,0.4732635152251266,0.25911469356913447,0.49061080263263934,1.9170341216675093,0.0
0.5427400027497862,0.42726987979015085,0.2842421186483245,0.561985212002982,1.601324166933622,0.0
0.5410678366380918,0.49241408899229117,0.2945800628357902,0.538996727650009,1.580620930154691,0.0
0.47820940392963107,0.7400013855179554,0.30102436325085136,0.43878940241601927,1.7094707265261273,0.0
0.4520833185459375,0.5072754422190293,0.3242561540787173,0.4779490856967861,1.908438087276842,0.0
0.6803827399418184,0.5892065224967133,0.22813263959298988,0.5234620359148817,1.4879023274125478,0.0
5.569015537167915e6,0.6474705829970403,0.23839375145513575,0.556166392508683,1.4481548989405983,0.0
0.6396832913296298,0.5519472592140809,0.2534781012320724,0.5363798476697013,1.4815810966482013,0.0
0.6009916467950425,0.6653044354119019,0.23932118423662932,0.4826877698722384,1.5829077218891119,0.0
0.5183296723843362,0.4613774625224287,0.2606737211625725,0.530965512974718,1.698636577328945,0.0
0.5548510391443637,0.5178422402809946,0.3229462314633413,0.5421676557241463,1.511182924266323,0.0
0.49542126576088613,0.48103771132415396,0.2795604594944361,0.520821287025327,1.711603620401126,0.0
0.5122875305533583,0.6620428821982873,0.2924042655544133,0.4729448905771635,1.637425525216162,0.0
0.47087807616085464,0.6047059853339217,0.29718423314256137,0.4702383086894912,1.745879096202181,0.0
0.6997965151039142,0.8412762220039188,0.23655922808024363,0.4716682473922996,1.4358212097298302,0.0
0.5894498109168265,0.8606060755441245,0.2761316606699884,0.4517260312675672,1.511903457452927,0.0
0.5524853127419821,0.7733668081562526,0.28651660121381006,0.4604447219568689,1.5574242699791965,0.0
0.6017662166644429,0.7554931580393149,0.26309146004797057,0.4731225366043829,1.5165469268709633,0.0
0.609587997399926,0.5348278649687933,0.26679401481374976,0.5383216725943524,1.5008997457241167,0.0
0.46238727329269663,0.8073460109169251,0.31119164863910626,0.41514855169429976,1.7506403132147297,0.0
0.5357634749215927,0.5211254344394343,0.31663893675663995,0.5314109123905072,1.5633394562001033,0.0
0.6141252222319206,0.6613356400475033,0.2554762377786553,0.4964878381594169,1.517699073338926,0.0
0.5466077202517516,0.4844665564168701,0.30204260472613437,0.5459606781823574,1.5582103737512165,0.0
0.47654028959308814,0.5120748889868393,0.2550758940634508,0.4940175849394082,1.797383590549981,0.0
0.671034540961493,0.6194009156226147,0.2229044775957078,0.5083457879682728,1.519053301253164,0.0
0.4807639243004726,0.6455671292877511,0.2331641846535037,0.4424982546223421,1.8320175471081053,0.0
0.5668599366610088,0.4992685157379932,0.2936918783117868,0.546149323767634,1.5268731872453167,0.0
0.6379486606003317,0.5336218416557588,0.23445123657564565,0.5316912385667548,1.5390849498145007,0.0
0.5164942668618194,0.46775308485065475,0.30871434113951773,0.5398635996848503,1.6300118890439115,0.0
0.5887051848880913,0.7138059148893316,0.271911581330185,0.48238111062291855,1.5198785558307861,0.0
0.5050987847150118,0.49262457269573273,0.28041931532251413,0.5205651547653104,1.6861268145558723,0.0
0.6714176673314237,0.5154056351199141,0.22360229893164094,0.5419506811880513,1.518593168969998,0.0
0.644427392594425,0.5448285759087317,0.22921268424983285,0.5267804567102873,1.5447248254207913,0.0
0.5539074053608282,0.6068670532484698,0.22504963283978827,0.4754513389298846,1.7132863358916746,0.0
0.4875243180004873,0.46667450679928807,0.31504716580759184,0.52643005010171,1.7135905299339824,0.0
0.6072265500650414,0.47858649545085863,0.24545150299962074,0.5479196641019887,1.5610505476318124,0.0
0.5555651863395731,0.5161906380610334,0.29686651394581254,0.5368370104802994,1.5437800407114526,0.0
0.5674931798513588,0.5592759410372283,0.262971511633837,0.5144522278619085,1.5846772652466987,0.0
0.48907704560836057,0.738716666687239,0.3157407080565533,0.44616189458014255,1.6719704125943506,0.0
0.4860100564730296,0.5493664100109223,0.24528851764924042,0.4800293256414208,1.7970483235995245,0.0
0.617189152250167,0.6021487365464759,0.21442122310424588,0.49112368130272893,1.636243518849885,0.0
0.42858570682886415,0.7836204174756523,0.30804730318964313,0.39573046533350115,1.8895677034305398,0.0
0.6358168695584306,0.4777843671789453,0.2303556190369375,0.5476704304137587,1.5631412823139925,0.0
0.49789070753817805,0.7093621606926758,0.232752000880597,0.4306548777038906,1.7980033477851671,0.0
0.5466462450868942,0.489521802710255,0.3262420442661192,0.5486947241861362,1.5315362259563883,0.0
0.49736792919685013,0.7011941821716532,0.27845959736813614,0.45227993106478154,1.6907720468663656,0.0
0.5407375150036704,0.5293995142451525,0.2892946651668885,0.5242702148425805,1.5869920933538861,0.0
0.5618272579165577,0.4731636919081596,0.22835884473657442,0.5270471366301231,1.6941806611108814,0.0
0.5357334296433942,0.526117655428059,0.26409443206353017,0.5148081901805339,1.6463960718651522,0.0
0.5246772809851541,0.6238582935569813,0.29939651520905636,0.4908147654170902,1.601374151840522,0.0
0.5639656005854344,0.6045626286002242,0.27553792738908844,0.5043128792528513,1.561499228268775,0.0
0.5199149475529505,0.5874523068976679,0.3090195996890906,0.5013703446571811,1.604623396603927,0.0
0.5492982892975189,0.7416721177131699,0.2575039933539839,0.45439362784391274,1.6260189991192975,0.0
0.4711760574763491,0.5935896808704141,0.23370885476646983,0.4550004673429185,1.8547539282367673,0.0
0.5560276265724825,0.6186304252839651,0.25982233092670276,0.490482957705401,1.6118226368663853,0.0
0.6159769311916998,0.5021527093028723,0.24346943092658088,0.5408469179440034,1.5505775400937998,0.0
0.5511803666619365,0.5280453635956176,0.2733340118618279,0.5232935520265846,1.5954914866610317,0.0
0.4854816056993405,0.9036438455357436,0.24585619230259795,0.39063114352402306,1.7759421180653,0.0
0.5836048062129177,0.5865069374560615,0.26207979144267396,0.5110585393916658,1.5557478819627184,0.0
0.4040043106397336,0.8414883192440982,0.2734427220323032,0.3740323278077046,1.939087050660741,0.0
0.5368034058719136,0.5210364165519218,0.3076403365686486,0.5301942414654742,1.570318573152219,0.0
0.5505683721815593,0.5044125479194023,0.2887189291498124,0.5366411392821555,1.568699547177486,0.0
0.4776222739219679,0.7728831180066292,0.27506933319473764,0.42547214941913863,1.7384101018563258,0.0
0.5991808906287254,0.5744908964603807,0.24928343738378508,0.5138660223115212,1.5611764815059697,0.0
0.5954205377605757,0.5426033771170261,0.24457428384041924,0.5207360952267338,1.581594094115649,0.0
0.571874581042106,0.5470607073033554,0.26379421042646917,0.520243248486303,1.5754686186406022,0.0
0.5062959764718878,0.5462617783510626,0.29356949266465343,0.5053109990330421,1.659034415712098,0.0
0.5416272307563728,0.5564714237066375,0.2745523221635148,0.509893406412549,1.6136269622887862,0.0
0.6461178166144494,0.48952545394234853,0.20974414100703262,0.5355887206509617,1.6073024767138298,0.0
0.48944320719628454,0.4478247175385562,0.2852759278681194,0.532111338228358,1.7267714708397301,0.0
0.5470936156605487,0.708002838059484,0.29243126481998194,0.47587241137168856,1.5596258826084703,0.0
0.638023948581494,0.507310176089606,0.2252872200686261,0.5358783729650122,1.5686774018808096,0.0
0.6469980333223642,0.49983593334415477,0.21872920624483028,0.5375693070798137,1.5742847350811602,0.0
0.5252253247356158,0.49135632491531894,0.27864252135743584,0.5275958285687067,1.6468518413286863,0.0
0.5762189527358905,0.5080415134420496,0.2563613864844038,0.5310617579000946,1.5941617229089193,0.0
0.553412723507433,0.8325786208431323,0.2788678240260684,0.4457070703152726,1.5670962389270877,0.0
0.6228941101062292,0.5235473561833416,0.22646630494582687,0.5262484498080746,1.5886595547205837,0.0
0.4633564467561214,0.47698450121457364,0.281837636699777,0.5085776957282346,1.7951396156149975,0.0
0.6347817853978953,0.5247463565313195,0.22061112717887796,0.5257120619780581,1.5886460567889402,0.0
0.43965962336759196,0.8732860458110956,0.24515449209321075,0.37764426414370156,1.8804048685839145,0.0
0.5663853885039585,0.8147611796462323,0.25643923827347703,0.44396951172581384,1.5943981207709195,0.0
0.5275493227821062,0.9437734445421055,0.28823293200651945,0.41801650415149594,1.5979179848331235,0.0
0.4852420535624184,0.7000854588549268,0.3131703936721646,0.4530548118418839,1.6875959563916982,0.0
0.5051462930280657,0.7315792389081699,0.3378232246128584,0.45552255507310946,1.6311511175867173,0.0
0.5545042108562173,0.7775142616389834,0.2919820410543978,0.4627043632439397,1.5419459402481321,0.0
0.5316795104433565,0.7728285884604299,0.30110427860166633,0.45684628850159253,1.576383700765998,0.0
0.5696684375327796,0.6737327153347495,0.24401192237455344,0.4722986754560659,1.6247899400651322,0.0
0.6339633342427327,0.7596389779816511,0.22780885361355782,0.4632597774298832,1.5605267613361182,0.0
0.5663704547955998,0.7501086802086044,0.27138824251495375,0.46479386070817796,1.5641190603673965,0.0
0.4504810659682851,1.0568775412261102,0.32214594975034516,0.36292305957002624,1.7823108074368672,0.0
0.5673484617269295,0.858357712357316,0.26661783294954544,0.4404199755405978,1.5672521192083215,0.0
0.5197240819969443,0.7370351863883939,0.27141245404483677,0.4495971371728715,1.6576100333168355,0.0
0.5346198463792595,0.9360734161063683,0.3002156812471534,0.42633552709368067,1.5641005005699495,0.0
0.4938548592225742,0.7995568020123001,0.3212032469154942,0.4357407499060432,1.6519497196794697,0.0
0.6077119874286468,0.6931288621368984,0.2393920506288874,0.47767260529773986,1.5704778563941602,0.0
0.5666181461329304,0.687523216659123,0.27126286742087863,0.48062837611968073,1.5625145545999743,0.0
0.45089284513332745,0.6831378775733628,0.2549683357413665,0.42935926332039537,1.8446802251620509,0.0
0.5502770503892678,0.8486539497028239,0.2812440941632789,0.4420881345555773,1.5683727911593932,0.0
0.525943594292778,0.7481094785421369,0.2917731906940827,0.45732113052448076,1.6028553234044796,0.0
0.580210916665948,0.8370807964080732,0.230110192844094,0.42961477405320003,1.6429876902482197,0.0
0.5518743856994338,0.6681493230567663,0.24985105365485724,0.4703888713124485,1.6424912026933836,0.0
0.5836495751933422,0.7255320241610349,0.25274271252387254,0.46854034673316175,1.574753984569923,0.0
0.5089219768154193,0.7441820080254237,0.314308990428204,0.45533039074653275,1.6171790671222823,0.0
0.41140355991345184,0.9234614202229499,0.2899104743417326,0.3628734942586093,1.90817615521224,0.0
0.5507728365518036,0.7707869240133126,0.27743321870948867,0.45719149866200537,1.5770214308569461,0.0
0.42510270479778617,0.7888296162490769,0.24057249152276405,0.38720333571234916,1.9311250959121287,0.0
0.5208212277899646,0.6985409070931439,0.2952501583046046,0.4680442705392501,1.6114715465093583,0.0
0.5274711709058661,0.7482965778631204,0.30723992328568167,0.4621984770867039,1.5778739517845832,0.0
0.5661844761957223,0.8208267159398722,0.2553928716277449,0.44222376506158806,1.5968962495178114,0.0
0.5236969680653649,0.7058269234704401,0.28024460648652705,0.46279120895707515,1.6292283045183586,0.0
0.5364965369145726,0.8298897247151074,0.25643402188810194,0.42847117767513027,1.6554469095795368,0.0
0.5477432059834508,0.808040360048002,0.2639555686964641,0.44214467138229707,1.610820959312218,0.0
0.4807284867238088,0.951871571063299,0.3058393410062095,0.3990526163622258,1.6850151597978758,0.0
0.6205124038925178,0.744587725654223,0.22638092471835566,0.4614232975006118,1.5874918074939284,0.0
0.5099640548076549,0.7528379023164076,0.3076450210701911,0.45294684940506075,1.6192331263472683,0.0
0.5525829723805834,0.7381757857020333,0.26797880282503767,0.461418799063721,1.5949889871134173,0.0
0.47050736377462604,0.72602168532955,0.2752179461804707,0.43327071733244865,1.7586413212031855,0.0
0.5892725660441379,0.700964375306535,0.23627829915815296,0.46764254497991425,1.611250211740738,0.0
0.4431987571236903,0.9708775997089638,0.27117056964037617,0.3704288343954002,1.8184195769430864,0.0
0.5269624779032996,0.9771643575362556,0.2896101071661876,0.41230687542252814,1.5972603754867358,0.0
0.5298630916218232,0.7723317543286676,0.2674368597150043,0.44445529923400645,1.6395311695301804,0.0
0.5209547933305664,0.721014967472828,0.2790239870282418,0.4574847219362541,1.6365312904372062,0.0
0.5367127084364485,0.7308206715294685,0.2866534860196277,0.4642562407432249,1.5892370711203365,0.0
0.4370359072156732,1.0167024559055888,0.26505469911617446,0.35857256179734115,1.84102968175706,0.0
0.4825116462401568,0.7089150891199232,0.26906301990285997,0.440926355602427,1.740977395321607,0.0
0.5204076371699219,0.7602819462046948,0.29955351743305336,0.4543135977402651,1.6035514759688476,0.0
0.5579630481192362,0.7556118219902487,0.24573161875748822,0.44861846253165266,1.6389863710201682,0.0
0.5071018547942235,0.875520359603168,0.30422709863667696,0.42542748688077553,1.6236232577194218,0.0
0.5481487941676817,0.7797084156257434,0.24316979988173332,0.4382175605923598,1.6635235908648105,0.0
0.49539318373473246,0.9646702348283535,0.2528624355515549,0.38715648859630203,1.7355808587940509,0.0
0.4522930999532412,0.7529601044768386,0.3008825820466068,0.4212066087433618,1.787208450296305,0.0
0.4535407292928613,0.7294952756741627,0.294510288893147,0.4272739809358582,1.786270673874702,0.0
0.5204876311752932,0.7347082112660873,0.2894394450617164,0.4574145595558137,1.6192035792538597,0.0
0.5909774784850228,0.7769584577254705,0.2328152291460468,0.44799836551113476,1.6170113046645935,0.0
0.5286897561807347,0.871702659749788,0.27581599060160356,0.426845968685967,1.6213669626723606,0.0
0.5081417908959119,0.7215230463741592,0.29948839172906877,0.45769918955991357,1.6343132545336974,0.0
0.4627600547458917,0.7132947195116154,0.26132884232349524,0.4287958965896516,1.801543006443673,0.0
0.509808241981368,0.8746053293058231,0.29236685883145297,0.42398596974813896,1.6321643962423642,0.0
0.5277402016605558,0.7164513028567623,0.28162060717833665,0.46228914749936106,1.6176149073954222,0.0
0.5171312504035417,0.7179421769484168,0.29620024690008845,0.46189122518075343,1.6175267859094105,0.0
0.5181762569288711,0.8103227226595787,0.28338867088024033,0.43761099002795856,1.6309962994201181,0.0
0.48441677823918156,0.7677087480860624,0.2770651713855307,0.4302461947781718,1.7195469531126684,0.0
0.48183907369236295,0.9385050827620909,0.318571191709832,0.40267615410484076,1.678257741074555,0.0
0.5112958021287917,0.7571051920525318,0.2991555647638225,0.4507797586741254,1.6251105568326731,0.0
0.47444205447176163,0.896315446710742,0.2893280433922366,0.40265804602826305,1.7195982257863525,0.0
0.5645717317996103,0.7190671208413659,0.2505122848360181,0.46204505505025995,1.616466015075959,0.0
0.4785557389991553,0.776949059689054,0.25191192072478497,0.4165705482644983,1.7817658810048482,0.0
0.40922173784217436,0.9975064822569996,0.2888821110700311,0.3497100051688265,1.908094730480783,0.0
0.48027629336396344,0.7635998360021206,0.29415337621278537,0.43337668889953074,1.707648609605975,0.0
0.5187837941458432,0.7745321877588919,0.27508821958809654,0.4425704143094774,1.6464774345351136,0.0
0.5079610237837742,0.8552304860264138,0.27780748562057284,0.42225432203922575,1.6609027247190684,0.0
0.5490695880664661,0.7411113396332284,0.2354321534926365,0.4432235080277498,1.6851779242606513,0.0
0.5087252225364722,0.8672202535798835,0.2749790483991538,0.41922806093567977,1.6640014919465032,0.0
0.5097884638108067,0.7395746609671909,0.2546702050361886,0.43884413670407413,1.7104746252202787,0.0
0.5174534299449646,0.9887233335852028,0.27171458732902376,0.39980856508250834,1.6495089423598983,0.0
0.5500480170071591,0.7593574482827633,0.24474385403953802,0.44432183855201374,1.6563248474799086,0.0
0.49660805777346123,0.7633905809144031,0.28248890181366443,0.4382531222499797,1.6825513171715791,0.0
0.5295482704922768,0.8243607981312827,0.26665126251638394,0.4327623521055673,1.64010156118957,0.0
0.5216761180920946,0.7919257321073472,0.24981714561086918,0.4291204830637551,1.6961486579407237,0.0
0.4330485691874791,0.733949922628039,0.29636314448623,0.4138694310738666,1.8551204398514505,0.0
0.4225245334664763,0.9044492680971713,0.2971881259708219,0.3724700170353504,1.8744549801824284,0.0
0.5051757297156827,0.8032515921790623,0.29232234784461264,0.43613413762474146,1.6460736390146116,0.0
0.4899104325804226,0.7680694145314435,0.29944627987596584,0.43808707673432096,1.6771788667929337,0.0
0.499053068461522,0.9770385536252738,0.3238376334718505,0.4064930880439612,1.6251976109765043,0.0
0.5113951437651494,0.7029500020999757,0.2588912716406766,0.45008972740268,1.6998530397807434,0.0
0.5201978959059582,0.7813656242327236,0.2766799314060614,0.4423184595810612,1.6398713612261144,0.0
0.5059745692821594,0.7657001619294677,0.27269260695853054,0.43829176516764345,1.6792504473975185,0.0
0.5059830600676407,0.879194367979001,0.28715446194295474,0.41980004882074634,1.648638801388485,0.0
0.444540913151508,0.7469289393060445,0.24087723638194058,0.40511819842267793,1.8864207588028061,0.0
0.5280125889410366,0.7419884663647555,0.24842924520369658,0.44228063483792873,1.6890523787660527,0.0
0.5096739409701891,0.760236828827929,0.2539732669757806,0.4336053831358573,1.7112272962095063,0.0
0.46650540504115173,0.8376746581034399,0.27638780457341716,0.40698495402810186,1.7596225258909293,0.0
0.4206669781077929,0.9972178278261223,0.29069905509253097,0.3567986875340429,1.868440875219477,0.0
0.4651044198213118,0.7239163753632031,0.2986726193751089,0.43530048180414793,1.7500748151104049,0.0
0.48126553435878977,0.7018397091095905,0.2972320931950039,0.44840847898568503,1.709793516751346,0.0
0.46640386033472975,0.7630129639153669,0.2657463660653554,0.4198469007872265,1.7815782755985492,0.0
0.49932923020946723,0.7156582957430591,0.25205286451888625,0.4395108698465997,1.739307470681654,0.0
0.48069531296040086,0.7927350499100976,0.29887359708694716,0.4279363112765621,1.7004455644912093,0.0
0.4898297237817027,0.7991228165157088,0.31532666717589447,0.4332873224094174,1.6648781383182194,0.0
0.4433127081267329,0.8100272502880536,0.2646640855305054,0.3987377357202063,1.837615349847812,0.0
0.4347398279433037,0.7533986166854928,0.29685226933526576,0.41047377755633496,1.8467290260486604,0.0
0.4874458203695812,0.7444751419536819,0.3040687790658809,0.4428655004208444,1.6821988737904596,0.0
0.4917904544234916,0.7333850751388379,0.2757697837193995,0.4410653523323138,1.7063126732989224,0.0
0.49298196357828533,0.8436424108465885,0.2973337754820411,0.4233472211082753,1.6669910580569927,0.0
0.49938281157369907,0.748674873207478,0.2807757439150871,0.44231733599008366,1.6796941593133328,0.0
0.39839750114732025,0.8922360424011156,0.2740252757904347,0.361239450724087,1.9525403701116717,0.0
0.5221411897407424,0.8049342650839053,0.25917836567639324,0.43081095253129875,1.6719567751970208,0.0
0.48387509161616793,0.7610681182069196,0.2695554027191149,0.42912763212204463,1.7338645154418373,0.0
0.5018664534808924,0.7330875818510161,0.2749781635452699,0.4452128153785237,1.6848805903433812,0.0
0.48436033484488444,0.7690160815603014,0.3069136318577919,0.4361031252777698,1.6863544586764452,0.0
0.48100825776690836,0.9889598763622931,0.2574405552114687,0.37924639309877334,1.754846972586813,0.0
0.4138937495186445,0.8227567990765218,0.28204274515451233,0.38363266568555854,1.907279438690589,0.0
0.4857847159827654,0.7723282620622114,0.2758874116468407,0.42945936813507957,1.7178111036011159,0.0
0.4366345104875004,0.8453804854324403,0.25763696691035565,0.3862621037569423,1.864737329910585,0.0
0.47493118588735483,0.8034159533272978,0.2559002155771209,0.4103026259479371,1.7817837178354714,0.0
0.5065182337691564,0.8890965828215577,0.27144330878830947,0.4127296744337372,1.6754917374282012,0.0
0.4911322482921028,1.0024321711730817,0.27286641003834783,0.3868760021236478,1.7031364194891823,0.0
0.48225729553561475,0.8702057223203108,0.29126529888237634,0.4116652318283892,1.6992758753969255,0.0
0.4917160016373345,0.8678504827004805,0.2772655571623044,0.4123520869675549,1.6981697663503017,0.0
0.4588000501129023,0.8607425736424495,0.26759401701176105,0.396296111214938,1.7911470576990856,0.0
0.48665664612082093,0.901308143986183,0.2645073846817551,0.39959031487477265,1.730814816314644,0.0
0.4924058324299497,0.7451370791336857,0.29836036124960436,0.4443637140185255,1.6732187916564518,0.0
0.4217990690368133,0.7459535454655084,0.3064922588463986,0.39915370825300744,1.922752018055216,0.0
0.4921900917686496,0.8389382445874027,0.27669126188040494,0.4183324888783281,1.6983592642916339,0.0
0.47491528283324064,0.7199935928774623,0.2603075241792233,0.4314262116247856,1.7767026890596278,0.0
0.5070898038182997,0.8344609186799076,0.2510295297552536,0.41506716278632605,1.7208762766883516,0.0
0.47718019014085433,0.783626416464489,0.2809806692742037,0.42437855137650776,1.7304604641142207,0.0
0.4715813232919322,0.8099555959451034,0.2418037126623195,0.4020617996289538,1.8196007201120095,0.0
0.4383145293248549,0.7868028585522223,0.28620968719220286,0.4052921967682774,1.830654072505342,0.0
0.5131660054607288,0.7890639024100229,0.2448455997096023,0.42406719027909096,1.7264059376300451,0.0
0.4652563803366862,0.7661933654970469,0.29185798474743196,0.4239963175918156,1.7540000929991562,0.0
0.4730165618544981,0.7874585710643509,0.3094426365718408,0.42590781686533885,1.7176520117421492,0.0
0.4566974202183577,0.88558047216362,0.29720949472305175,0.39662593912562844,1.762229452039319,0.0
0.4603581931167401,0.7913286068294578,0.29351584223071725,0.4162942078438916,1.7638612617976985,0.0
0.40623044999235325,0.7832755347677033,0.2718987285978728,0.3872922702385107,1.938432479507297,0.0
0.47625233310476933,0.8237454589870844,0.28513945992827316,0.41634486301924306,1.7252926694011945,0.0
0.4919626283571704,0.8369512627068819,0.2634933278698913,0.413843715527167,1.7240763564995212,0.0
0.4881277019766974,0.8157936932091133,0.2652903326242614,0.4173769888523423,1.729699247905234,0.0
0.4546465437041136,0.8113421084398498,0.28584347624407397,0.40869737210958024,1.7811451259911733,0.0
0.46649166485888033,0.8516311571250048,0.2899040404377398,0.4072517338161523,1.7423596904699468,0.0
0.47157412764533735,0.7943216153126049,0.25107776322997505,0.4095184657242541,1.7978766541674946,0.0
0.4549379168448031,0.7826259265692231,0.26879362605629514,0.41121522858231735,1.803574719908806,0.0
0.466397413251002,0.8342141535345026,0.28947551369504965,0.41055074353744914,1.7442518694247642,0.0
0.4796187514137443,0.7856492081337587,0.25326211338743315,0.41560999584609387,1.7755435060460443,0.0
0.41834307539281507,0.9070813320608181,0.2765024189805987,0.36988792602025194,1.8862508672669749,0.0
0.4454184226116996,0.7876636892933297,0.2782499092041607,0.4077693614427116,1.8158059355480871,0.0
0.4727983225559181,0.9386908792905002,0.27944523907176,0.39188255704235025,1.734508958625409,0.0
0.4265675767767773,0.8168171859816009,0.26689211874681396,0.3899729140714404,1.878525372054693,0.0
0.4487905969452712,0.7879255089907439,0.25162551627660373,0.4017140913364739,1.8495855074675063,0.0
0.4418895397989911,0.7797907080192864,0.2514442923999758,0.40050512963473467,1.8669968264343326,0.0
0.4914397901898945,0.8453918998874905,0.26006303748080756,0.4106041685387968,1.731977795144953,0.0
0.46055607910902846,0.7992701520278439,0.28998328487664865,0.4149231719684727,1.7621752183586186,0.0
0.46383713777025687,0.8678158688489263,0.2980292726094348,0.403874146661573,1.7428842441829344,0.0
0.47870862328010355,0.8108362598132768,0.25550178810526675,0.4105961349065344,1.7721889463173235,0.0
0.45506217715057695,0.8094512880172451,0.2597688805012977,0.40259196474535436,1.8170097407892496,0.0
0.4619251162429899,0.8530678590241623,0.28303391568652275,0.403271355918483,1.7619136582566985,0.0
0.4451477962657991,0.816751121098775,0.24925490386926336,0.3930039318759882,1.861689651203408,0.0
0.4479796109116099,0.9740004120438623,0.25567981929594397,0.3672347237342611,1.8330984385275946,0.0
0.45903524565429416,0.8808329955747345,0.28606674768675117,0.39724548022007633,1.7642358745479907,0.0
0.4133345130326738,0.790277830571952,0.25492002398686303,0.38644583948144584,1.9338040965581285,0.0
0.46241839446949157,0.8422732627816537,0.29836164305090823,0.40811552989609695,1.7481222160727046,0.0
0.4569160836446108,0.8189447761182174,0.2573710735395138,0.4005848952136266,1.816602874131383,0.0
0.43353108239806687,0.8705498574315239,0.2887842178629706,0.3858838774987636,1.8371034910992892,0.0
0.450644790914863,0.8336280559161642,0.2689756253984375,0.3984573801204125,1.8106222245534664,0.0
0.42819087602781425,0.9125557108705713,0.30122376318250216,0.37422032435278746,1.8559609984063439,0.0
0.4631795555925534,0.7824605363942545,0.2685529644148744,0.4148645508903186,1.7834694431526181,0.0
0.42076240487003475,0.9498765155495686,0.29428363627822424,0.36403856636980547,1.8739867855475043,0.0
0.4488408493226163,0.8009787712190797,0.29967482351909097,0.408732502301534,1.7934713873327712,0.0
0.4557834279496766,0.8114053284756889,0.2542310298669925,0.4005369706572835,1.826080581695443,0.0
0.45472298329558664,0.7940285778912919,0.26360630776182165,0.40706016828181363,1.8117171836946662,0.0
0.45485484356055794,0.8041627782760677,0.2792186107189491,0.40903511674253884,1.7880181228774525,0.0
0.4141351439131285,0.7985093092430695,0.3034988971357368,0.3829639952868297,1.9432731225358306,0.0
0.4564745706970617,0.8556956297300449,0.29802223228101715,0.4021824660822243,1.7649490316889682,0.0
0.417792217435928,0.9537623474530712,0.28958461458757595,0.3620287146065248,1.8816508893607184,0.0
0.4488188001676517,0.8316508817564103,0.2909087034367916,0.40211143208497196,1.792730137364124,0.0
0.42422546835557673,0.8873360057457385,0.2496759927347988,0.3699880846597463,1.9076023185990711,0.0
0.4525441093919609,0.844431648080546,0.2553799150617323,0.39273159844413935,1.8295105158124874,0.0
0.4563349462726046,0.7989823465095214,0.2669073445624468,0.4077328904550219,1.8018326876462505,0.0
0.4628374027601887,0.8941100380546104,0.2535180433681265,0.38671290079701276,1.8071076746541874,0.0
0.40121792446274734,0.8235379787610851,0.2728229075784766,0.37599569143753786,1.9504133998281985,0.0
0.462677190259401,0.8422537454252506,0.26643362006896165,0.4013801616326991,1.7848054962331485,0.0
0.44469535557973777,0.9578720446394821,0.26213565281131046,0.37074241263878405,1.8295062863868747,0.0
0.4018895411862465,0.867259613347659,0.2731125988649215,0.3678378226242149,1.943660954112784,0.0
0.4512450214815943,0.8566053531558874,0.28085695611490546,0.3969764846686921,1.792204411309579,0.0
0.44534406135217386,0.817631523823269,0.26930328419091204,0.39933427336852,1.8248752287730614,0.0
0.45415468855473806,0.8372746683414809,0.2748427659968066,0.4008873464099973,1.7929974771301156,0.0
0.4516224401351587,0.8108443941960183,0.28410043630058185,0.4069721948277423,1.7911481944425343,0.0
0.4461319078963287,0.9545910525394397,0.30508811317495005,0.37860472777533244,1.7894571464985405,0.0
0.4408533415873287,1.018649527325989,0.26767296699566384,0.36079559522370597,1.827150564569597,0.0
0.4390442731445601,0.8181733183670364,0.27934714675475086,0.398229131267875,1.8303006673929372,0.0
0.4413515060013005,0.9228803930922563,0.2838392615065395,0.38019491613248185,1.8122670020885705,0.0
0.4506303093639963,0.8377586068856694,0.27698187549398706,0.3993591814736308,1.8003921555176583,0.0
0.45592199672732336,0.8381445117460722,0.2928441050133976,0.40485749456070547,1.770417355862628,0.0
0.44611590065970574,0.863305237832843,0.2904161097303786,0.3943909707544571,1.7984895294767023,0.0
0.4485690779885535,0.815998119038948,0.2573765137387302,0.3975670282648123,1.8371100290218834,0.0
0.4266735652988104,0.9404596749559808,0.2849137110461918,0.36939071201186485,1.8538616396329934,0.0
0.44571300209919745,0.8277142930263628,0.28354826233947694,0.4003553564999373,1.8069949313798777,0.0
0.44396152920802967,0.9404572581674531,0.2718830425663973,0.37612945665920744,1.817047878378783,0.0
0.43028134360808273,0.8110707524081388,0.29594215612528363,0.3952559068795652,1.855564337107144,0.0
0.4439857356608661,0.8314084648973055,0.2758318754553902,0.3973923461381345,1.8190513311504344,0.0
0.44686468954587316,0.8213900924902531,0.2903863353468082,0.40305630581952,1.7999313227486493,0.0
0.4426306061309212,0.8055689589766449,0.2612637166583747,0.39842435621460504,1.8452736707175366,0.0
0.4245702924851344,0.8283339978542629,0.25682875394700566,0.383977381434657,1.8979153198363017,0.0
0.44035527503372107,0.8228701898458946,0.2629590807823779,0.3942377041355598,1.8469303463912146,0.0
0.44463991053601964,0.8181397346822425,0.27692577639674687,0.40065825727309023,1.817001537050048,0.0
0.4348986967240336,0.8132901195898756,0.27126486348234885,0.3957207359744666,1.8505088631068167,0.0
0.4029357344512577,0.8083618388112747,0.2888049288595541,0.3785494326708373,1.9556631626365555,0.0
0.42807507753603047,0.8216676653123366,0.26420208437933257,0.3890612454660682,1.877495858881802,0.0
0.4360739556580924,0.8469884077237493,0.27087477945034905,0.3893164062829905,1.8455096782041431,0.0
0.4319527065676886,0.8367882954093941,0.2758941488290725,0.39026468821877275,1.8522522340964327,0.0
0.43436626981032583,0.8329434483347511,0.28988006746853295,0.3936509159775597,1.8377150258139667,0.0
0.4056260704498396,0.8861318439732783,0.27860682069053566,0.3666120781810904,1.9284092339620358,0.0
0.4376743790936615,0.9216215226598158,0.2572883104407025,0.37227475091079604,1.8574630210544358,0.0
0.4325664170647179,0.9107691950546174,0.29389191743834026,0.37809637042116073,1.83642625347628,0.0
0.4542492992532782,0.8300456503837021,0.26655977266963476,0.4001390700147708,1.8056474156396642,0.0
0.4327352101696876,0.8154616477521196,0.26572000559765097,0.392932201800321,1.863674813840519,0.0
0.4351359638661868,0.8271614026918719,0.27700865178528583,0.394027765443394,1.8427915742876098,0.0
0.4237299294626509,0.8022791098871442,0.2904315937494579,0.3934799928796842,1.877059020733682,0.0
0.3993187381436146,0.8808730152445876,0.2683273319778692,0.36339356824596586,1.9530123821117658,0.0
0.4046515657214582,0.8111945134665218,0.2652775443801314,0.37969849460572697,1.944788660669387,0.0
0.40482433405515217,0.9267003132677156,0.28217662418344924,0.3589176442876156,1.9275949031307549,0.0
0.4161911057950865,0.9638343374699079,0.28557467591947705,0.3595301751127732,1.8855213415316308,0.0
0.4113274721568832,0.8990192231380516,0.2784670731283194,0.367465762778963,1.9086381659658587,0.0
0.437942172593713,0.8230820575454078,0.2700707079924739,0.3949032336353848,1.8429511347211858,0.0
0.4210018667050326,0.7772140567451759,0.2739240017704343,0.3968365786075375,1.891377288631728,0.0
0.42644455515263313,0.8252863657751551,0.28606727359189177,0.3905316351588259,1.8647038795631157,0.0
0.41011520317282013,0.7938063311271293,0.2656567157969992,0.3863715293018234,1.9292826282702316,0.0
0.4320372465235042,0.849992894449275,0.26942919113151104,0.3863443212842464,1.8581752090215704,0.0
0.4200971885473532,0.8389576648384874,0.2732069213187378,0.3832595608408251,1.8889857540177302,0.0
0.40845662354378404,0.8654318832510651,0.28670339080823887,0.37168303364085525,1.9234561395280554,0.0
0.4305409556907044,0.8178297451577095,0.29266374703974196,0.3943888774967896,1.852170039783636,0.0
0.4339923826917009,0.8395979914234188,0.2909373930427128,0.39215131168010225,1.838228982500566,0.0
0.43502522274860683,0.9017997517076419,0.2702747790319617,0.3782405744879338,1.845159077689787,0.0
0.43618750280312435,0.8100669252572023,0.27174754820213803,0.39711987127124454,1.8466429228782335,0.0
0.4286966657056991,0.8603923201735415,0.28540314716366266,0.3848534060295277,1.8543395854679576,0.0
0.4416558800851325,0.8360665884980792,0.2767672772541992,0.3954404059596524,1.8241296602955193,0.0
0.40501890004464985,0.9077015417607759,0.2587810183537192,0.3599984811872474,1.9425416939931914,0.0
0.4071304386647894,0.8652573904163977,0.2606258312765872,0.3693367076484399,1.9374362455911964,0.0
0.4075273984794718,0.8337843109470611,0.280250276418453,0.3776595410591617,1.9276003287184889,0.0
0.4359862074152663,0.8589982886945838,0.26549658305049084,0.385621661046212,1.8519357815575224,0.0
0.4329377699368387,0.8458241745335349,0.26676352046132307,0.38707402525637524,1.8594766389264494,0.0
0.4334098366782444,0.8415643837862944,0.2779808342614044,0.39038399184798217,1.8457585950517283,0.0
0.4010707605848394,0.946621262827156,0.2751104621276911,0.35342599528225876,1.938109694546481,0.0
0.40649526868789665,0.8376773692207539,0.26710578096689913,0.37556589948239727,1.9349610088302742,0.0
0.4222539822023828,0.8277484424434938,0.2781761322927328,0.38723964784805226,1.8802083134496062,0.0
0.41596005687700716,0.8622227765197749,0.2689448539709794,0.37592193154226555,1.9028837760023485,0.0
0.4280727686679964,0.8809452221685291,0.275278153358125,0.37961913593174473,1.860417774210163,0.0
0.42513558737138385,0.8603041479423721,0.28831805283303147,0.3829099027163405,1.8654453325420464,0.0
0.4211104730971189,0.844630946232058,0.2597726923821686,0.3799655563885175,1.9009480983863065,0.0
0.42117147208612116,0.8964684632350911,0.2727255651849332,0.3727153379717101,1.8817360180392975,0.0
0.4284459403805177,0.8404784936255774,0.2825790713692739,0.3884613808479376,1.8577699488867032,0.0
0.4226487563605898,0.8405760832743928,0.2835158327158781,0.38522912269436776,1.87589939560667,0.0
0.4121053001598662,0.9017059720844594,0.27891515808706874,0.36756616603147774,1.905311586877942,0.0
0.420631126139087,0.8854510748180114,0.28010482104986617,0.37536358373499057,1.879189741369903,0.0
0.4263080661042828,0.8349366052192854,0.27981611756027114,0.3881592987856471,1.8662050950635707,0.0
0.4195883069867358,0.8393584426728068,0.26837212324610576,0.3821588027955077,1.8947897337065533,0.0
0.40574138198936116,0.8983386674344939,0.2792378526308515,0.3644836345112161,1.9268349107519347,0.0
0.428961871754846,0.837918621882022,0.28984400632071927,0.3894978316453423,1.8549614580755833,0.0
0.4111929521743885,0.8822495893322585,0.2826532035101738,0.3705582881976886,1.9103662082413255,0.0
0.4269447654461808,0.8228082823699777,0.27768542079530334,0.39068166580777347,1.8667617594831387,0.0
0.40242446053480263,0.88042122710111,0.28337054390499666,0.36540511117457697,1.9419897365450747,0.0
0.42061615632597843,0.8439794171084369,0.27051049602688365,0.3821391509990291,1.8894364343531604,0.0
0.42281318228919795,0.8434762917654669,0.2674694449847277,0.3827166879681981,1.8864714439289612,0.0
0.4199675693409274,0.9013534930335789,0.2837090564189875,0.3722646895793553,1.8789208134094304,0.0
0.40116946613154436,0.9419780996906685,0.26554932082136,0.3533749707844775,1.9433691416825871,0.0
0.4181016180468102,0.9003675334386397,0.2786845204393939,0.371151550770784,1.8864114022596994,0.0
0.39987259981112955,0.866043117497276,0.2808510147907479,0.36669783896604846,1.951634163017671,0.0
0.42227123038472925,0.8905668773928322,0.2875150921634505,0.37559902825935293,1.8720734844247713,0.0
0.40700372136028373,0.8857855040570022,0.2842137129459047,0.3672823386234087,1.9250231147715722,0.0
0.4249736878324644,0.8407861602276246,0.2824675041418602,0.3864468822909018,1.868679311224092,0.0
0.40424077122593594,0.903014699386501,0.27311666454193745,0.36259969528852426,1.9324623913680712,0.0
0.42342014794798694,0.8370434662081759,0.28472462369397766,0.3863711884990328,1.873591196588125,0.0
0.40602101470104845,0.8453755229899923,0.26719809127043104,0.3737934775832273,1.935609705248007,0.0
0.41038061361986344,0.9186346120639722,0.2833877629644468,0.3635751849523812,1.9093984362016827,0.0
0.4108119745595548,0.9211167641824377,0.2637514902501021,0.36154592058680013,1.9186685595620259,0.0
0.4096897065195854,0.8458496114336382,0.2749901698883781,0.3764413890631515,1.9196157170057728,0.0
0.4211254309967781,0.8482782183735661,0.2761541533490933,0.3823328619296172,1.8829835677957638,0.0
0.41979286473743743,0.8397093287039783,0.2891368048386376,0.38355380653700727,1.8863123139142413,0.0
0.3992885441177734,0.9257221020379018,0.26925584958785725,0.35555306816478555,1.9480357599816285,0.0
0.4213506792119947,0.855756106974158,0.28332650200713616,0.38147920253270495,1.878774375727583,0.0
0.4199115446833359,0.8556717637292911,0.27021617560625494,0.37940650469156023,1.8907269649897698,0.0
0.4209539012171309,0.8478349761492564,0.273617799915196,0.3819964333294223,1.8853725404208408,0.0
0.40742762074601313,0.9048160200639361,0.27664595289097094,0.364244532200226,1.9211041518806928,0.0
0.41359917151634823,0.8811892820308224,0.2764935698399327,0.3719962811343391,1.9032150576177025,0.0
0.40697120135264236,0.854231229618389,0.27614508521316994,0.3733279810485066,1.9273538563216217,0.0
0.40423580382209057,0.8491595998548073,0.2746958514997719,0.3727104863055055,1.9372446901581182,0.0
0.40334605611033747,0.9045847465797714,0.27619815448118035,0.36195223578334434,1.934423098300829,0.0
0.4107370213564308,0.8593387163948855,0.27277702058878317,0.37423360793722055,1.916039838589751,0.0
0.4072514147700131,0.8847414318024558,0.27563398738701694,0.36773878803917803,1.923556350655759,0.0
0.4172701835472616,0.8579682384677992,0.279116898893712,0.37858144612728556,1.8926898568778134,0.0
0.40020841411470176,0.871504522320288,0.27012119822583497,0.36590979153149134,1.9496494379918166,0.0
0.399036190810715,0.9162849884970856,0.2682887423703023,0.356861433331925,1.9506366981015109,0.0
0.4063750082447961,0.9231470454687352,0.2797156890371279,0.36051377346275865,1.922433369763981,0.0
0.4182949606491191,0.8691174173708799,0.2729979978081882,0.3764188248295059,1.891945675417365,0.0
0.41266502481585227,0.854332538030899,0.28477542912598613,0.3766008577523916,1.9083581737775808,0.0
0.4100932801791221,0.9236957286380335,0.2705028065412225,0.36185493136674096,1.91397819503213,0.0
0.4050544195830655,0.9081873017470009,0.2773217460255337,0.3623267294182639,1.928280995076942,0.0
0.40308981129866706,0.8831577573017656,0.2760671393820005,0.3656435546483468,1.9374238939988304,0.0
0.40951004263523666,0.9102989744506176,0.28052409410185547,0.3645878773704514,1.9128740756853608,0.0
0.4153792144314417,0.871967473846238,0.27560310230647284,0.37461409329843565,1.8988845316767813,0.0
0.41033994131716733,0.8511519488629999,0.27197416107905736,0.37552609443931784,1.9185206107976276,0.0
0.4051605722412166,0.8566138094107295,0.27482235701202107,0.3717881554604777,1.9333815305760145,0.0
0.4080657310030082,0.8576260540237807,0.2832996602213891,0.37322739685113127,1.9238750274568697,0.0
0.4058692833124409,0.8510055590145592,0.2798966683215203,0.3733114989500323,1.9314142241818977,0.0
0.4119882196464283,0.8555867931560373,0.2746279493216318,0.3758041481609387,1.911488577763988,0.0
0.40614004995818637,0.9320697490478215,0.27829655004706094,0.3588112368848923,1.9222969955469276,0.0
0.405558808081442,0.937215955861117,0.27898012308024295,0.3575922356292916,1.9237888048375502,0.0
0.4081176341927233,0.8523647067092329,0.2793798298225771,0.3744001560812014,1.9234337995191648,0.0
0.4010234966924553,0.8896585384748353,0.27157327174531887,0.3631157112939669,1.944699531631704,0.0
0.3986093430309615,0.9239991257389081,0.27839363333147515,0.35576031358067095,1.948812753185455,0.0
0.40532601660708395,0.8595904009418726,0.2777574568075144,0.37136070325685155,1.932212678041497,0.0
0.41217314062295274,0.8663632787499477,0.2780788862135813,0.37401657091447515,1.9087503280016234,0.0
0.4097525731649021,0.8952033911305762,0.2762142052176882,0.367268036541098,1.914295366513751,0.0
0.4008308050447526,0.9236708654371553,0.2730227609490141,0.35705883050693105,1.9415951116578254,0.0
0.40512518720157836,0.8544887343543202,0.280869435295562,0.3721504600226918,1.9338923633239036,0.0
0.40213121983065303,0.9203747550497416,0.27382249127394537,0.3583817900559701,1.9374607994115463,0.0
0.4003857763712789,0.8758945977208791,0.2778971311854992,0.3653291869618023,1.9481189341589586,0.0
0.40229763934577234,0.913890223728266,0.27957840968883907,0.3596827318181896,1.9371580355592024,0.0
0.4019878801799376,0.8920697086409113,0.27558556883758173,0.36337741826851966,1.940278544170457,0.0
0.39789859567221036,0.924665593167336,0.27470536986578487,0.3552138151721595,1.9510883187119494,0.0
0.40629934311872085,0.8596835688262339,0.2752683396485994,0.3718736143851521,1.9292018876172305,0.0
0.3970655311630679,0.925896661046941,0.2706468422737626,0.3544470889335946,1.9545572971596148,0.0
0.40518172853861634,0.8596473275996103,0.28280951064433035,0.37106663499428116,1.9338782878350913,0.0
0.4048443783204712,0.9108162581189057,0.2807209914203164,0.36171798464174737,1.9288140889963212,0.0
0.40041204535060654,0.8837836474727017,0.2763083726955306,0.36397154268921456,1.9464514666280897,0.0
0.4003503281963883,0.8825021911810822,0.2704753662153445,0.36397833876422064,1.9480406091197413,0.0
0.4093002679128991,0.8808708214856318,0.2756732271246829,0.3696014068933186,1.9174114692122153,0.0
0.40628680925353167,0.8745917026642519,0.27735398666623234,0.3691148344712033,1.9273967010139255,0.0
0.4034305846449012,0.8635758100785116,0.2801537822248449,0.3694143760468832,1.9387203796046988,0.0
0.4046743641010898,0.8846349629696,0.28043041136107616,0.36628292891131325,1.9320782678336683,0.0
0.40105477872287004,0.8657216492815035,0.27980354000783325,0.3675798821721449,1.9468630357599659,0.0
8992.956625865581,0.8596961921690393,0.2831069119123964,0.3770992594524565,1.933028123828933,0.0
0.40110781598197787,0.9234092382860157,0.2774609679063788,0.3573475903817302,1.940117436895557,0.0
0.40200737033273504,0.8869382855509998,0.27449174908636836,0.3642853705309087,1.9409049452160025,0.0
0.39913582699139166,0.9014473038071443,0.27532424690117185,0.3600505441915396,1.9490246846267003,0.0
0.40283040395547204,0.9153809839732858,0.27935946079969803,0.35973002848870184,1.9351398723423563,0.0
0.40010885029971494,0.9534472780795602,0.27510223223566593,0.3517489008098285,1.9406546222354366,0.0
0.39965455120360527,0.9136276378004329,0.2723715987085133,0.35811542974702876,1.946666109693067,0.0
0.4012381182472523,0.9115677350440755,0.27653304188880773,0.35949112006339107,1.9407981150980367,0.0
0.39855721699738555,0.9432533324639153,0.2755896525410197,0.3525372053026593,1.9467913010007096,0.0
0.397227281499067,0.9217903337696451,0.2705238406901824,0.3552208504720548,1.9543641506824254,0.0
0.40248634501291247,0.9356882684271317,0.27643578159665566,0.35609756102384105,1.934250506455671,0.0
0.39695905829143113,0.9224257912445917,0.27055934191629183,0.35497649396977504,1.955221105793034,0.0
0.40081614201232046,0.919866822084784,0.27508594379677925,0.35779838834536654,1.941554047912917,0.0
0.4027210279918729,0.9324560480077396,0.280642677181757,0.3567294255964544,1.9339864388880432,0.0
0.40054391894714547,0.9186918454786622,0.2740475387500632,0.357813203780467,1.9428204102106752,0.0
0.40033353743791394,0.9232338175370305,0.27617384992077665,0.3569278037470704,1.9427610810162705,0.0
0.3995902694500447,0.9279345979684762,0.2747019640012424,0.35566429150361895,1.9449632562461288,0.0
0.4006559273396623,0.9176213821637247,0.2750968539257751,0.3580890222661739,1.9422775174849383,0.0
0.39883495839195376,0.9227490463333001,0.2719645628524312,0.3560509158844725,1.9487020646626878,0.0
0.3963516159155822,0.9423763664222669,0.27295341014629354,0.3513073724294433,1.954748999516238,0.0
0.3983013645861925,0.9242924670695193,0.27102914156789426,0.3554009463253882,1.9504948181055373,0.0
0.3979616617824765,0.9217422310786688,0.27323385750337553,0.35578650096768477,1.9512234781167388,0.0
0.39836573427966043,0.9353518781894359,0.2705799076581624,0.35354549724581874,1.9494037472859165,0.0
0.39764834176899017,0.918134032542929,0.2702289377952541,0.35607887454858356,1.9534741963854736,0.0
0.39786279372523903,0.9202625234603116,0.27161843287344734,0.3559110655030269,1.9520564302486392,0.0
0.39684612806326036,0.9249861635994971,0.27033793805331474,0.3544568551971502,1.9553876443495066,0.0
0.39651929198993446,0.9385862665388457,0.27379356851634346,0.35212538062435716,1.9542747826784777,0.0
0.39657011528923997,0.9415281067897372,0.2741809584572796,0.35164610409751074,1.9537933684988051,0.0
0.3968284792274073,0.9420024543767186,0.27358639422534037,0.35171404148733343,1.9529336794284726,0.0
0.3970897100491369,0.9417344879149607,0.27238195028372325,0.3518771642528591,1.9523274795365764,0.0
0.39662635571609645,0.940030087067016,0.27527730588161337,0.3519550164075438,1.9536829082833567,0.0
0.3977596943365132,0.9424111204786504,0.2764318891711143,0.35222148054558,1.9495826120382658,0.0
0.3973198707129327,0.9465285825494899,0.2739268684627465,0.35125675120667305,1.9507934393642812,0.0
0.3965658048209517,0.938276427396852,0.27481381745241484,0.35218974259763347,1.9540943833044775,0.0
