0.22279982857727615,0.0034994204995966297,0.32980411919216,1.0,1.0,0.0,1.0,0.966,0.0056,0.9
0.22115254642524448,0.003942751513203484,0.34828888397844904,1.0,1.0,0.0,1.0,0.966,0.0056,0.9
0.1186786927615713,0.1223043142130335,0.5560261266796397,1.0,1.0,0.0,1.0,0.966,0.0056,0.9
0.15907403320451421,0.05235077396300969,0.5324784907244122,1.0,1.0,0.0,1.0,0.966,0.0056,0.9
0.115994775665381,0.12840001909474238,0.5573692097411591,1.0,1.0,0.0,1.0,0.966,0.0056,0.9
0.12585579974206146,0.10764163868257054,0.5534135468114711,1.0,1.0,0.0,1.0,0.966,0.0056,0.9
0.04320786064369353,0.7859434689661821,0.5886071040239733,1.0,1.0,0.0,1.0,0.966,0.0056,0.9
0.062014324282459496,0.28239336680625604,0.5720437155536392,1.0,1.0,0.0,1.0,0.966,0.0056,0.9
0.18723921632860058,0.02254929150211683,0.4967774162215333,1.0,1.0,0.0,1.0,0.966,0.0056,0.9
0.0541274311201539,0.7986946779130364,0.5888615090924364,1.0,1.0,0.0,1.0,0.966,0.0056,0.9
0.2148836477346043,0.006119821523933118,0.39878264801306657,1.0,1.0,0.0,1.0,0.966,0.0056,0.9
0.1457548514736847,0.07165798848172053,0.5423439880028331,1.0,1.0,0.0,1.0,0.966,0.0056,0.9
0.2215160155445919,0.003826719253746514,0.34351427931646855,1.0,1.0,0.0,1.0,0.966,0.0056,0.9
0.44724103000944593,0.9274012903100398,0.5920247073110343,1.0,1.0,0.0,1.0,0.966,0.0056,0.9
0.14436965223496936,0.07520424964993358,0.5445850372508431,1.0,1.0,0.0,1.0,0.966,0.0056,0.9
0.06394166994675973,0.2758492984133308,0.5715557411481554,1.0,1.0,0.0,1.0,0.966,0.0056,0.9
0.06346103354639422,0.27733987702446444,0.5717496753677546,1.0,1.0,0.0,1.0,0.966,0.0056,0.9
0.05940538381462817,0.2916509366659852,0.5725445071120493,1.0,1.0,0.0,1.0,0.966,0.0056,0.9
0.14166640782159687,0.07832937736789035,0.545067487639909,1.0,1.0,0.0,1.0,0.966,0.0056,0.9
0.08237459935844205,0.21617145056505016,0.5675480165385965,1.0,1.0,0.0,1.0,0.966,0.0056,0.9
0.20133691663588196,0.012770101310103534,0.461376652532731,1.0,1.0,0.0,1.0,0.966,0.0056,0.9
0.1275262885254219,0.1039949704923414,0.5523297744142787,1.0,1.0,0.0,1.0,0.966,0.0056,0.9
0.22359829125608877,0.003227588493614359,0.31976641588464416,1.0,1.0,0.0,1.0,0.966,0.0056,0.9
0.160577136621047,0.05039081909217764,0.5312837674593207,1.0,1.0,0.0,1.0,0.966,0.0056,0.9
0.16840196392805518,0.040883027283636277,0.5235828897505511,1.0,1.0,0.0,1.0,0.966,0.0056,0.9
0.1661343844375172,0.04355678156984934,0.5261908122108665,1.0,1.0,0.0,1.0,0.966,0.0056,0.9
0.1532264008644899,0.06067235808592112,0.5378070297303632,1.0,1.0,0.0,1.0,0.966,0.0056,0.9
0.19188389298609604,0.019169229728359452,0.4888044222899873,1.0,1.0,0.0,1.0,0.966,0.0056,0.9
0.04327933386510959,0.35308429280962034,0.5756135528246596,1.0,1.0,0.0,1.0,0.966,0.0056,0.9
0.004599837634224944,0.693299817551445,0.5863822084168991,1.0,1.0,0.0,1.0,0.966,0.0056,0.9
0.06991708653016623,0.25542793765894983,0.5703774614924956,1.0,1.0,0.0,1.0,0.966,0.0056,0.9
0.1290094122014021,0.10113187634271441,0.5515229904733245,1.0,1.0,0.0,1.0,0.966,0.0056,0.9
0.007958894569222792,0.5311685991001621,0.5820138339812627,1.0,1.0,0.0,1.0,0.966,0.0056,0.9
0.14492874812984463,0.07343930718219334,0.5426521414343434,1.0,1.0,0.0,1.0,0.966,0.0056,0.9
0.034738738808879725,0.38898728924117193,0.5771479417771264,1.0,1.0,0.0,1.0,0.966,0.0056,0.9
0.040144381963068826,0.366291569258581,0.5762914715924121,1.0,1.0,0.0,1.0,0.966,0.0056,0.9
0.22485421748262405,0.002916617339701909,0.3035948509942634,1.0,1.0,0.0,1.0,0.966,0.0056,0.9
0.06686117923736423,0.2657951359427554,0.5711005574301352,1.0,1.0,0.0,1.0,0.966,0.0056,0.9
0.14005008779667505,0.08103834886244232,0.5457862694042541,1.0,1.0,0.0,1.0,0.966,0.0056,0.9
0.11191323905029057,0.13745179052062423,0.5586631548807313,1.0,1.0,0.0,1.0,0.966,0.0056,0.9
0.05611579904373859,0.30359290471474487,0.5731884717673176,1.0,1.0,0.0,1.0,0.966,0.0056,0.9
0.16795678144695,0.04144475460199733,0.5243565783073599,1.0,1.0,0.0,1.0,0.966,0.0056,0.9
0.15075452851122736,0.06401858468163882,0.539182226941637,1.0,1.0,0.0,1.0,0.966,0.0056,0.9
0.07313408566716985,0.24489239471772073,0.5696549937486916,1.0,1.0,0.0,1.0,0.966,0.0056,0.9
0.14578686131819557,0.07197263557690926,0.5429696029489274,1.0,1.0,0.0,1.0,0.966,0.0056,0.9
0.18336756235353888,0.02581691880257365,0.5034797208824171,1.0,1.0,0.0,1.0,0.966,0.0056,0.9
0.233812204307434,0.0010625438465765042,0.10160484764493359,1.0,1.0,0.0,1.0,0.966,0.0056,0.9
0.14155953342657987,0.07851077241963676,0.5451365665235789,1.0,1.0,0.0,1.0,0.966,0.0056,0.9
0.2071609430798777,0.009555635620797831,0.44000002452353937,1.0,1.0,0.0,1.0,0.966,0.0056,0.9
0.14064985272332592,0.08000982604180296,0.5455971803307514,1.0,1.0,0.0,1.0,0.966,0.0056,0.9
0.15509910196489793,0.05776123008019692,0.5359301379171845,1.0,1.0,0.0,1.0,0.966,0.0056,0.9
0.22916930879951367,0.0019016301317140224,0.2304676598088569,1.0,1.0,0.0,1.0,0.966,0.0056,0.9
0.05026191737476676,0.3257372065371266,0.5742726011347924,1.0,1.0,0.0,1.0,0.966,0.0056,0.9
0.2200988570998593,0.0042666122648901,0.35779186717038747,1.0,1.0,0.0,1.0,0.966,0.0056,0.9
0.2213411474275026,0.004287907930537649,0.35388106780158657,1.0,1.0,0.0,1.0,0.966,0.0056,0.9
0.09287324241188064,0.831312913323787,0.5896798991344696,1.0,1.0,0.0,1.0,0.966,0.0056,0.9
0.0085995622060329,0.5266520070051841,0.5818690956101774,1.0,1.0,0.0,1.0,0.966,0.0056,0.9
0.0007621774251066521,0.6106728507178203,0.5841625087492481,1.0,1.0,0.0,1.0,0.966,0.0056,0.9
0.04156509462785871,0.3604129831655215,0.576038029225209,1.0,1.0,0.0,1.0,0.966,0.0056,0.9
0.0220114870995373,0.7511911341987798,0.5877811165668008,1.0,1.0,0.0,1.0,0.966,0.0056,0.9
0.049249946015928324,0.32945698647708516,0.5745075135416692,1.0,1.0,0.0,1.0,0.966,0.0056,0.9
0.06034344808529862,0.2883254044087841,0.5724037728223302,1.0,1.0,0.0,1.0,0.966,0.0056,0.9
0.07138769762495936,0.25057169627234266,0.5700215463954542,1.0,1.0,0.0,1.0,0.966,0.0056,0.9
0.09849004439429937,0.17064037227050777,0.5630465415701383,1.0,1.0,0.0,1.0,0.966,0.0056,0.9
0.14324438848600113,0.0758917943513886,0.5437578948114379,1.0,1.0,0.0,1.0,0.966,0.0056,0.9
0.06632793654952751,0.2962885026026978,0.5718250749311277,1.0,1.0,0.0,1.0,0.966,0.0056,0.9
0.1376436592203943,0.08517229043754133,0.54720148062556,1.0,1.0,0.0,1.0,0.966,0.0056,0.9
0.009248548480965344,0.5223815451818891,0.5818028419704365,1.0,1.0,0.0,1.0,0.966,0.0056,0.9
0.27826342347179744,0.9000210677355457,0.5913088019709266,1.0,1.0,0.0,1.0,0.966,0.0056,0.9
0.03197993435873362,0.4528200248995711,0.5787268461255505,1.0,1.0,0.0,1.0,0.966,0.0056,0.9
0.09434015929111579,0.1817468348788678,0.564269429565891,1.0,1.0,0.0,1.0,0.966,0.0056,0.9
0.14901727827973854,0.8611227450229894,0.5903499847586293,1.0,1.0,0.0,1.0,0.966,0.0056,0.9
0.13956055589958888,0.08351463858898578,0.545912229097762,1.0,1.0,0.0,1.0,0.966,0.0056,0.9
0.233825230411129,0.0010605751905266988,0.10112949804629745,1.0,1.0,0.0,1.0,0.966,0.0056,0.9
0.12498368571717085,0.1090846015069821,0.5533935615423655,1.0,1.0,0.0,1.0,0.966,0.0056,0.9
0.19334156922500206,0.017919238582171936,0.48418686108678893,1.0,1.0,0.0,1.0,0.966,0.0056,0.9
0.22367649435897938,0.003203689803902504,0.3191030943460547,1.0,1.0,0.0,1.0,0.966,0.0056,0.9
0.21084168107926146,0.007814548161534004,0.42238990205169147,1.0,1.0,0.0,1.0,0.966,0.0056,0.9
0.13426272475940768,0.09123642890172139,0.5489483681507609,1.0,1.0,0.0,1.0,0.966,0.0056,0.9
0.07435086347925741,0.2414799464742927,0.5695602771558413,1.0,1.0,0.0,1.0,0.966,0.0056,0.9
0.0018352687540913431,0.5873346204865787,0.5836520202140986,1.0,1.0,0.0,1.0,0.966,0.0056,0.9
0.002745393673503762,0.6803704451267686,0.5860764758935979,1.0,1.0,0.0,1.0,0.966,0.0056,0.9
0.13064142167031476,0.09798605946685951,0.5509227229622233,1.0,1.0,0.0,1.0,0.966,0.0056,0.9
0.074389793918405,0.24091428213707275,0.5692955293904187,1.0,1.0,0.0,1.0,0.966,0.0056,0.9
0.09583190234969036,0.17776546222024048,0.5639190592220884,1.0,1.0,0.0,1.0,0.966,0.0056,0.9
0.015679363690247364,0.48245281083596186,0.5805319866036212,1.0,1.0,0.0,1.0,0.966,0.0056,0.9
0.19500684837205431,0.017028135013519255,0.48211294924058207,1.0,1.0,0.0,1.0,0.966,0.0056,0.9
0.15001085887826565,0.0650946405465119,0.5395563315718294,1.0,1.0,0.0,1.0,0.966,0.0056,0.9
0.15266356432826642,0.06119777074482089,0.5376870951784527,1.0,1.0,0.0,1.0,0.966,0.0056,0.9
0.12307680732291798,0.11302672545923893,0.5541762496833221,1.0,1.0,0.0,1.0,0.966,0.0056,0.9
0.0006078359298506082,0.6537888270863215,0.5854388400463603,1.0,1.0,0.0,1.0,0.966,0.0056,0.9
0.02014088016741108,0.7470487071899927,0.5876834907336509,1.0,1.0,0.0,1.0,0.966,0.0056,0.9
0.08853171706085694,0.19797892966570224,0.5658876024846302,1.0,1.0,0.0,1.0,0.966,0.0056,0.9
0.20255004282396985,0.012019201410445816,0.45760814689061885,1.0,1.0,0.0,1.0,0.966,0.0056,0.9
0.09711270284892046,0.17450735946781276,0.5636386858854907,1.0,1.0,0.0,1.0,0.966,0.0056,0.9
0.15850687502825478,0.053097022387864054,0.5330072476848965,1.0,1.0,0.0,1.0,0.966,0.0056,0.9
0.21449710416217166,0.006392997475500474,0.4050889445729537,1.0,1.0,0.0,1.0,0.966,0.0056,0.9
0.22036240945590937,0.004203213018152084,0.3548593203716573,1.0,1.0,0.0,1.0,0.966,0.0056,0.9
0.16713103653729364,0.042362410101599364,0.5248093850185389,1.0,1.0,0.0,1.0,0.966,0.0056,0.9
0.10947589180184959,0.14336545108521312,0.5597053844820039,1.0,1.0,0.0,1.0,0.966,0.0056,0.9
0.18217763894654765,0.02831893733034176,0.5098590570478,1.0,1.0,0.0,1.0,0.966,0.0056,0.9
0.008770690487161004,0.7121668710547558,0.5869127692847644,1.0,1.0,0.0,1.0,0.966,0.0056,0.9
0.20850894310075527,0.008895564230212693,0.43386974924159516,1.0,1.0,0.0,1.0,0.966,0.0056,0.9
0.004358110180021208,0.686895990048774,0.5860875048760046,1.0,1.0,0.0,1.0,0.966,0.0056,0.9
0.055624856524055216,0.7940424161983951,0.5890454145643955,1.0,1.0,0.0,1.0,0.966,0.0056,0.9
0.12969199311739757,0.09978046088222862,0.5513190745314459,1.0,1.0,0.0,1.0,0.966,0.0056,0.9
0.08156139444553152,0.2186219242365094,0.5677459593107916,1.0,1.0,0.0,1.0,0.966,0.0056,0.9
0.09603537186328537,0.17717672264554174,0.5637423271499385,1.0,1.0,0.0,1.0,0.966,0.0056,0.9
0.005049505930028029,0.5541782872782326,0.5827286798393918,1.0,1.0,0.0,1.0,0.966,0.0056,0.9
0.026593561996406452,0.42619134804655256,0.5785370013810217,1.0,1.0,0.0,1.0,0.966,0.0056,0.9
0.1339810644442024,0.09173060584064184,0.5491764888562538,1.0,1.0,0.0,1.0,0.966,0.0056,0.9
0.09952684840785267,0.16796861076856123,0.5628123179650296,1.0,1.0,0.0,1.0,0.966,0.0056,0.9
0.02554260842085522,0.43142886122828705,0.5788302212244655,1.0,1.0,0.0,1.0,0.966,0.0056,0.9
0.04525866956078448,0.3451238529072209,0.5752789024616086,1.0,1.0,0.0,1.0,0.966,0.0056,0.9
0.15103449335719815,0.06498987913257244,0.5386056495544496,1.0,1.0,0.0,1.0,0.966,0.0056,0.9
0.21741658952339404,0.0051787172790914784,0.38036522936836586,1.0,1.0,0.0,1.0,0.966,0.0056,0.9
0.13285846621831854,0.09379898649369042,0.5497255810318397,1.0,1.0,0.0,1.0,0.966,0.0056,0.9
0.20888981139807006,0.008714056139257242,0.43238102094291303,1.0,1.0,0.0,1.0,0.966,0.0056,0.9
0.0010247000724591924,0.5999045936779999,0.5840092807085667,1.0,1.0,0.0,1.0,0.966,0.0056,0.9
0.22558772963040447,0.0027087246597019246,0.2929000705668878,1.0,1.0,0.0,1.0,0.966,0.0056,0.9
0.18476437606983728,0.8747099393890867,0.5906814936692162,1.0,1.0,0.0,1.0,0.966,0.0056,0.9
0.04136752952789427,0.36088771317024104,0.5759758220361487,1.0,1.0,0.0,1.0,0.966,0.0056,0.9
0.14445595037224565,0.8590425317038796,0.590268988186619,1.0,1.0,0.0,1.0,0.966,0.0056,0.9
0.0544425804189564,0.31004514112090137,0.5736474315437087,1.0,1.0,0.0,1.0,0.966,0.0056,0.9
0.22923702683810415,0.0018754344989479303,0.22889637562022405,1.0,1.0,0.0,1.0,0.966,0.0056,0.9
0.1894303194101976,0.020838098782843838,0.49281957195379983,1.0,1.0,0.0,1.0,0.966,0.0056,0.9
0.12191335717904012,0.8484251023593679,0.5900657890563984,1.0,1.0,0.0,1.0,0.966,0.0056,0.9
0.06438949855578531,0.2742365900031215,0.5714743636297457,1.0,1.0,0.0,1.0,0.966,0.0056,0.9
0.0009007223016181598,0.6198014376703269,0.5846528035918587,1.0,1.0,0.0,1.0,0.966,0.0056,0.9
0.1225531383255002,0.11405989371455118,0.5544928526654112,1.0,1.0,0.0,1.0,0.966,0.0056,0.9
0.193191515362863,0.018027641348281255,0.4840005403295228,1.0,1.0,0.0,1.0,0.966,0.0056,0.9
0.10872662565274883,0.14495882454888842,0.5597948367649769,1.0,1.0,0.0,1.0,0.966,0.0056,0.9
0.11458874046842739,0.13137107413787383,0.5577564213503187,1.0,1.0,0.0,1.0,0.966,0.0056,0.9
0.02918442018985006,0.4139860660976266,0.5780931787301034,1.0,1.0,0.0,1.0,0.966,0.0056,0.9
0.011008152951969127,0.7202096044951607,0.5869417669344292,1.0,1.0,0.0,1.0,0.966,0.0056,0.9
0.10355353903406607,0.15763215054112914,0.5614945800312338,1.0,1.0,0.0,1.0,0.966,0.0056,0.9
0.0664525794794267,0.26722127530301615,0.5711998345851972,1.0,1.0,0.0,1.0,0.966,0.0056,0.9
0.16586987946322332,0.04407046911303127,0.525905869338345,1.0,1.0,0.0,1.0,0.966,0.0056,0.9
0.1833497622825812,0.025859654490612106,0.5039413023488608,1.0,1.0,0.0,1.0,0.966,0.0056,0.9
0.0012636251354366914,0.665867954967884,0.5856998276227933,1.0,1.0,0.0,1.0,0.966,0.0056,0.9
0.06719988297102246,0.2649565679847306,0.5708318768970276,1.0,1.0,0.0,1.0,0.966,0.0056,0.9
0.20960033573816747,0.008378853728933341,0.42875906425799354,1.0,1.0,0.0,1.0,0.966,0.0056,0.9
0.15851736938344962,0.05308293905876831,0.5330136323744413,1.0,1.0,0.0,1.0,0.966,0.0056,0.9
0.027531028304416724,0.42183712616771124,0.5783624526989908,1.0,1.0,0.0,1.0,0.966,0.0056,0.9
0.00916168765246073,0.7149425816595936,0.5868948133926433,1.0,1.0,0.0,1.0,0.966,0.0056,0.9
0.0808568110741811,0.22064971926913396,0.5678435466420995,1.0,1.0,0.0,1.0,0.966,0.0056,0.9
0.16711227323107025,0.04342849701959527,0.5269854463872519,1.0,1.0,0.0,1.0,0.966,0.0056,0.9
0.1198828655164945,0.11970585291949996,0.5556580597217672,1.0,1.0,0.0,1.0,0.966,0.0056,0.9
0.16796501949925685,0.043827087935625564,0.5279064273232984,1.0,1.0,0.0,1.0,0.966,0.0056,0.9
0.21850725310389196,0.004800543113065435,0.37150716196809247,1.0,1.0,0.0,1.0,0.966,0.0056,0.9
0.08775605833710705,0.20628875366614172,0.5672867178889472,1.0,1.0,0.0,1.0,0.966,0.0056,0.9
0.12454486735749333,0.10996324760390695,0.5536527387317713,1.0,1.0,0.0,1.0,0.966,0.0056,0.9
0.07728929550797455,0.23172716024444928,0.5686214835853747,1.0,1.0,0.0,1.0,0.966,0.0056,0.9
0.06404382100694635,0.2753351967271237,0.5715787793925349,1.0,1.0,0.0,1.0,0.966,0.0056,0.9
0.1620715643400456,0.048842162225953785,0.5307218272299424,1.0,1.0,0.0,1.0,0.966,0.0056,0.9
0.08976264269523977,0.19449141791289096,0.5654948421078551,1.0,1.0,0.0,1.0,0.966,0.0056,0.9
0.1717893525953508,0.03736885617743258,0.5194289445693405,1.0,1.0,0.0,1.0,0.966,0.0056,0.9
0.005836771689752267,0.6983466542366608,0.5864138848611297,1.0,1.0,0.0,1.0,0.966,0.0056,0.9
0.17329527892391133,0.036688061249977845,0.5179556623541419,1.0,1.0,0.0,1.0,0.966,0.0056,0.9
0.20509088940455877,0.01087136418214614,0.4518722143642545,1.0,1.0,0.0,1.0,0.966,0.0056,0.9
0.21789736046869732,0.005041296457299049,0.37891248354534146,1.0,1.0,0.0,1.0,0.966,0.0056,0.9
0.06861963738030374,0.260326436505282,0.5705120024754687,1.0,1.0,0.0,1.0,0.966,0.0056,0.9
0.21556266136495383,0.00587864945712053,0.3938451450492811,1.0,1.0,0.0,1.0,0.966,0.0056,0.9
0.12752713282653666,0.10399307139354846,0.5523281846055816,1.0,1.0,0.0,1.0,0.966,0.0056,0.9
0.07393121362008934,0.24329127213761248,0.5697500180754631,1.0,1.0,0.0,1.0,0.966,0.0056,0.9
0.22406745810350154,0.003112772496098699,0.3137971731225132,1.0,1.0,0.0,1.0,0.966,0.0056,0.9
0.2055632278032745,0.010385679348819373,0.4462724363674438,1.0,1.0,0.0,1.0,0.966,0.0056,0.9
0.0018598743426752828,0.5868198455282949,0.5836216507970561,1.0,1.0,0.0,1.0,0.966,0.0056,0.9
0.1176250668030237,0.12457728891322759,0.5564980307404049,1.0,1.0,0.0,1.0,0.966,0.0056,0.9
0.09497999434554617,0.1800298995761618,0.5641319727061072,1.0,1.0,0.0,1.0,0.966,0.0056,0.9
0.06674771003502082,0.2660598469881255,0.5710131362517838,1.0,1.0,0.0,1.0,0.966,0.0056,0.9
0.016205745241027233,0.47945920014163285,0.5803981574710372,1.0,1.0,0.0,1.0,0.966,0.0056,0.9
0.18633298468762718,0.023421271575406532,0.4993389779082672,1.0,1.0,0.0,1.0,0.966,0.0056,0.9
0.18089783927496833,0.028069557130280403,0.50726814313455,1.0,1.0,0.0,1.0,0.966,0.0056,0.9
0.07117013115631839,0.25128996163807865,0.570060442233838,1.0,1.0,0.0,1.0,0.966,0.0056,0.9
0.0817625554739212,0.21791117010892533,0.56763409794946,1.0,1.0,0.0,1.0,0.966,0.0056,0.9
0.16463802439583353,0.04548742598189724,0.5280187829640548,1.0,1.0,0.0,1.0,0.966,0.0056,0.9
0.03366603561651569,0.7724345110923507,0.5882668543808061,1.0,1.0,0.0,1.0,0.966,0.0056,0.9
0.20278533361584827,0.01189417760340897,0.45663757088278667,1.0,1.0,0.0,1.0,0.966,0.0056,0.9
0.14112641795440245,0.0791996933976695,0.5452133145499534,1.0,1.0,0.0,1.0,0.966,0.0056,0.9
0.22373171903185418,0.00319873144683565,0.3180079092791625,1.0,1.0,0.0,1.0,0.966,0.0056,0.9
0.014665894310176595,0.4882153450358559,0.5807001377991805,1.0,1.0,0.0,1.0,0.966,0.0056,0.9
0.05788712590767128,0.2971524839074802,0.5728995120607203,1.0,1.0,0.0,1.0,0.966,0.0056,0.9
0.0008511102813747823,0.6360109196264476,0.5847753177780308,1.0,1.0,0.0,1.0,0.966,0.0056,0.9
0.14907943611213653,0.06657970554255219,0.5400259823562094,1.0,1.0,0.0,1.0,0.966,0.0056,0.9
0.03362481872360431,0.39389751125035977,0.5773272124027459,1.0,1.0,0.0,1.0,0.966,0.0056,0.9
0.1633705802194254,0.04686229512042709,0.5286423954099808,1.0,1.0,0.0,1.0,0.966,0.0056,0.9
0.2045240596518031,0.010937896674070446,0.45029788872147974,1.0,1.0,0.0,1.0,0.966,0.0056,0.9
0.02735990987711526,0.42249357339733723,0.5784154289673356,1.0,1.0,0.0,1.0,0.966,0.0056,0.9
0.04442534502234815,0.3484545959220494,0.575411552160568,1.0,1.0,0.0,1.0,0.966,0.0056,0.9
0.13010315186940685,0.09899020238813525,0.551112845562991,1.0,1.0,0.0,1.0,0.966,0.0056,0.9
0.02679281749841392,0.42514467998563393,0.5785288097035751,1.0,1.0,0.0,1.0,0.966,0.0056,0.9
0.06331848427188902,0.2779394469523874,0.5718334364670923,1.0,1.0,0.0,1.0,0.966,0.0056,0.9
0.0921454723795672,0.18779374659815942,0.5649138450072374,1.0,1.0,0.0,1.0,0.966,0.0056,0.9
0.1898615383481225,0.020780338638984493,0.4934326599621936,1.0,1.0,0.0,1.0,0.966,0.0056,0.9
0.19902053978210252,0.014164344105733346,0.4685751453349658,1.0,1.0,0.0,1.0,0.966,0.0056,0.9
0.0012777524060148824,0.6660540907686491,0.5857034431841949,1.0,1.0,0.0,1.0,0.966,0.0056,0.9
0.14863921239940844,0.0672195568067155,0.5406970644673665,1.0,1.0,0.0,1.0,0.966,0.0056,0.9
0.13018401580997596,0.09887983810907006,0.550953601965058,1.0,1.0,0.0,1.0,0.966,0.0056,0.9
0.013079007844032561,0.4977629661942852,0.5809628875139426,1.0,1.0,0.0,1.0,0.966,0.0056,0.9
0.12195072301596169,0.11532187810803492,0.5547163404409073,1.0,1.0,0.0,1.0,0.966,0.0056,0.9
0.15722157952215368,0.05485243141118359,0.53426465050693,1.0,1.0,0.0,1.0,0.966,0.0056,0.9
0.002581976077825835,0.5780324814243597,0.5833670934472153,1.0,1.0,0.0,1.0,0.966,0.0056,0.9
0.0999644426663343,0.166839760813193,0.5626868216652847,1.0,1.0,0.0,1.0,0.966,0.0056,0.9
0.18186171035699658,0.02725987742790381,0.5056796335199064,1.0,1.0,0.0,1.0,0.966,0.0056,0.9
0.12962026977536245,0.09991654358570057,0.5513074020953569,1.0,1.0,0.0,1.0,0.966,0.0056,0.9
0.04333108011592885,0.35286668800038923,0.5756173332449581,1.0,1.0,0.0,1.0,0.966,0.0056,0.9
0.01074177775105418,0.512233839672938,0.5814310965346939,1.0,1.0,0.0,1.0,0.966,0.0056,0.9
0.15011280438602606,0.06505248767723398,0.5392841298504549,1.0,1.0,0.0,1.0,0.966,0.0056,0.9
0.0804440266439604,0.2266980126924285,0.5677678550704802,1.0,1.0,0.0,1.0,0.966,0.0056,0.9
0.013092299546197065,0.7284846332925607,0.5872332774374421,1.0,1.0,0.0,1.0,0.966,0.0056,0.9
0.13183119883857033,0.09571455887436284,0.5502445949935194,1.0,1.0,0.0,1.0,0.966,0.0056,0.9
0.16776612683691425,0.041618751161912285,0.5241760306386252,1.0,1.0,0.0,1.0,0.966,0.0056,0.9
0.024243504816301675,0.755822852024001,0.5878836108492896,1.0,1.0,0.0,1.0,0.966,0.0056,0.9
0.14863971221114047,0.06755009787735035,0.5402191402881352,1.0,1.0,0.0,1.0,0.966,0.0056,0.9
0.12641553269362216,0.1062017440274727,0.5527657231606162,1.0,1.0,0.0,1.0,0.966,0.0056,0.9
0.05232313316898472,0.3177049894382737,0.5739592916773607,1.0,1.0,0.0,1.0,0.966,0.0056,0.9
0.18480350043732804,0.024594049126776724,0.5009241937838398,1.0,1.0,0.0,1.0,0.966,0.0056,0.9
0.03225672800626265,0.39996237819932057,0.5775910662730548,1.0,1.0,0.0,1.0,0.966,0.0056,0.9
0.1979006338486913,0.01482995144049117,0.4720094385875207,1.0,1.0,0.0,1.0,0.966,0.0056,0.9
0.1986995923500218,0.014335503684670122,0.46961095607523407,1.0,1.0,0.0,1.0,0.966,0.0056,0.9
0.2036278188295883,0.011480049237051138,0.4551342467836256,1.0,1.0,0.0,1.0,0.966,0.0056,0.9
0.02969565081331548,0.4115806803544261,0.5780410205921492,1.0,1.0,0.0,1.0,0.966,0.0056,0.9
0.20597310878678748,0.010705664405496008,0.4515409247034788,1.0,1.0,0.0,1.0,0.966,0.0056,0.9
0.05193604419035374,0.7963897812370031,0.5888382729710568,1.0,1.0,0.0,1.0,0.966,0.0056,0.9
0.14510331054396147,0.07270083424517662,0.5427421424661072,1.0,1.0,0.0,1.0,0.966,0.0056,0.9
0.06982687970410911,0.255916660443159,0.5704835133791518,1.0,1.0,0.0,1.0,0.966,0.0056,0.9
0.059295420500289464,0.2925043802951141,0.5727351337464794,1.0,1.0,0.0,1.0,0.966,0.0056,0.9
0.12064709626906674,0.11806390382939624,0.5552799711154875,1.0,1.0,0.0,1.0,0.966,0.0056,0.9
0.042453104803986376,0.784986553629735,0.5885709151163799,1.0,1.0,0.0,1.0,0.966,0.0056,0.9
0.11337514174100598,0.134206710632993,0.5582746390310739,1.0,1.0,0.0,1.0,0.966,0.0056,0.9
0.08839027066457972,0.19842721928000245,0.5659694309861965,1.0,1.0,0.0,1.0,0.966,0.0056,0.9
0.11287295965747653,0.13527498161430038,0.5583844007593156,1.0,1.0,0.0,1.0,0.966,0.0056,0.9
0.0075157665113290365,0.5344229289603516,0.5821342368996166,1.0,1.0,0.0,1.0,0.966,0.0056,0.9
0.21958239061027554,0.004441501422237281,0.3621309833288172,1.0,1.0,0.0,1.0,0.966,0.0056,0.9
0.09680632200775609,0.17509805664973757,0.5635473709159595,1.0,1.0,0.0,1.0,0.966,0.0056,0.9
0.17397691539505156,0.03480547512646006,0.5171630760997638,1.0,1.0,0.0,1.0,0.966,0.0056,0.9
0.1144909414760979,0.1316828499902721,0.5578727792412804,1.0,1.0,0.0,1.0,0.966,0.0056,0.9
9.839721964964808e-5,0.6399459096863308,0.585062494329934,1.0,1.0,0.0,1.0,0.966,0.0056,0.9
0.03025330327053404,0.4092600632451996,0.5778810647419425,1.0,1.0,0.0,1.0,0.966,0.0056,0.9
0.07486338636688138,0.23948652243512036,0.569162530241513,1.0,1.0,0.0,1.0,0.966,0.0056,0.9
0.0009181267546482138,0.648331402200219,0.5851149388782665,1.0,1.0,0.0,1.0,0.966,0.0056,0.9
0.12040389583964616,0.11865699631798127,0.5555287829033202,1.0,1.0,0.0,1.0,0.966,0.0056,0.9
0.13676866772923232,0.08672261770864295,0.5477651142639374,1.0,1.0,0.0,1.0,0.966,0.0056,0.9
0.1449381318346138,0.0729767802467111,0.5430585752000365,1.0,1.0,0.0,1.0,0.966,0.0056,0.9
0.0016755704255526234,0.6698053912225711,0.5858335084123858,1.0,1.0,0.0,1.0,0.966,0.0056,0.9
0.11290218507226917,0.1351684661900754,0.5582912532672583,1.0,1.0,0.0,1.0,0.966,0.0056,0.9
0.18953306656449864,0.021056748718360534,0.49418253790437505,1.0,1.0,0.0,1.0,0.966,0.0056,0.9
0.21387350122974222,0.006598712371391606,0.40510671477100496,1.0,1.0,0.0,1.0,0.966,0.0056,0.9
0.12971501664864024,0.09973329880240638,0.5512766280717346,1.0,1.0,0.0,1.0,0.966,0.0056,0.9
0.2125508662164039,0.007093315090785462,0.41280762345868105,1.0,1.0,0.0,1.0,0.966,0.0056,0.9
0.10248713571779347,0.16032293311894183,0.5618370770497212,1.0,1.0,0.0,1.0,0.966,0.0056,0.9
0.0243185891210103,0.44133150136899624,0.5788866326499702,1.0,1.0,0.0,1.0,0.966,0.0056,0.9
0.06099187177685623,0.28617063365508766,0.5721673474786547,1.0,1.0,0.0,1.0,0.966,0.0056,0.9
0.12467846490082313,0.10973624625736063,0.5534875011374816,1.0,1.0,0.0,1.0,0.966,0.0056,0.9
0.08417689013126867,0.2106761692280141,0.567026748598108,1.0,1.0,0.0,1.0,0.966,0.0056,0.9
0.18829692356352695,0.027886519779255253,0.511336140749344,1.0,1.0,0.0,1.0,0.966,0.0056,0.9
0.06938746015235724,0.25717881395056363,0.5704836129916483,1.0,1.0,0.0,1.0,0.966,0.0056,0.9
0.16162540712231302,0.04913641355280491,0.5306381343708155,1.0,1.0,0.0,1.0,0.966,0.0056,0.9
0.11215752289266429,0.13688452005637525,0.558555674972597,1.0,1.0,0.0,1.0,0.966,0.0056,0.9
0.07811525602180988,0.22908369198775727,0.5684886126661113,1.0,1.0,0.0,1.0,0.966,0.0056,0.9
0.09076710749525213,0.19163452751992643,0.5652700053503259,1.0,1.0,0.0,1.0,0.966,0.0056,0.9
0.035903479073651774,0.7758539382699737,0.5883611482032789,1.0,1.0,0.0,1.0,0.966,0.0056,0.9
0.07653972987287236,0.24311387107544696,0.5702102787336835,1.0,1.0,0.0,1.0,0.966,0.0056,0.9
0.1920042218223784,0.018871890337015505,0.4868707574795374,1.0,1.0,0.0,1.0,0.966,0.0056,0.9
0.14376735740737842,0.07928238368131188,0.5439341392552962,1.0,1.0,0.0,1.0,0.966,0.0056,0.9
0.19205053368461292,0.018840555007418883,0.48697460794194164,1.0,1.0,0.0,1.0,0.966,0.0056,0.9
0.03161542899625045,0.40283906050696805,0.5776964069124553,1.0,1.0,0.0,1.0,0.966,0.0056,0.9
0.043025194259529574,0.3541171973375627,0.5756881115110337,1.0,1.0,0.0,1.0,0.966,0.0056,0.9
0.12808429185142384,0.10289728460773828,0.552031852229871,1.0,1.0,0.0,1.0,0.966,0.0056,0.9
0.0004614143412475369,0.6435358254387548,0.5850276043560775,1.0,1.0,0.0,1.0,0.966,0.0056,0.9
0.007183429520111443,0.5408191058289874,0.5821615230203564,1.0,1.0,0.0,1.0,0.966,0.0056,0.9
0.001038134181790227,0.5991176860555492,0.5839698770531129,1.0,1.0,0.0,1.0,0.966,0.0056,0.9
0.053596393843875025,0.3129630049238014,0.5737428781782739,1.0,1.0,0.0,1.0,0.966,0.0056,0.9
0.15316984759785307,0.06046689243313889,0.5372766894704686,1.0,1.0,0.0,1.0,0.966,0.0056,0.9
0.18255399535913733,0.02669857219567786,0.5045489737577733,1.0,1.0,0.0,1.0,0.966,0.0056,0.9
0.07315404725205085,0.24490071775698227,0.569701253910821,1.0,1.0,0.0,1.0,0.966,0.0056,0.9
0.07805323536576968,0.22927615861593392,0.568499544179799,1.0,1.0,0.0,1.0,0.966,0.0056,0.9
0.008651875011164009,0.7129383146526077,0.5868557300550433,1.0,1.0,0.0,1.0,0.966,0.0056,0.9
0.03501953044962297,0.38776240540541695,0.5770990754001284,1.0,1.0,0.0,1.0,0.966,0.0056,0.9
0.019038018017980954,0.46400681604529753,0.5799138409124724,1.0,1.0,0.0,1.0,0.966,0.0056,0.9
0.1731970692371853,0.036372056871383646,0.5200163927070696,1.0,1.0,0.0,1.0,0.966,0.0056,0.9
0.023217425632458877,0.4517390914253314,0.5798194445316776,1.0,1.0,0.0,1.0,0.966,0.0056,0.9
0.034892088368359817,0.7743342386638041,0.5883210366781358,1.0,1.0,0.0,1.0,0.966,0.0056,0.9
0.0005445047116877054,0.6104274046518792,0.584203402829817,1.0,1.0,0.0,1.0,0.966,0.0056,0.9
0.05098852217232501,0.3232802434448279,0.5743458939268852,1.0,1.0,0.0,1.0,0.966,0.0056,0.9
0.01750697095626586,0.47223822062007775,0.580178810378916,1.0,1.0,0.0,1.0,0.966,0.0056,0.9
0.009298018019995035,0.7154821872612084,0.586913853538917,1.0,1.0,0.0,1.0,0.966,0.0056,0.9
0.0006465267066857327,0.6544595100597692,0.585346394359787,1.0,1.0,0.0,1.0,0.966,0.0056,0.9
0.10805678509327721,0.1465629060018991,0.5600145809072908,1.0,1.0,0.0,1.0,0.966,0.0056,0.9
0.04665714601637567,0.34263782582079516,0.5748763010298229,1.0,1.0,0.0,1.0,0.966,0.0056,0.9
0.012931936023133691,0.49858695834331646,0.5810548359655601,1.0,1.0,0.0,1.0,0.966,0.0056,0.9
0.1180609985100042,0.12403550780806671,0.5561297469480028,1.0,1.0,0.0,1.0,0.966,0.0056,0.9
0.028492403800346636,0.41735554038531797,0.5781920329846408,1.0,1.0,0.0,1.0,0.966,0.0056,0.9
0.1175700742369505,0.12469881496764747,0.5565384539628153,1.0,1.0,0.0,1.0,0.966,0.0056,0.9
0.07798007341173022,0.22951696553735834,0.5684877618379894,1.0,1.0,0.0,1.0,0.966,0.0056,0.9
0.03755296968118647,0.37722536435747317,0.5765826926920936,1.0,1.0,0.0,1.0,0.966,0.0056,0.9
0.027883012051848493,0.7627008075618816,0.5880610188782424,1.0,1.0,0.0,1.0,0.966,0.0056,0.9
0.00881676189674625,0.5256152095694036,0.581798441818718,1.0,1.0,0.0,1.0,0.966,0.0056,0.9
0.06541792626857529,0.2707618583786488,0.5712450815069088,1.0,1.0,0.0,1.0,0.966,0.0056,0.9
0.0014898019080759517,0.6686150114091741,0.5857585514964053,1.0,1.0,0.0,1.0,0.966,0.0056,0.9
0.10857903132947723,0.14532042812413454,0.5597776686405386,1.0,1.0,0.0,1.0,0.966,0.0056,0.9
0.04164349693239357,0.3598312673472837,0.5759678351558506,1.0,1.0,0.0,1.0,0.966,0.0056,0.9
0.09723949106613958,0.17394440232514458,0.5634250892047951,1.0,1.0,0.0,1.0,0.966,0.0056,0.9
0.03810858225114394,0.3745280088219983,0.5765810911444412,1.0,1.0,0.0,1.0,0.966,0.0056,0.9
0.006820711672542951,0.5396120990065499,0.582273983727814,1.0,1.0,0.0,1.0,0.966,0.0056,0.9
0.019853297019062133,0.4596979574840752,0.5797466711318958,1.0,1.0,0.0,1.0,0.966,0.0056,0.9
0.06292364645521822,0.27960446115232085,0.5719907527595204,1.0,1.0,0.0,1.0,0.966,0.0056,0.9
0.0239339219331364,0.7552007280433594,0.5878657745941933,1.0,1.0,0.0,1.0,0.966,0.0056,0.9
0.12340443535526906,0.1122988559678327,0.5541479659198052,1.0,1.0,0.0,1.0,0.966,0.0056,0.9
0.06359033930835528,0.27690896569699347,0.5716725970240791,1.0,1.0,0.0,1.0,0.966,0.0056,0.9
0.057862403733754154,0.2972095196586267,0.5728796084677978,1.0,1.0,0.0,1.0,0.966,0.0056,0.9
0.11249339984083488,0.1361219949983489,0.5584845569417616,1.0,1.0,0.0,1.0,0.966,0.0056,0.9
0.007960199057204501,0.7100767671087842,0.5867847878172396,1.0,1.0,0.0,1.0,0.966,0.0056,0.9
0.056172681964406966,0.3033943569099833,0.5731716420246541,1.0,1.0,0.0,1.0,0.966,0.0056,0.9
0.033178190210206425,0.3958575637538528,0.5774299798865524,1.0,1.0,0.0,1.0,0.966,0.0056,0.9
0.004766606377803848,0.5564660080291587,0.5827765433127713,1.0,1.0,0.0,1.0,0.966,0.0056,0.9
0.060133936128553986,0.8049413799443633,0.589038777774852,1.0,1.0,0.0,1.0,0.966,0.0056,0.9
0.0008481952436473737,0.6586741053425258,0.5854613370881748,1.0,1.0,0.0,1.0,0.966,0.0056,0.9
0.02386496178340472,0.43933550034023305,0.5790317246020227,1.0,1.0,0.0,1.0,0.966,0.0056,0.9
0.011836520307565806,0.5052373843297141,0.5812239496449008,1.0,1.0,0.0,1.0,0.966,0.0056,0.9
0.16233263868217884,0.048166563623438914,0.5295374840549988,1.0,1.0,0.0,1.0,0.966,0.0056,0.9
0.09610094915116306,0.17698528214427578,0.5637671370073849,1.0,1.0,0.0,1.0,0.966,0.0056,0.9
0.08470942346977531,0.20916765997672426,0.5669424133410154,1.0,1.0,0.0,1.0,0.966,0.0056,0.9
0.030112069030983003,0.4096767850407466,0.5779728597412467,1.0,1.0,0.0,1.0,0.966,0.0056,0.9
0.028344274634562162,0.41783475319614316,0.5782701843871192,1.0,1.0,0.0,1.0,0.966,0.0056,0.9
0.013737399557941574,0.7304233511575976,0.5872671841464551,1.0,1.0,0.0,1.0,0.966,0.0056,0.9
0.21844280923028844,0.004840418106429319,0.37402370042065763,1.0,1.0,0.0,1.0,0.966,0.0056,0.9
0.028910428732711307,0.4152235614675091,0.5781877545464182,1.0,1.0,0.0,1.0,0.966,0.0056,0.9
0.07038722724783347,0.2540011287685705,0.5703407162725753,1.0,1.0,0.0,1.0,0.966,0.0056,0.9
0.006749974937986164,0.5401580489543807,0.5822849820744243,1.0,1.0,0.0,1.0,0.966,0.0056,0.9
0.013064642838068095,0.49770876386399265,0.5809838942813115,1.0,1.0,0.0,1.0,0.966,0.0056,0.9
0.12150188457270782,0.12779530664072353,0.5585361030553869,1.0,1.0,0.0,1.0,0.966,0.0056,0.9
0.0667676645910755,0.2660602532046195,0.5709797335002853,1.0,1.0,0.0,1.0,0.966,0.0056,0.9
0.18373466726890977,0.025494240031600713,0.503010066901311,1.0,1.0,0.0,1.0,0.966,0.0056,0.9
0.009298274461975044,0.5218359890774104,0.5817653655749662,1.0,1.0,0.0,1.0,0.966,0.0056,0.9
0.05962185752807189,0.2909936699758637,0.5725884216801524,1.0,1.0,0.0,1.0,0.966,0.0056,0.9
0.0691998304005071,0.2578090758185257,0.5705322851892948,1.0,1.0,0.0,1.0,0.966,0.0056,0.9
0.1302626395551315,0.09869518929638518,0.5509637747239075,1.0,1.0,0.0,1.0,0.966,0.0056,0.9
0.000561440208145283,0.6218660111142824,0.5844421446577915,1.0,1.0,0.0,1.0,0.966,0.0056,0.9
0.09262319679286093,0.18653188280284727,0.5648375281770055,1.0,1.0,0.0,1.0,0.966,0.0056,0.9
0.07615695045834836,0.23522897705519807,0.5689604872814652,1.0,1.0,0.0,1.0,0.966,0.0056,0.9
0.03313799269230212,0.3960391170544802,0.5774200151881526,1.0,1.0,0.0,1.0,0.966,0.0056,0.9
0.017562527211173545,0.4719361715227925,0.5801704520271379,1.0,1.0,0.0,1.0,0.966,0.0056,0.9
0.00021196735813088785,0.6443719218985356,0.5851025333407879,1.0,1.0,0.0,1.0,0.966,0.0056,0.9
0.23285115244264568,0.001218328323822932,0.13480223358157145,1.0,1.0,0.0,1.0,0.966,0.0056,0.9
0.13768249512210212,0.08515676515151276,0.5470802881511337,1.0,1.0,0.0,1.0,0.966,0.0056,0.9
0.010213097996982534,0.5156336227278169,0.5815537522256621,1.0,1.0,0.0,1.0,0.966,0.0056,0.9
0.040605050831766,0.3640392878022142,0.5761159437401661,1.0,1.0,0.0,1.0,0.966,0.0056,0.9
0.22258179701682362,0.003519050564075903,0.33170656071127114,1.0,1.0,0.0,1.0,0.966,0.0056,0.9
0.11529590291312912,0.1297374696439868,0.5573980800345305,1.0,1.0,0.0,1.0,0.966,0.0056,0.9
0.009894716251398324,0.5177452515635512,0.5816150677030042,1.0,1.0,0.0,1.0,0.966,0.0056,0.9
0.03083223009644017,0.4064210230248493,0.5778090714559942,1.0,1.0,0.0,1.0,0.966,0.0056,0.9
0.13700844609189478,0.08660357751175901,0.54733555074638,1.0,1.0,0.0,1.0,0.966,0.0056,0.9
0.0017958576851964054,0.5876606580415309,0.5836306283380138,1.0,1.0,0.0,1.0,0.966,0.0056,0.9
0.008269432816562795,0.7113750375160247,0.5868157069640808,1.0,1.0,0.0,1.0,0.966,0.0056,0.9
0.18502203022702465,0.02441617486913434,0.5010991791623657,1.0,1.0,0.0,1.0,0.966,0.0056,0.9
0.18726406220254957,0.022554843431450138,0.49703427417519025,1.0,1.0,0.0,1.0,0.966,0.0056,0.9
0.05909242297241735,0.2927764446930649,0.5726393887023367,1.0,1.0,0.0,1.0,0.966,0.0056,0.9
0.024040947997634062,0.43846478163595104,0.5790021357721348,1.0,1.0,0.0,1.0,0.966,0.0056,0.9
0.040116481023388724,0.36609497776080896,0.5761728937184577,1.0,1.0,0.0,1.0,0.966,0.0056,0.9
0.21022852422252072,0.00826920287336206,0.4294277667772459,1.0,1.0,0.0,1.0,0.966,0.0056,0.9
0.13812584958467605,0.0843396631163995,0.5470263889918504,1.0,1.0,0.0,1.0,0.966,0.0056,0.9
0.02025130584086371,0.45764813390462483,0.5796656087591138,1.0,1.0,0.0,1.0,0.966,0.0056,0.9
0.004645375373849161,0.5575733148717268,0.5827755698690824,1.0,1.0,0.0,1.0,0.966,0.0056,0.9
0.0016274368606787916,0.6701505537611763,0.5857970554215692,1.0,1.0,0.0,1.0,0.966,0.0056,0.9
0.06870505478750305,0.25957753141419215,0.5707021491113223,1.0,1.0,0.0,1.0,0.966,0.0056,0.9
0.1097485388762006,0.14252259948785206,0.5594209335935935,1.0,1.0,0.0,1.0,0.966,0.0056,0.9
0.07703217801629224,0.2367209075516706,0.5685736661196928,1.0,1.0,0.0,1.0,0.966,0.0056,0.9
0.026803206232841752,0.4250979104924489,0.5785250677950536,1.0,1.0,0.0,1.0,0.966,0.0056,0.9
0.11961518960997666,0.12028010166176496,0.5557681238869687,1.0,1.0,0.0,1.0,0.966,0.0056,0.9
0.000753225139883402,0.6578206520599037,0.5855213021446323,1.0,1.0,0.0,1.0,0.966,0.0056,0.9
0.23361283641317496,0.001094546267053799,0.10873680736990532,1.0,1.0,0.0,1.0,0.966,0.0056,0.9
0.1562325921918902,0.05621859120673737,0.5347288781748972,1.0,1.0,0.0,1.0,0.966,0.0056,0.9
0.11326109040502001,0.13449732616981105,0.5583372170107913,1.0,1.0,0.0,1.0,0.966,0.0056,0.9
0.06286860680857977,0.27960135867622904,0.5717760856518375,1.0,1.0,0.0,1.0,0.966,0.0056,0.9
0.21491362095310027,0.006115317447127777,0.39921285531751527,1.0,1.0,0.0,1.0,0.966,0.0056,0.9
0.2238683058688688,0.003181776170270838,0.31967783582574527,1.0,1.0,0.0,1.0,0.966,0.0056,0.9
0.18035559188665345,0.02859483320490298,0.5080545275525158,1.0,1.0,0.0,1.0,0.966,0.0056,0.9
0.0721513368846104,0.24930345613582594,0.5696972050765359,1.0,1.0,0.0,1.0,0.966,0.0056,0.9
0.20199668565700332,0.012375480651997076,0.4592047097092045,1.0,1.0,0.0,1.0,0.966,0.0056,0.9
0.18685091733350895,0.022908084472665312,0.49716667498639466,1.0,1.0,0.0,1.0,0.966,0.0056,0.9
0.17973744776722872,0.02915568729686198,0.509006378666013,1.0,1.0,0.0,1.0,0.966,0.0056,0.9
0.13350287360181343,0.09260844922408899,0.5494254864771595,1.0,1.0,0.0,1.0,0.966,0.0056,0.9
0.1063972149357908,0.1505938380168437,0.5605260164545443,1.0,1.0,0.0,1.0,0.966,0.0056,0.9
0.05199255434884096,0.31897769103544643,0.5739806173572727,1.0,1.0,0.0,1.0,0.966,0.0056,0.9
0.09331091487562763,0.18459250630732477,0.564611911484085,1.0,1.0,0.0,1.0,0.966,0.0056,0.9
0.2024895439077816,0.012057580538463224,0.45771602654521515,1.0,1.0,0.0,1.0,0.966,0.0056,0.9
0.23215315898178043,0.0013439895391770488,0.161584540447461,1.0,1.0,0.0,1.0,0.966,0.0056,0.9
0.14670848924900032,0.07068957920267809,0.5425409891360905,1.0,1.0,0.0,1.0,0.966,0.0056,0.9
0.13333578760654044,0.09364598798373555,0.550173785438834,1.0,1.0,0.0,1.0,0.966,0.0056,0.9
0.1024863832897436,0.16033002135276966,0.5618528999833501,1.0,1.0,0.0,1.0,0.966,0.0056,0.9
0.10344146055626183,0.15799676048859063,0.5614319686643184,1.0,1.0,0.0,1.0,0.966,0.0056,0.9
0.21908509628208847,0.0047935439267070045,0.3690475858136701,1.0,1.0,0.0,1.0,0.966,0.0056,0.9
0.15783096041746428,0.05853556959827527,0.5344648966349064,1.0,1.0,0.0,1.0,0.966,0.0056,0.9
0.030183579672801896,0.40954628200161464,0.5778963541777747,1.0,1.0,0.0,1.0,0.966,0.0056,0.9
0.10638490762473814,0.15101730323780266,0.560387894832548,1.0,1.0,0.0,1.0,0.966,0.0056,0.9
0.0014762231622645144,0.6682380816586547,0.5857290471819069,1.0,1.0,0.0,1.0,0.966,0.0056,0.9
0.06318032244579508,0.27833447167636416,0.571758213527301,1.0,1.0,0.0,1.0,0.966,0.0056,0.9
0.10534295614119331,0.15317643018480315,0.5609050876694308,1.0,1.0,0.0,1.0,0.966,0.0056,0.9
0.07914954334342283,0.22719976596279196,0.5680588987463131,1.0,1.0,0.0,1.0,0.966,0.0056,0.9
0.14035547353592595,0.08075041571734518,0.5461019098909691,1.0,1.0,0.0,1.0,0.966,0.0056,0.9
0.16917159025163425,0.0400922318075438,0.5231499671386629,1.0,1.0,0.0,1.0,0.966,0.0056,0.9
0.02027480234432536,0.7473673730950968,0.5876826406538915,1.0,1.0,0.0,1.0,0.966,0.0056,0.9
0.17797235335309025,0.03105911737437942,0.5114609591780978,1.0,1.0,0.0,1.0,0.966,0.0056,0.9
0.10754726463135164,0.14802105743943794,0.5603790379034816,1.0,1.0,0.0,1.0,0.966,0.0056,0.9
0.1154579724772043,0.12937858130632285,0.557311428067453,1.0,1.0,0.0,1.0,0.966,0.0056,0.9
0.09288177900354626,0.1857460537625652,0.5646795606915335,1.0,1.0,0.0,1.0,0.966,0.0056,0.9
0.2225630968467424,0.0035236890595255733,0.33192517387244735,1.0,1.0,0.0,1.0,0.966,0.0056,0.9
0.14948145079841063,0.06722258844488918,0.5396792233808382,1.0,1.0,0.0,1.0,0.966,0.0056,0.9
0.10992072633325303,0.14212503784825622,0.5593936145769259,1.0,1.0,0.0,1.0,0.966,0.0056,0.9
0.1243249793394173,0.11044043726129078,0.5536582863726172,1.0,1.0,0.0,1.0,0.966,0.0056,0.9
0.2214275564961541,0.0038642007364221398,0.3442250317376578,1.0,1.0,0.0,1.0,0.966,0.0056,0.9
0.0718330105109232,0.24912052580450125,0.569911666008568,1.0,1.0,0.0,1.0,0.966,0.0056,0.9
0.10767575640975162,0.8406007866609004,0.5898766395842134,1.0,1.0,0.0,1.0,0.966,0.0056,0.9
0.2221468328764156,0.0037125899685306733,0.33758184664378793,1.0,1.0,0.0,1.0,0.966,0.0056,0.9
0.12085248430282697,0.11794275703055332,0.5555200173569409,1.0,1.0,0.0,1.0,0.966,0.0056,0.9
0.16514859496075646,0.0447223711473779,0.5267898061267134,1.0,1.0,0.0,1.0,0.966,0.0056,0.9
0.1717827030603809,0.038500160182657346,0.5226308353573546,1.0,1.0,0.0,1.0,0.966,0.0056,0.9
0.08517715608124937,0.20802969963248286,0.5669197118776508,1.0,1.0,0.0,1.0,0.966,0.0056,0.9
0.0016196008184064358,0.6700424670332232,0.585788679297644,1.0,1.0,0.0,1.0,0.966,0.0056,0.9
0.04817157035749035,0.7917959820029964,0.5887838334291836,1.0,1.0,0.0,1.0,0.966,0.0056,0.9
0.04718676938981329,0.33750520603865347,0.5749351228420073,1.0,1.0,0.0,1.0,0.966,0.0056,0.9
0.12620583619198858,0.10750415104904107,0.5526413064076082,1.0,1.0,0.0,1.0,0.966,0.0056,0.9
0.10953685644293601,0.14302518866797767,0.559474916041937,1.0,1.0,0.0,1.0,0.966,0.0056,0.9
0.07172018253372626,0.2494996422415553,0.5699843315841288,1.0,1.0,0.0,1.0,0.966,0.0056,0.9
0.08680066409523354,0.20296529028156546,0.5663337391347009,1.0,1.0,0.0,1.0,0.966,0.0056,0.9
0.21936593449689562,0.004805108206598527,0.36865379278343013,1.0,1.0,0.0,1.0,0.966,0.0056,0.9
0.0004665692614108526,0.6529316687983501,0.5853811111862698,1.0,1.0,0.0,1.0,0.966,0.0056,0.9
0.2246010786570164,0.0029656773186261492,0.30675079811428035,1.0,1.0,0.0,1.0,0.966,0.0056,0.9
0.0002886828452420608,0.635537648517923,0.5850035283724585,1.0,1.0,0.0,1.0,0.966,0.0056,0.9
0.004721462528744216,0.5568731261514736,0.582789450841148,1.0,1.0,0.0,1.0,0.966,0.0056,0.9
0.19690272104330678,0.01553001839299668,0.4745452540182482,1.0,1.0,0.0,1.0,0.966,0.0056,0.9
0.033630914118058394,0.39385179139325144,0.577343003312753,1.0,1.0,0.0,1.0,0.966,0.0056,0.9
0.13604683915702387,0.08813592418009546,0.5483490162116289,1.0,1.0,0.0,1.0,0.966,0.0056,0.9
0.013965881124524585,0.7311073048589871,0.5872865104503812,1.0,1.0,0.0,1.0,0.966,0.0056,0.9
0.20489565374498572,0.010747078331561957,0.44883169273441054,1.0,1.0,0.0,1.0,0.966,0.0056,0.9
0.1419489834844972,0.07782267262524196,0.5447727790775467,1.0,1.0,0.0,1.0,0.966,0.0056,0.9
0.15138607706865534,0.06445403291413458,0.5401688844321371,1.0,1.0,0.0,1.0,0.966,0.0056,0.9
0.17144083465402554,0.037541854714875714,0.5204668504706458,1.0,1.0,0.0,1.0,0.966,0.0056,0.9
0.07682675872906124,0.2332225762130634,0.568716048769285,1.0,1.0,0.0,1.0,0.966,0.0056,0.9
0.03644759214315403,0.3815920209480092,0.576835238613386,1.0,1.0,0.0,1.0,0.966,0.0056,0.9
0.0034607584266219665,0.5687649484584736,0.5831309129610542,1.0,1.0,0.0,1.0,0.966,0.0056,0.9
0.11608992360324624,0.12826332239044894,0.556920275538653,1.0,1.0,0.0,1.0,0.966,0.0056,0.9
0.043756426470598825,0.3511819859339056,0.5755127338380455,1.0,1.0,0.0,1.0,0.966,0.0056,0.9
0.08942964423153718,0.19541352457797317,0.5656347156551103,1.0,1.0,0.0,1.0,0.966,0.0056,0.9
0.1067392853288109,0.14977545142140894,0.5605016630215456,1.0,1.0,0.0,1.0,0.966,0.0056,0.9
0.21285020292534163,0.007007918220734063,0.413586245549071,1.0,1.0,0.0,1.0,0.966,0.0056,0.9
0.22259747979680217,0.0035478495421525738,0.3319044763633014,1.0,1.0,0.0,1.0,0.966,0.0056,0.9
0.12996005373323316,0.099272631400258,0.551216190428348,1.0,1.0,0.0,1.0,0.966,0.0056,0.9
0.00011850379532557501,0.6428903834943259,0.5850942232856008,1.0,1.0,0.0,1.0,0.966,0.0056,0.9
0.1696763974309094,0.03955892876082068,0.5226920711714637,1.0,1.0,0.0,1.0,0.966,0.0056,0.9
0.009676502060357627,0.5194183488374573,0.5817083435727344,1.0,1.0,0.0,1.0,0.966,0.0056,0.9
0.09705621526143425,0.8340220360155693,0.5896884960592722,1.0,1.0,0.0,1.0,0.966,0.0056,0.9
0.017999040843711074,0.7419531157674102,0.5875638842850702,1.0,1.0,0.0,1.0,0.966,0.0056,0.9
0.017181222943508295,0.739911728852678,0.5875100681910633,1.0,1.0,0.0,1.0,0.966,0.0056,0.9
0.1455949314904203,0.07192464428950765,0.5424156228219639,1.0,1.0,0.0,1.0,0.966,0.0056,0.9
0.09228205291204804,0.18741892375036545,0.5648821925423879,1.0,1.0,0.0,1.0,0.966,0.0056,0.9
0.03695953336074105,0.37939458851242047,0.57674597155959,1.0,1.0,0.0,1.0,0.966,0.0056,0.9
0.127074365040154,0.10488875316511569,0.5524787141860749,1.0,1.0,0.0,1.0,0.966,0.0056,0.9
0.07995341206742329,0.2235399305945122,0.5681435250464543,1.0,1.0,0.0,1.0,0.966,0.0056,0.9
0.11806987918704347,0.8459917054095014,0.5899251569964993,1.0,1.0,0.0,1.0,0.966,0.0056,0.9
0.0008392001467799965,0.6570194224332685,0.5854000054592147,1.0,1.0,0.0,1.0,0.966,0.0056,0.9
0.004962875919200292,0.5547054395121738,0.5827123316965748,1.0,1.0,0.0,1.0,0.966,0.0056,0.9
0.1767924733215384,0.032463535781800876,0.5151233030947803,1.0,1.0,0.0,1.0,0.966,0.0056,0.9
0.0030395470820316047,0.5734759335769938,0.5832041487350561,1.0,1.0,0.0,1.0,0.966,0.0056,0.9
0.09765252703482193,0.17286574699513407,0.5633475364656337,1.0,1.0,0.0,1.0,0.966,0.0056,0.9
0.003948522446885896,0.5639318919201604,0.5829860170020486,1.0,1.0,0.0,1.0,0.966,0.0056,0.9
0.20908466874918546,0.008651343920038246,0.4309037244989625,1.0,1.0,0.0,1.0,0.966,0.0056,0.9
0.1531835280593313,0.06055574824750176,0.5370471210686727,1.0,1.0,0.0,1.0,0.966,0.0056,0.9
0.14549394395298038,0.07206172159072202,0.5425780659800236,1.0,1.0,0.0,1.0,0.966,0.0056,0.9
0.0006615047509323322,0.655507637514244,0.5853828574204848,1.0,1.0,0.0,1.0,0.966,0.0056,0.9
0.13096338794492304,0.09762690456906767,0.5504689287067582,1.0,1.0,0.0,1.0,0.966,0.0056,0.9
0.052537857988161664,0.31694599153212283,0.5738656729933983,1.0,1.0,0.0,1.0,0.966,0.0056,0.9
0.07848763513389728,0.2279331601627759,0.5683734339652372,1.0,1.0,0.0,1.0,0.966,0.0056,0.9
0.14363377026039023,0.08002378743649691,0.5469845337990691,1.0,1.0,0.0,1.0,0.966,0.0056,0.9
0.11588467736226202,0.1284216626147211,0.5571695597011227,1.0,1.0,0.0,1.0,0.966,0.0056,0.9
0.03222750474053246,0.4001103556927228,0.577571682016752,1.0,1.0,0.0,1.0,0.966,0.0056,0.9
0.0017683404565117125,0.671626601898449,0.58582833573181,1.0,1.0,0.0,1.0,0.966,0.0056,0.9
0.0041047757699358665,0.5690775517794567,0.5832812130150803,1.0,1.0,0.0,1.0,0.966,0.0056,0.9
0.13301582614019858,0.09353668612122676,0.5497641051476552,1.0,1.0,0.0,1.0,0.966,0.0056,0.9
0.05550945450581139,0.30845396692769694,0.5731818102882886,1.0,1.0,0.0,1.0,0.966,0.0056,0.9
0.0005323599963837233,0.654561760149583,0.585409199728942,1.0,1.0,0.0,1.0,0.966,0.0056,0.9
0.05200115818500626,0.33161018534673153,0.5752258114879633,1.0,1.0,0.0,1.0,0.966,0.0056,0.9
0.17601656412537608,0.032787342027647735,0.5142129305604188,1.0,1.0,0.0,1.0,0.966,0.0056,0.9
0.00895466143558419,0.7141371053247556,0.5868769074802715,1.0,1.0,0.0,1.0,0.966,0.0056,0.9
0.03368220543958116,0.3936254093012084,0.5773351370714764,1.0,1.0,0.0,1.0,0.966,0.0056,0.9
0.010317014904972992,0.5255168589810428,0.5821207476623832,1.0,1.0,0.0,1.0,0.966,0.0056,0.9
0.12615785944292843,0.10671630008660432,0.5528817793139411,1.0,1.0,0.0,1.0,0.966,0.0056,0.9
0.09249274724800319,0.1868262219310902,0.5648088603000405,1.0,1.0,0.0,1.0,0.966,0.0056,0.9
0.0067417568789267775,0.5403365068472717,0.5823199630412532,1.0,1.0,0.0,1.0,0.966,0.0056,0.9
0.08766786349580706,0.20045827527553242,0.5660776570357167,1.0,1.0,0.0,1.0,0.966,0.0056,0.9
0.1676645907533641,0.043800908006420836,0.5277472045595596,1.0,1.0,0.0,1.0,0.966,0.0056,0.9
0.16326772000816273,0.04703310489162492,0.5285855302288861,1.0,1.0,0.0,1.0,0.966,0.0056,0.9
0.07928882416458337,0.22548530963287394,0.5682522763599579,1.0,1.0,0.0,1.0,0.966,0.0056,0.9
0.12713801540570904,0.10561369637380157,0.5522185044848392,1.0,1.0,0.0,1.0,0.966,0.0056,0.9
0.21976383295814025,0.004382551112220648,0.36047539934307044,1.0,1.0,0.0,1.0,0.966,0.0056,0.9
0.14625407447766156,0.07098427728836387,0.5418911541863983,1.0,1.0,0.0,1.0,0.966,0.0056,0.9
0.04644852188709839,0.3404001100433913,0.5750609058838069,1.0,1.0,0.0,1.0,0.966,0.0056,0.9
0.13844269124421973,0.0838591733920223,0.5469830907975083,1.0,1.0,0.0,1.0,0.966,0.0056,0.9
0.04315787308877075,0.35357199050224364,0.5756572399942074,1.0,1.0,0.0,1.0,0.966,0.0056,0.9
0.13458456865703677,0.09557611464826177,0.5514492925899254,1.0,1.0,0.0,1.0,0.966,0.0056,0.9
0.020804118284583242,0.4567762481911427,0.5795036449297536,1.0,1.0,0.0,1.0,0.966,0.0056,0.9
0.040762990648696255,0.363584273095922,0.576155444039064,1.0,1.0,0.0,1.0,0.966,0.0056,0.9
0.14767215600705197,0.07020110723603397,0.5427100758269205,1.0,1.0,0.0,1.0,0.966,0.0056,0.9
0.07212008933722461,0.24854946614586831,0.569755049225726,1.0,1.0,0.0,1.0,0.966,0.0056,0.9
0.052182886325502734,0.3184837488718454,0.57389839867237,1.0,1.0,0.0,1.0,0.966,0.0056,0.9
0.08408030538945321,0.2141087162607488,0.5677495910404988,1.0,1.0,0.0,1.0,0.966,0.0056,0.9
0.03924769730424394,0.3698842846409273,0.5764222869400134,1.0,1.0,0.0,1.0,0.966,0.0056,0.9
0.0806922057068118,0.22115583928523933,0.5678898181347374,1.0,1.0,0.0,1.0,0.966,0.0056,0.9
0.15234062796290151,0.062255717172877895,0.5375761126203723,1.0,1.0,0.0,1.0,0.966,0.0056,0.9
0.13512459373271357,0.0896913847849373,0.5487016042776885,1.0,1.0,0.0,1.0,0.966,0.0056,0.9
0.05446918725369642,0.3098327069420456,0.5736153615643926,1.0,1.0,0.0,1.0,0.966,0.0056,0.9
0.04810102796246535,0.33392657716960905,0.5747661072843827,1.0,1.0,0.0,1.0,0.966,0.0056,0.9
0.2142544459561713,0.006423978390252686,0.4026004845802459,1.0,1.0,0.0,1.0,0.966,0.0056,0.9
0.09513917851655913,0.17957879569052312,0.564025533880643,1.0,1.0,0.0,1.0,0.966,0.0056,0.9
0.05829151268089539,0.2957016004889775,0.5728253632520384,1.0,1.0,0.0,1.0,0.966,0.0056,0.9
0.13906126687716944,0.08274187560205712,0.5463338058356377,1.0,1.0,0.0,1.0,0.966,0.0056,0.9
0.03727526864058705,0.37881179879944543,0.5768574505843713,1.0,1.0,0.0,1.0,0.966,0.0056,0.9
0.15257309937036478,0.061338419100890454,0.5378074473498904,1.0,1.0,0.0,1.0,0.966,0.0056,0.9
0.0034384009685985185,0.5703333374571139,0.5832286894180531,1.0,1.0,0.0,1.0,0.966,0.0056,0.9
0.08370212724816635,0.8248846974237961,0.5894856130711362,1.0,1.0,0.0,1.0,0.966,0.0056,0.9
0.015095998925519865,0.7342958939868282,0.5873506232966296,1.0,1.0,0.0,1.0,0.966,0.0056,0.9
0.17245069968144117,0.039055332633092396,0.5237371908604606,1.0,1.0,0.0,1.0,0.966,0.0056,0.9
0.20381236072362335,0.011628052137234498,0.4570522634273546,1.0,1.0,0.0,1.0,0.966,0.0056,0.9
0.03974921664284943,0.7813536051815497,0.5884757229775746,1.0,1.0,0.0,1.0,0.966,0.0056,0.9
0.019337831412594046,0.462453314255277,0.579825253675683,1.0,1.0,0.0,1.0,0.966,0.0056,0.9
0.08656495288126267,0.20367054632950274,0.5663445416269434,1.0,1.0,0.0,1.0,0.966,0.0056,0.9
0.07254322139844506,0.2468058614021953,0.5697858727089486,1.0,1.0,0.0,1.0,0.966,0.0056,0.9
0.11520436151418345,0.12996589028019456,0.5575000251138037,1.0,1.0,0.0,1.0,0.966,0.0056,0.9
0.08914285500834469,0.20544225078298503,0.5673736194418548,1.0,1.0,0.0,1.0,0.966,0.0056,0.9
0.04748567500991574,0.3363111851263916,0.5748536195973764,1.0,1.0,0.0,1.0,0.966,0.0056,0.9
0.11162596057621667,0.13963646883735276,0.5594623621844735,1.0,1.0,0.0,1.0,0.966,0.0056,0.9
0.10288542512126034,0.15932089350793738,0.5616701880720408,1.0,1.0,0.0,1.0,0.966,0.0056,0.9
0.025338606165180758,0.43211657193088276,0.5787972677274091,1.0,1.0,0.0,1.0,0.966,0.0056,0.9
0.01615929547724106,0.4798131244580356,0.5803910946126676,1.0,1.0,0.0,1.0,0.966,0.0056,0.9
0.20234279064296878,0.012218895686089477,0.45975993934856185,1.0,1.0,0.0,1.0,0.966,0.0056,0.9
0.034440815462413656,0.39058597070951934,0.5772867065988002,1.0,1.0,0.0,1.0,0.966,0.0056,0.9
0.01649835259769307,0.47837617496219537,0.5803028391193462,1.0,1.0,0.0,1.0,0.966,0.0056,0.9
0.0009110225625590661,0.6358205119454798,0.5847648752529792,1.0,1.0,0.0,1.0,0.966,0.0056,0.9
0.09656525494862513,0.17579065032703212,0.5635611076478674,1.0,1.0,0.0,1.0,0.966,0.0056,0.9
0.020963666647527333,0.4547617550841403,0.5794884527637874,1.0,1.0,0.0,1.0,0.966,0.0056,0.9
0.19962234017349662,0.013827931430322746,0.46675463445435383,1.0,1.0,0.0,1.0,0.966,0.0056,0.9
0.15420298786986017,0.06327035530107686,0.5403302272784535,1.0,1.0,0.0,1.0,0.966,0.0056,0.9
0.0311412592567263,0.40498415011084415,0.5777871052725255,1.0,1.0,0.0,1.0,0.966,0.0056,0.9
0.21137608292464696,0.007744444469337825,0.41997213018336715,1.0,1.0,0.0,1.0,0.966,0.0056,0.9
0.07586724073875603,0.2362100999381793,0.5689534456520768,1.0,1.0,0.0,1.0,0.966,0.0056,0.9
0.12355481247759482,0.11436799530278163,0.5552804808234151,1.0,1.0,0.0,1.0,0.966,0.0056,0.9
0.025577748918582353,0.7584351195528821,0.5879499003085381,1.0,1.0,0.0,1.0,0.966,0.0056,0.9
0.07135678606706387,0.25526759302048474,0.5698819110732164,1.0,1.0,0.0,1.0,0.966,0.0056,0.9
0.05640375462651111,0.30381751549431074,0.5730193574252652,1.0,1.0,0.0,1.0,0.966,0.0056,0.9
0.07337188016898069,0.2464744596610776,0.5694044656831164,1.0,1.0,0.0,1.0,0.966,0.0056,0.9
0.01278821492689967,0.49939436578378654,0.5810685220926194,1.0,1.0,0.0,1.0,0.966,0.0056,0.9
0.08821917910539286,0.19984202376985014,0.5663116852388843,1.0,1.0,0.0,1.0,0.966,0.0056,0.9
0.13624737675898127,0.09246328364073793,0.5506280490286196,1.0,1.0,0.0,1.0,0.966,0.0056,0.9
0.06490014296609702,0.2724132418033849,0.5713847390910234,1.0,1.0,0.0,1.0,0.966,0.0056,0.9
0.012130027137675145,0.50339816675716,0.5811757189946708,1.0,1.0,0.0,1.0,0.966,0.0056,0.9
0.152478250017689,0.06146735906880209,0.537836632696753,1.0,1.0,0.0,1.0,0.966,0.0056,0.9
0.03581462471197324,0.38437246428523797,0.5769962947241027,1.0,1.0,0.0,1.0,0.966,0.0056,0.9
0.13001833302665497,0.1028460188491957,0.5510595739235907,1.0,1.0,0.0,1.0,0.966,0.0056,0.9
0.0532043337862617,0.3143818232416472,0.573780624127075,1.0,1.0,0.0,1.0,0.966,0.0056,0.9
0.10542481610823481,0.16020659223614298,0.5627428831095699,1.0,1.0,0.0,1.0,0.966,0.0056,0.9
0.0028999742949365965,0.6817699733513135,0.5860943259960406,1.0,1.0,0.0,1.0,0.966,0.0056,0.9
0.01855826544845462,0.46655833568844307,0.579995545305477,1.0,1.0,0.0,1.0,0.966,0.0056,0.9
0.0002675553011416985,0.6453012262995946,0.5852173519119448,1.0,1.0,0.0,1.0,0.966,0.0056,0.9
0.000107715018576749,0.6229831579882663,0.5845632251713583,1.0,1.0,0.0,1.0,0.966,0.0056,0.9
0.05888247308442965,0.2944328042229233,0.5728927206814348,1.0,1.0,0.0,1.0,0.966,0.0056,0.9
0.16119146893032568,0.04966598906543363,0.5304781742531981,1.0,1.0,0.0,1.0,0.966,0.0056,0.9
0.05273428330929083,0.31637957202498485,0.5739615242812792,1.0,1.0,0.0,1.0,0.966,0.0056,0.9
0.15586979426606498,0.060928582009515404,0.5392054506050159,1.0,1.0,0.0,1.0,0.966,0.0056,0.9
0.0030961912645314964,0.5734390971205414,0.5831836202277945,1.0,1.0,0.0,1.0,0.966,0.0056,0.9
0.06646014850007428,0.26740673345897725,0.5709964229148347,1.0,1.0,0.0,1.0,0.966,0.0056,0.9
0.20178152790039042,0.012499532681174845,0.4599251818568434,1.0,1.0,0.0,1.0,0.966,0.0056,0.9
0.01951984418738334,0.46166433577703486,0.5798716516117157,1.0,1.0,0.0,1.0,0.966,0.0056,0.9
0.036517166143784405,0.3812857589053836,0.5768423988523658,1.0,1.0,0.0,1.0,0.966,0.0056,0.9
0.04928114528700146,0.32932793751591355,0.5745083396146947,1.0,1.0,0.0,1.0,0.966,0.0056,0.9
0.14201972233636528,0.07801437330590683,0.5451941470547131,1.0,1.0,0.0,1.0,0.966,0.0056,0.9
0.00041248498413352333,0.6373932891979224,0.5850670681135218,1.0,1.0,0.0,1.0,0.966,0.0056,0.9
0.03140669449757526,0.4040451894558379,0.5776767855119148,1.0,1.0,0.0,1.0,0.966,0.0056,0.9
0.029579715701703042,0.41216807656304155,0.5780229015960899,1.0,1.0,0.0,1.0,0.966,0.0056,0.9
0.044926668613497395,0.34648929956957814,0.5753621452237148,1.0,1.0,0.0,1.0,0.966,0.0056,0.9
0.13199440845219282,0.09545041175814081,0.5500708934506479,1.0,1.0,0.0,1.0,0.966,0.0056,0.9
0.003175385363044438,0.6838410174586105,0.5861294804420153,1.0,1.0,0.0,1.0,0.966,0.0056,0.9
0.10617642677640125,0.16619320002936072,0.5612667842190111,1.0,1.0,0.0,1.0,0.966,0.0056,0.9
0.0007044741475601601,0.6057798849249735,0.5841629259922846,1.0,1.0,0.0,1.0,0.966,0.0056,0.9
0.020823619422222654,0.45473810659433106,0.5795536963407736,1.0,1.0,0.0,1.0,0.966,0.0056,0.9
0.038695737372830045,0.37277422332926935,0.5766065682092971,1.0,1.0,0.0,1.0,0.966,0.0056,0.9
0.12925537579184065,0.10125449384445545,0.551241831812889,1.0,1.0,0.0,1.0,0.966,0.0056,0.9
0.11372458322052655,0.1342299453922248,0.5577510315789493,1.0,1.0,0.0,1.0,0.966,0.0056,0.9
0.20055032517431437,0.013253805592768422,0.46389011268546176,1.0,1.0,0.0,1.0,0.966,0.0056,0.9
0.003643088329918442,0.6872033811034599,0.5862295269435774,1.0,1.0,0.0,1.0,0.966,0.0056,0.9
0.03244733054075594,0.39910955282032984,0.5775568756248164,1.0,1.0,0.0,1.0,0.966,0.0056,0.9
0.12291646730048562,0.11434804385119321,0.555029917770265,1.0,1.0,0.0,1.0,0.966,0.0056,0.9
0.0360931020593766,0.38310917347017986,0.5769092193702071,1.0,1.0,0.0,1.0,0.966,0.0056,0.9
0.04306707823914963,0.35394050338082383,0.575657022831413,1.0,1.0,0.0,1.0,0.966,0.0056,0.9
0.06501051978214167,0.27239261655149694,0.5713019213962997,1.0,1.0,0.0,1.0,0.966,0.0056,0.9
0.13908715345851705,0.09240987131146267,0.5511679155861876,1.0,1.0,0.0,1.0,0.966,0.0056,0.9
0.14167290053602943,0.07857559914332442,0.5446821891609632,1.0,1.0,0.0,1.0,0.966,0.0056,0.9
0.20585276149221376,0.01051562459164717,0.44578315063244833,1.0,1.0,0.0,1.0,0.966,0.0056,0.9
0.07040118037233081,0.253828809639058,0.5702730735552748,1.0,1.0,0.0,1.0,0.966,0.0056,0.9
0.12479234575824369,0.11437778405657212,0.5556059718500563,1.0,1.0,0.0,1.0,0.966,0.0056,0.9
0.18519023889878522,0.024557795881852945,0.5001409357482816,1.0,1.0,0.0,1.0,0.966,0.0056,0.9
0.05112876738726965,0.3222627326632542,0.5742045997704791,1.0,1.0,0.0,1.0,0.966,0.0056,0.9
0.0364349974303812,0.3816454301346919,0.576837968723673,1.0,1.0,0.0,1.0,0.966,0.0056,0.9
0.05732419906798502,0.2991611282551469,0.5729816797555851,1.0,1.0,0.0,1.0,0.966,0.0056,0.9
0.053530967118195806,0.31333306122689975,0.5736495025623775,1.0,1.0,0.0,1.0,0.966,0.0056,0.9
0.19843664691542676,0.014869930133622722,0.4739644970566319,1.0,1.0,0.0,1.0,0.966,0.0056,0.9
0.0703908383989332,0.25403453398712955,0.570168011079829,1.0,1.0,0.0,1.0,0.966,0.0056,0.9
0.04257527559059448,0.3559386202358585,0.5757524973142744,1.0,1.0,0.0,1.0,0.966,0.0056,0.9
0.005246877322562278,0.697022741536609,0.5864662082319857,1.0,1.0,0.0,1.0,0.966,0.0056,0.9
0.08894610150987434,0.19681211541006038,0.5657999852599493,1.0,1.0,0.0,1.0,0.966,0.0056,0.9
0.05426304520492458,0.3138010542465198,0.5734280221510061,1.0,1.0,0.0,1.0,0.966,0.0056,0.9
0.002000634290287532,0.5849963117298096,0.5835690837039363,1.0,1.0,0.0,1.0,0.966,0.0056,0.9
0.2029008031775972,0.012305394306092886,0.45730468828750404,1.0,1.0,0.0,1.0,0.966,0.0056,0.9
0.1876212408864637,0.022245464778415915,0.49614775258467303,1.0,1.0,0.0,1.0,0.966,0.0056,0.9
0.1438579804047165,0.07474656818836471,0.5434641494020717,1.0,1.0,0.0,1.0,0.966,0.0056,0.9
0.033367538820216994,0.3950290487130839,0.5773751719940268,1.0,1.0,0.0,1.0,0.966,0.0056,0.9
0.05307675094031347,0.3152860352743553,0.5739359797832932,1.0,1.0,0.0,1.0,0.966,0.0056,0.9
0.05954529283270698,0.2912144375454396,0.572584453814726,1.0,1.0,0.0,1.0,0.966,0.0056,0.9
0.20725089598164168,0.009528743154584426,0.43924451024899114,1.0,1.0,0.0,1.0,0.966,0.0056,0.9
0.040109502605944515,0.3661020534534699,0.5762100009470638,1.0,1.0,0.0,1.0,0.966,0.0056,0.9
0.0004838406803911833,0.618341431102301,0.5843711647574873,1.0,1.0,0.0,1.0,0.966,0.0056,0.9
0.053017274444075266,0.3153020488777678,0.5737425596196128,1.0,1.0,0.0,1.0,0.966,0.0056,0.9
0.0887490783084483,0.19735798218031986,0.5657859436801543,1.0,1.0,0.0,1.0,0.966,0.0056,0.9
0.0377089820322655,0.3762229060639916,0.5766516335738013,1.0,1.0,0.0,1.0,0.966,0.0056,0.9
0.21000881431152174,0.008242163352233451,0.4264221298528921,1.0,1.0,0.0,1.0,0.966,0.0056,0.9
0.20809078971018216,0.009104552379984832,0.43562020041885896,1.0,1.0,0.0,1.0,0.966,0.0056,0.9
0.0059551421331049325,0.5466112654601787,0.5825096305644489,1.0,1.0,0.0,1.0,0.966,0.0056,0.9
0.10555824312388283,0.1526577328025991,0.5607962255701954,1.0,1.0,0.0,1.0,0.966,0.0056,0.9
0.030407068716540028,0.7670290368032147,0.5881167797222693,1.0,1.0,0.0,1.0,0.966,0.0056,0.9
0.0056585118521614,0.5491314093242012,0.5825125725750346,1.0,1.0,0.0,1.0,0.966,0.0056,0.9
0.01446716369541175,0.48937219797483955,0.5807387983000097,1.0,1.0,0.0,1.0,0.966,0.0056,0.9
0.0014598598854225497,0.6682372660902729,0.5857589118587853,1.0,1.0,0.0,1.0,0.966,0.0056,0.9
0.001403105899547529,0.6672359659360024,0.5856978979495695,1.0,1.0,0.0,1.0,0.966,0.0056,0.9
0.03802583921594976,0.374930919352001,0.5765312326523407,1.0,1.0,0.0,1.0,0.966,0.0056,0.9
0.03500648678781996,0.3878192124088399,0.5771016589383249,1.0,1.0,0.0,1.0,0.966,0.0056,0.9
0.01229234666321181,0.5023949429327016,0.5811444248159189,1.0,1.0,0.0,1.0,0.966,0.0056,0.9
0.029037806231131766,0.41464960212634006,0.5781719650109215,1.0,1.0,0.0,1.0,0.966,0.0056,0.9
0.15494466533652254,0.058076662182772194,0.5356851975517539,1.0,1.0,0.0,1.0,0.966,0.0056,0.9
0.000643259292203594,0.6063736985607958,0.5841367655579063,1.0,1.0,0.0,1.0,0.966,0.0056,0.9
0.10307217336391689,0.1597959971830764,0.5620935065207026,1.0,1.0,0.0,1.0,0.966,0.0056,0.9
0.00438291349490048,0.5598869423641049,0.5828494080697822,1.0,1.0,0.0,1.0,0.966,0.0056,0.9
0.0009169486353542614,0.6010210712847118,0.5840018948287227,1.0,1.0,0.0,1.0,0.966,0.0056,0.9
0.12231814550579728,0.11553817228437324,0.5552527534064482,1.0,1.0,0.0,1.0,0.966,0.0056,0.9
0.009374623645902611,0.521394598399884,0.5817617759246073,1.0,1.0,0.0,1.0,0.966,0.0056,0.9
0.023985745094138505,0.4387210595131391,0.5790202769395912,1.0,1.0,0.0,1.0,0.966,0.0056,0.9
0.003153446553897605,0.5718252999106792,0.5832045525565449,1.0,1.0,0.0,1.0,0.966,0.0056,0.9
0.011099980609311933,0.5099264024462058,0.5813982161797485,1.0,1.0,0.0,1.0,0.966,0.0056,0.9
0.012452880342634712,0.5014082884463322,0.5811116151166152,1.0,1.0,0.0,1.0,0.966,0.0056,0.9
0.03729101705409758,0.3779736959685392,0.5767068779020205,1.0,1.0,0.0,1.0,0.966,0.0056,0.9
0.003856786858331405,0.5647999824249356,0.5829908930582065,1.0,1.0,0.0,1.0,0.966,0.0056,0.9
0.018515435744271242,0.46681187038141586,0.5799769086244967,1.0,1.0,0.0,1.0,0.966,0.0056,0.9
0.08252328347115219,0.2678277112543087,0.5727322458967653,1.0,1.0,0.0,1.0,0.966,0.0056,0.9
0.0014153113200291614,0.5934535469731154,0.5838293316899777,1.0,1.0,0.0,1.0,0.966,0.0056,0.9
0.09957284501742944,0.16791676043274964,0.5626330172962721,1.0,1.0,0.0,1.0,0.966,0.0056,0.9
0.041441739511801495,0.3608202683082831,0.5760417733637831,1.0,1.0,0.0,1.0,0.966,0.0056,0.9
0.02809169846329581,0.41903209674218594,0.5782948940417039,1.0,1.0,0.0,1.0,0.966,0.0056,0.9
0.015838597390505263,0.48156530572934136,0.5804571526579305,1.0,1.0,0.0,1.0,0.966,0.0056,0.9
0.0374315014368689,0.379384241769167,0.5765602809661694,1.0,1.0,0.0,1.0,0.966,0.0056,0.9
0.00014240640961467693,0.6391158537985862,0.5850593813381206,1.0,1.0,0.0,1.0,0.966,0.0056,0.9
0.02465607553006119,0.43546801004558905,0.5788886265008196,1.0,1.0,0.0,1.0,0.966,0.0056,0.9
0.0008352696372465358,0.6588567335995307,0.5855543933093452,1.0,1.0,0.0,1.0,0.966,0.0056,0.9
0.1189706810462433,0.12279379648055751,0.5566469566482123,1.0,1.0,0.0,1.0,0.966,0.0056,0.9
0.0009019434084621746,0.6209798324683493,0.5843830404411978,1.0,1.0,0.0,1.0,0.966,0.0056,0.9
0.000851246202584538,0.6030819483226262,0.5840184286779715,1.0,1.0,0.0,1.0,0.966,0.0056,0.9
0.014550703611650662,0.4888829177239065,0.5807162356574778,1.0,1.0,0.0,1.0,0.966,0.0056,0.9
0.01136182562104315,0.5083477642116859,0.5813627269621582,1.0,1.0,0.0,1.0,0.966,0.0056,0.9
0.015506815210523928,0.4833850193452586,0.58054436866554,1.0,1.0,0.0,1.0,0.966,0.0056,0.9
0.0026739724578044425,0.6799583689284668,0.5860383641800165,1.0,1.0,0.0,1.0,0.966,0.0056,0.9
6.689151197003156e-5,0.6402450727859799,0.5850266247625108,1.0,1.0,0.0,1.0,0.966,0.0056,0.9
0.0036275691917463933,0.5670085868351539,0.5830627846644613,1.0,1.0,0.0,1.0,0.966,0.0056,0.9
0.07459956317829872,0.24018055981122527,0.5693222689169736,1.0,1.0,0.0,1.0,0.966,0.0056,0.9
0.07469923450782955,0.2634366968039976,0.5719259897306576,1.0,1.0,0.0,1.0,0.966,0.0056,0.9
1.2408725023585462e-5,0.6344130692620878,0.584901321368655,1.0,1.0,0.0,1.0,0.966,0.0056,0.9
0.0004099466411824176,0.6519291100055482,0.5853424793165367,1.0,1.0,0.0,1.0,0.966,0.0056,0.9
7.119246483554674e-6,0.6350464853877765,0.5849052499860448,1.0,1.0,0.0,1.0,0.966,0.0056,0.9
0.03001948046838812,0.4101195594684861,0.5779980094599421,1.0,1.0,0.0,1.0,0.966,0.0056,0.9
0.016693467340458568,0.4767194495281089,0.5803175732017832,1.0,1.0,0.0,1.0,0.966,0.0056,0.9
0.0001564126456525606,0.6198294718736491,0.5845017769189024,1.0,1.0,0.0,1.0,0.966,0.0056,0.9
5.639198623803617e-5,0.6249849047150023,0.5846441587068303,1.0,1.0,0.0,1.0,0.966,0.0056,0.9
7.711671803221143e-5,0.6251837688679509,0.5846180030346314,1.0,1.0,0.0,1.0,0.966,0.0056,0.9
0.0014804629904745592,0.5920099004559887,0.5837555854467807,1.0,1.0,0.0,1.0,0.966,0.0056,0.9
1.865210561482263e-5,0.6367200696603753,0.584944671219874,1.0,1.0,0.0,1.0,0.966,0.0056,0.9
0.001982931068788444,0.5852174757318802,0.5835740528502952,1.0,1.0,0.0,1.0,0.966,0.0056,0.9
6.325521116580358e-5,0.6247347999657855,0.5846222125848539,1.0,1.0,0.0,1.0,0.966,0.0056,0.9
9.897907904090586e-5,0.641548884545748,0.5850893517286962,1.0,1.0,0.0,1.0,0.966,0.0056,0.9
0.2436465342492718,0.8919308573849135,0.5911057461289697,1.0,1.0,0.0,1.0,0.966,0.0056,0.9
0.0458005982345821,0.3633323117040424,0.5754164775109973,1.0,1.0,0.0,1.0,0.966,0.0056,0.9
0.00013163519405219733,0.6435764803892725,0.5851300947954362,1.0,1.0,0.0,1.0,0.966,0.0056,0.9
0.22173999135352385,0.0037648813038611575,0.34222475854825873,1.0,1.0,0.0,1.0,0.966,0.0056,0.9
7.436072823605775e-5,0.6242624859110338,0.5846055238985578,1.0,1.0,0.0,1.0,0.966,0.0056,0.9
0.11632407275882914,0.12744450467981255,0.5570082711099601,1.0,1.0,0.0,1.0,0.966,0.0056,0.9
0.19302078251441332,0.018135066559591326,0.4845552019058808,1.0,1.0,0.0,1.0,0.966,0.0056,0.9
0.0013964285995130745,0.5933410312210947,0.5837777656543396,1.0,1.0,0.0,1.0,0.966,0.0056,0.9
0.0017999880719722096,0.5899820293412232,0.5837787918421612,1.0,1.0,0.0,1.0,0.966,0.0056,0.9
0.23065943479029252,0.00164775406060892,0.2001771120847729,1.0,1.0,0.0,1.0,0.966,0.0056,0.9
9.033707514786884e-5,0.625662507529775,0.5846931966336396,1.0,1.0,0.0,1.0,0.966,0.0056,0.9
0.1043785350434298,0.15556871044326492,0.561226534137799,1.0,1.0,0.0,1.0,0.966,0.0056,0.9
1.9008162398043077e-5,0.6355294140299136,0.5848986646915203,1.0,1.0,0.0,1.0,0.966,0.0056,0.9
0.1634851602649392,0.046951701618852114,0.5282525154624299,1.0,1.0,0.0,1.0,0.966,0.0056,0.9
3.583646660975858e-5,0.6383207647685474,0.5849839014291146,1.0,1.0,0.0,1.0,0.966,0.0056,0.9
0.19545098220294577,0.016483990156623104,0.4783811349150777,1.0,1.0,0.0,1.0,0.966,0.0056,0.9
0.18940626447586414,0.020832455017591633,0.49258419277717064,1.0,1.0,0.0,1.0,0.966,0.0056,0.9
5.852519970631713e-5,0.6342320124504943,0.5849205880337038,1.0,1.0,0.0,1.0,0.966,0.0056,0.9
3.0407537544134275e-5,0.6272034008167782,0.5847064784638409,1.0,1.0,0.0,1.0,0.966,0.0056,0.9
1.3609408446457535e-5,0.62881295934219,0.584737491401769,1.0,1.0,0.0,1.0,0.966,0.0056,0.9
0.022269049045423733,0.4472752472352878,0.5793305536791721,1.0,1.0,0.0,1.0,0.966,0.0056,0.9
0.0020433161303904973,0.5844487470030256,0.5835491056974856,1.0,1.0,0.0,1.0,0.966,0.0056,0.9
0.01628943398124674,0.4789677783095164,0.58039586764961,1.0,1.0,0.0,1.0,0.966,0.0056,0.9
0.00028811315009934983,0.6151922886771574,0.5843805601291948,1.0,1.0,0.0,1.0,0.966,0.0056,0.9
0.15887549820232238,0.05260875525040042,0.5326881027701255,1.0,1.0,0.0,1.0,0.966,0.0056,0.9
0.20240649054497742,0.012102200535875435,0.45833310668599636,1.0,1.0,0.0,1.0,0.966,0.0056,0.9
0.09235698268122032,0.18795938575240076,0.5646472597431449,1.0,1.0,0.0,1.0,0.966,0.0056,0.9
2.036154426830471e-5,0.6294284163281225,0.584773703835925,1.0,1.0,0.0,1.0,0.966,0.0056,0.9
0.14836724524631828,0.06765437016112381,0.5405222987042534,1.0,1.0,0.0,1.0,0.966,0.0056,0.9
0.17514098568505662,0.033608032892000345,0.5155531150714986,1.0,1.0,0.0,1.0,0.966,0.0056,0.9
0.13531454205638532,0.08941900194985763,0.5483170823196907,1.0,1.0,0.0,1.0,0.966,0.0056,0.9
0.1980175100726476,0.014753763560222398,0.4719662238684707,1.0,1.0,0.0,1.0,0.966,0.0056,0.9
0.1996598619385337,0.013798652312536427,0.46813292905551174,1.0,1.0,0.0,1.0,0.966,0.0056,0.9
0.16020604262670787,0.05087319675712481,0.5314848174298707,1.0,1.0,0.0,1.0,0.966,0.0056,0.9
0.0030687820778284337,0.682844698993023,0.5861418930315957,1.0,1.0,0.0,1.0,0.966,0.0056,0.9
0.17531593025200495,0.03342899114701417,0.5153378270762564,1.0,1.0,0.0,1.0,0.966,0.0056,0.9
0.11649781634078203,0.1270930530012522,0.5570231789354961,1.0,1.0,0.0,1.0,0.966,0.0056,0.9
0.11204000554824727,0.1371564091670838,0.5586024529821435,1.0,1.0,0.0,1.0,0.966,0.0056,0.9
0.12732055319246097,0.10642182391057614,0.5521603818440832,1.0,1.0,0.0,1.0,0.966,0.0056,0.9
0.09593353730391485,0.17749849614326096,0.5637379626965653,1.0,1.0,0.0,1.0,0.966,0.0056,0.9
0.00022151077909891089,0.6173679988131884,0.5844388356038603,1.0,1.0,0.0,1.0,0.966,0.0056,0.9
0.10856110353284544,0.14535108686823647,0.5598129804059835,1.0,1.0,0.0,1.0,0.966,0.0056,0.9
0.05332058404474959,0.31396391305835075,0.5737787603466913,1.0,1.0,0.0,1.0,0.966,0.0056,0.9
0.08738531644153226,0.20131523114439992,0.5661144395235821,1.0,1.0,0.0,1.0,0.966,0.0056,0.9
0.1617491259706597,0.04889042936059975,0.5301561978884523,1.0,1.0,0.0,1.0,0.966,0.0056,0.9
0.13074576043387695,0.10037180083282674,0.5506003622968221,1.0,1.0,0.0,1.0,0.966,0.0056,0.9
0.15856961903850195,0.8627671643764369,0.5905988981975447,1.0,1.0,0.0,1.0,0.966,0.0056,0.9
0.18567644868615224,0.023836188009249012,0.4995708229993903,1.0,1.0,0.0,1.0,0.966,0.0056,0.9
0.11206731779518418,0.13744348415237598,0.5584144230027674,1.0,1.0,0.0,1.0,0.966,0.0056,0.9
0.14386536013843837,0.07468186239389109,0.5436540914204078,1.0,1.0,0.0,1.0,0.966,0.0056,0.9
0.0843534626221426,0.21014187656809208,0.5669630721636678,1.0,1.0,0.0,1.0,0.966,0.0056,0.9
0.057479740478097674,0.2985981779469239,0.572930311895643,1.0,1.0,0.0,1.0,0.966,0.0056,0.9
0.03667652484224489,0.3806020068449368,0.5768148256079618,1.0,1.0,0.0,1.0,0.966,0.0056,0.9
0.02745730890881472,0.42199456119138345,0.5784218632169692,1.0,1.0,0.0,1.0,0.966,0.0056,0.9
0.012251227870994823,0.502844417083464,0.5811990391416989,1.0,1.0,0.0,1.0,0.966,0.0056,0.9
0.07215421027330648,0.24845513200088232,0.5697454982341487,1.0,1.0,0.0,1.0,0.966,0.0056,0.9
0.13353527019232858,0.09254847635250098,0.5493912702033401,1.0,1.0,0.0,1.0,0.966,0.0056,0.9
0.11057917202960947,0.8422735574363701,0.5899171603149778,1.0,1.0,0.0,1.0,0.966,0.0056,0.9
0.07797407126748059,0.2296343346106291,0.5686048269838396,1.0,1.0,0.0,1.0,0.966,0.0056,0.9
0.09271863654849984,0.18623898075029865,0.5646683230620164,1.0,1.0,0.0,1.0,0.966,0.0056,0.9
0.18167239409388466,0.027581556973727148,0.5075478481631678,1.0,1.0,0.0,1.0,0.966,0.0056,0.9
0.04709561217321012,0.3454007167193054,0.5748513517560822,1.0,1.0,0.0,1.0,0.966,0.0056,0.9
0.10134667116177289,0.16326873278953927,0.5622546454338514,1.0,1.0,0.0,1.0,0.966,0.0056,0.9
0.199108958012136,0.014135475675053829,0.4682918226021552,1.0,1.0,0.0,1.0,0.966,0.0056,0.9
0.0010823259364752633,0.6617611727788386,0.5855314261684946,1.0,1.0,0.0,1.0,0.966,0.0056,0.9
0.06463973676068412,0.2740365978534276,0.5717115428098625,1.0,1.0,0.0,1.0,0.966,0.0056,0.9
0.15194578237404344,0.06241174362086384,0.5385901810392298,1.0,1.0,0.0,1.0,0.966,0.0056,0.9
0.07117128635930386,0.25134768655291945,0.5701381083636357,1.0,1.0,0.0,1.0,0.966,0.0056,0.9
0.005730799302093257,0.6996079161100554,0.5865237449888087,1.0,1.0,0.0,1.0,0.966,0.0056,0.9
0.13163995694293898,0.09645469085143912,0.5501140294273701,1.0,1.0,0.0,1.0,0.966,0.0056,0.9
0.22009067758904727,0.004293327916631059,0.35962402529760423,1.0,1.0,0.0,1.0,0.966,0.0056,0.9
0.1263107629979368,0.10640705556259382,0.5528240005393467,1.0,1.0,0.0,1.0,0.966,0.0056,0.9
8.750502124690276e-6,0.6296103604637604,0.5847645167577006,1.0,1.0,0.0,1.0,0.966,0.0056,0.9
0.03530329720274064,0.3865510849464161,0.5770716952063976,1.0,1.0,0.0,1.0,0.966,0.0056,0.9
0.12125608837733433,0.1169851384009389,0.5552881163804949,1.0,1.0,0.0,1.0,0.966,0.0056,0.9
0.050014941381193535,0.794220755811122,0.588793382338046,1.0,1.0,0.0,1.0,0.966,0.0056,0.9
0.0003666060632682856,0.6508832309182672,0.5853037473007994,1.0,1.0,0.0,1.0,0.966,0.0056,0.9
4.656977868023074e-6,0.6345972715247973,0.5848898685965479,1.0,1.0,0.0,1.0,0.966,0.0056,0.9
0.008312457538918098,0.7114152273217753,0.5867919153221356,1.0,1.0,0.0,1.0,0.966,0.0056,0.9
6.589274418729439e-5,0.6270991669061701,0.5847277309125787,1.0,1.0,0.0,1.0,0.966,0.0056,0.9
0.0015734984713260602,0.5906823657042456,0.5837195526092994,1.0,1.0,0.0,1.0,0.966,0.0056,0.9
0.06712508369314968,0.26479410677978604,0.5709963766302157,1.0,1.0,0.0,1.0,0.966,0.0056,0.9
4.526319205201393e-5,0.638979106439362,0.584998253309152,1.0,1.0,0.0,1.0,0.966,0.0056,0.9
0.00021615446465580087,0.6466928082088517,0.5852089980728735,1.0,1.0,0.0,1.0,0.966,0.0056,0.9
0.00018820886121539784,0.6185844006593489,0.5844677840152126,1.0,1.0,0.0,1.0,0.966,0.0056,0.9
7.429548100443074e-5,0.626830632304428,0.5847230547415697,1.0,1.0,0.0,1.0,0.966,0.0056,0.9
2.9889481571236415e-5,0.6271512408310058,0.5847031430396292,1.0,1.0,0.0,1.0,0.966,0.0056,0.9
0.007912350356420919,0.5314909097884848,0.5820350137379843,1.0,1.0,0.0,1.0,0.966,0.0056,0.9
5.777869941009875e-5,0.6248500626741186,0.5846379685263813,1.0,1.0,0.0,1.0,0.966,0.0056,0.9
0.022127451296841804,0.4479999647367502,0.5793643855760324,1.0,1.0,0.0,1.0,0.966,0.0056,0.9
0.016728261201160322,0.47661196488667384,0.5803495423721089,1.0,1.0,0.0,1.0,0.966,0.0056,0.9
0.0174246897144208,0.47268856900481243,0.5801867329383511,1.0,1.0,0.0,1.0,0.966,0.0056,0.9
0.00021977839745222636,0.6468501391640361,0.5852059670299685,1.0,1.0,0.0,1.0,0.966,0.0056,0.9
0.018095997223444356,0.477849854687855,0.5800665384058433,1.0,1.0,0.0,1.0,0.966,0.0056,0.9
8.12421437242906e-5,0.6264283640170059,0.584641269769799,1.0,1.0,0.0,1.0,0.966,0.0056,0.9
9.872013976449954e-5,0.6421432237729381,0.5850904844464695,1.0,1.0,0.0,1.0,0.966,0.0056,0.9
0.001960633690320849,0.5855055207770096,0.5835831049724761,1.0,1.0,0.0,1.0,0.966,0.0056,0.9
7.851222867380489e-5,0.6313907588975395,0.5847603093488613,1.0,1.0,0.0,1.0,0.966,0.0056,0.9
6.697748095409658e-5,0.635221950185361,0.5849475819329623,1.0,1.0,0.0,1.0,0.966,0.0056,0.9
0.013540004116540048,0.49483278857935453,0.5809058734762919,1.0,1.0,0.0,1.0,0.966,0.0056,0.9
0.02077346988383687,0.4551382363181446,0.5796518830137791,1.0,1.0,0.0,1.0,0.966,0.0056,0.9
0.00011930515996742518,0.6214690325421771,0.5845501718867468,1.0,1.0,0.0,1.0,0.966,0.0056,0.9
9.606771218439e-5,0.6325973784823615,0.5847865565407268,1.0,1.0,0.0,1.0,0.966,0.0056,0.9
0.0002120474133935508,0.6177040118689628,0.5844489808213105,1.0,1.0,0.0,1.0,0.966,0.0056,0.9
0.00012552583270538956,0.6211639931802708,0.5845390932292797,1.0,1.0,0.0,1.0,0.966,0.0056,0.9
0.028268758952012765,0.4182380914342174,0.5783094913946162,1.0,1.0,0.0,1.0,0.966,0.0056,0.9
0.016577629593831432,0.4773601239690533,0.5803464342067088,1.0,1.0,0.0,1.0,0.966,0.0056,0.9
0.010583700326993652,0.5132126670735886,0.581474610612636,1.0,1.0,0.0,1.0,0.966,0.0056,0.9
1.4972150755119095e-5,0.6361887387041629,0.5849365187761334,1.0,1.0,0.0,1.0,0.966,0.0056,0.9
7.057978919829255e-5,0.6298437587340925,0.5848094761571788,1.0,1.0,0.0,1.0,0.966,0.0056,0.9
0.0009137532746033395,0.6010846530955062,0.5839995580852282,1.0,1.0,0.0,1.0,0.966,0.0056,0.9
0.004108946759254013,0.5624225324962712,0.5829440253077742,1.0,1.0,0.0,1.0,0.966,0.0056,0.9
6.882191226683664e-5,0.6360858280015893,0.5849685959511145,1.0,1.0,0.0,1.0,0.966,0.0056,0.9
0.0004153132474096946,0.6116194330766515,0.584285160099191,1.0,1.0,0.0,1.0,0.966,0.0056,0.9
0.0001708821140017919,0.6192415757980115,0.5844879789769347,1.0,1.0,0.0,1.0,0.966,0.0056,0.9
3.840707437163291e-5,0.6351556193795276,0.5849346008756322,1.0,1.0,0.0,1.0,0.966,0.0056,0.9
0.016951851493978272,0.4753274515383535,0.580257251703057,1.0,1.0,0.0,1.0,0.966,0.0056,0.9
0.0024495623580595613,0.5795487027986869,0.5834115572722401,1.0,1.0,0.0,1.0,0.966,0.0056,0.9
0.0015114540545959542,0.5915709749105994,0.5837402801637692,1.0,1.0,0.0,1.0,0.966,0.0056,0.9
3.7950367258203254e-5,0.6294515634762987,0.5847852474835417,1.0,1.0,0.0,1.0,0.966,0.0056,0.9
8.724466462198972e-5,0.6304815781112503,0.5847347250066159,1.0,1.0,0.0,1.0,0.966,0.0056,0.9
0.01122274971429111,0.5090980028463672,0.5813580186558104,1.0,1.0,0.0,1.0,0.966,0.0056,0.9
6.695261787073605e-5,0.6242671657027349,0.5846234414423612,1.0,1.0,0.0,1.0,0.966,0.0056,0.9
2.4359494883317697e-5,0.6291524545198443,0.5847291393419937,1.0,1.0,0.0,1.0,0.966,0.0056,0.9
0.008401600706323963,0.5279908813831194,0.5819319849249295,1.0,1.0,0.0,1.0,0.966,0.0056,0.9
0.001609893148219105,0.6699591562472306,0.5857951248139915,1.0,1.0,0.0,1.0,0.966,0.0056,0.9
1.2427313283156029e-5,0.6339704612306919,0.5848912003855985,1.0,1.0,0.0,1.0,0.966,0.0056,0.9
0.0040126670174511665,0.5633796336959025,0.5829780966761621,1.0,1.0,0.0,1.0,0.966,0.0056,0.9
4.055138825302267e-5,0.6365982789877459,0.5849173417687824,1.0,1.0,0.0,1.0,0.966,0.0056,0.9
0.0003407168445742927,0.613638992862783,0.5843396262335622,1.0,1.0,0.0,1.0,0.966,0.0056,0.9
7.128563731555793e-5,0.637072877681897,0.5849179351068299,1.0,1.0,0.0,1.0,0.966,0.0056,0.9
0.0019920759398258992,0.5850960481112112,0.5835658714231147,1.0,1.0,0.0,1.0,0.966,0.0056,0.9
0.005800240599026286,0.5476739833631828,0.5825136219002162,1.0,1.0,0.0,1.0,0.966,0.0056,0.9
1.4879820023522145e-5,0.6288477800741442,0.5847477108135493,1.0,1.0,0.0,1.0,0.966,0.0056,0.9
5.5036818293270305e-6,0.6319877258903336,0.5848349213201278,1.0,1.0,0.0,1.0,0.966,0.0056,0.9
4.473871634279808e-7,0.631830547585038,0.5848175966592363,1.0,1.0,0.0,1.0,0.966,0.0056,0.9
0.00035096361896780353,0.6505385954934471,0.5853013668080789,1.0,1.0,0.0,1.0,0.966,0.0056,0.9
0.0005854427898922747,0.6075756849979728,0.5841801660092957,1.0,1.0,0.0,1.0,0.966,0.0056,0.9
0.001100836278968443,0.5981242395387079,0.58394581913477,1.0,1.0,0.0,1.0,0.966,0.0056,0.9
0.003550138516396288,0.5677747183267944,0.5830829790552333,1.0,1.0,0.0,1.0,0.966,0.0056,0.9
0.004062617821187317,0.562829842998843,0.5829391384537129,1.0,1.0,0.0,1.0,0.966,0.0056,0.9
0.008727879949789049,0.5256960211015972,0.5818596718033628,1.0,1.0,0.0,1.0,0.966,0.0056,0.9
5.693402029159293e-5,0.6398298242371315,0.5850303693654527,1.0,1.0,0.0,1.0,0.966,0.0056,0.9
0.0012495742094838502,0.6657319966597965,0.5856858995213142,1.0,1.0,0.0,1.0,0.966,0.0056,0.9
0.000864355771553559,0.6020131418561663,0.5840360320027976,1.0,1.0,0.0,1.0,0.966,0.0056,0.9
0.004957628924200437,0.5547977557240568,0.5827291424038845,1.0,1.0,0.0,1.0,0.966,0.0056,0.9
0.04842422901715377,0.33291050092345437,0.5746097524917788,1.0,1.0,0.0,1.0,0.966,0.0056,0.9
0.0002461013153738828,0.6476397106478141,0.5852223182369238,1.0,1.0,0.0,1.0,0.966,0.0056,0.9
0.00787359494239747,0.5317749876656989,0.5820364733561915,1.0,1.0,0.0,1.0,0.966,0.0056,0.9
8.94788275169021e-5,0.6384762927330871,0.5850291819397073,1.0,1.0,0.0,1.0,0.966,0.0056,0.9
8.431092617382558e-7,0.632000133857617,0.5848188230529944,1.0,1.0,0.0,1.0,0.966,0.0056,0.9
0.005948608897101965,0.5464763647127924,0.5824813903225753,1.0,1.0,0.0,1.0,0.966,0.0056,0.9
2.382620997055071e-5,0.6276391430406751,0.5847127741829503,1.0,1.0,0.0,1.0,0.966,0.0056,0.9
0.05666293430183342,0.3021602927821228,0.5729965285269482,1.0,1.0,0.0,1.0,0.966,0.0056,0.9
0.043905415954894327,0.3520568412987014,0.5757699110895153,1.0,1.0,0.0,1.0,0.966,0.0056,0.9
0.03088874621037555,0.4063830381538906,0.5777682062255537,1.0,1.0,0.0,1.0,0.966,0.0056,0.9
0.08195944649153575,0.21835746237070477,0.5673775881478699,1.0,1.0,0.0,1.0,0.966,0.0056,0.9
2.824046650604111e-5,0.6271664308654331,0.5846986515240092,1.0,1.0,0.0,1.0,0.966,0.0056,0.9
6.69211579513944e-5,0.6242997309565821,0.5846166940492056,1.0,1.0,0.0,1.0,0.966,0.0056,0.9
5.0775573651732705e-5,0.6254841651820351,0.5846606572603056,1.0,1.0,0.0,1.0,0.966,0.0056,0.9
0.0003149996688138729,0.6143937896343045,0.5843562233442422,1.0,1.0,0.0,1.0,0.966,0.0056,0.9
0.0014295881500642868,0.5927526996713351,0.5837787501205767,1.0,1.0,0.0,1.0,0.966,0.0056,0.9
0.00857363086539371,0.5294904903592909,0.5821036548379287,1.0,1.0,0.0,1.0,0.966,0.0056,0.9
0.00015104459106482252,0.622368321498285,0.5845320037023752,1.0,1.0,0.0,1.0,0.966,0.0056,0.9
0.01965239191287967,0.4607471720936974,0.579786611417377,1.0,1.0,0.0,1.0,0.966,0.0056,0.9
0.013716789489523455,0.49447471080707,0.58081906733381,1.0,1.0,0.0,1.0,0.966,0.0056,0.9
1.0596976783141279e-5,0.62967729143254,0.5847712678131782,1.0,1.0,0.0,1.0,0.966,0.0056,0.9
9.78571664151046e-6,0.6293655630952872,0.5847559095493217,1.0,1.0,0.0,1.0,0.966,0.0056,0.9
0.007694165692848523,0.5330777337847908,0.5820803455649884,1.0,1.0,0.0,1.0,0.966,0.0056,0.9
1.2197779884001103e-6,0.6320508484178733,0.5848189037698988,1.0,1.0,0.0,1.0,0.966,0.0056,0.9
0.01031954893198978,0.5149362763318315,0.5815377291220946,1.0,1.0,0.0,1.0,0.966,0.0056,0.9
0.00024518499522563944,0.647598098818758,0.5852324799367746,1.0,1.0,0.0,1.0,0.966,0.0056,0.9
2.287429803576809e-5,0.6340967312054584,0.5848538330763433,1.0,1.0,0.0,1.0,0.966,0.0056,0.9
1.8145907593043976e-5,0.6352847851774497,0.5849252261030408,1.0,1.0,0.0,1.0,0.966,0.0056,0.9
7.487026536814515e-5,0.6243947194103616,0.5846412699872373,1.0,1.0,0.0,1.0,0.966,0.0056,0.9
2.6903630748190758e-5,0.6375645026725307,0.584965994400752,1.0,1.0,0.0,1.0,0.966,0.0056,0.9
0.0024390309493446147,0.5796700865667862,0.5834163545398358,1.0,1.0,0.0,1.0,0.966,0.0056,0.9
0.0004411299705286344,0.6113334745740429,0.5842567120036924,1.0,1.0,0.0,1.0,0.966,0.0056,0.9
9.002706901204202e-5,0.6231028759302594,0.5845999408542969,1.0,1.0,0.0,1.0,0.966,0.0056,0.9
2.193716668099425e-5,0.6355080138534124,0.5848956571216116,1.0,1.0,0.0,1.0,0.966,0.0056,0.9
0.06774074012173836,0.262760931185888,0.5707736820622612,1.0,1.0,0.0,1.0,0.966,0.0056,0.9
0.05269450951949719,0.31698605465248847,0.5737665406165323,1.0,1.0,0.0,1.0,0.966,0.0056,0.9
3.4487465765360843e-6,0.6342451676728096,0.5848839703232765,1.0,1.0,0.0,1.0,0.966,0.0056,0.9
0.029876333691837165,0.41855010935755954,0.578640059766271,1.0,1.0,0.0,1.0,0.966,0.0056,0.9
0.001186549644389753,0.5964727726484451,0.5838810392668041,1.0,1.0,0.0,1.0,0.966,0.0056,0.9
0.011422647703098263,0.5078701640890627,0.5812976376075406,1.0,1.0,0.0,1.0,0.966,0.0056,0.9
4.983552341844906e-5,0.6386486310125912,0.5850125471036105,1.0,1.0,0.0,1.0,0.966,0.0056,0.9
4.182966023917131e-5,0.6363610666352036,0.5849094504279616,1.0,1.0,0.0,1.0,0.966,0.0056,0.9
8.242821495789725e-6,0.6340590435941889,0.5848892418991827,1.0,1.0,0.0,1.0,0.966,0.0056,0.9
0.0011248093610262007,0.5976299335848235,0.5839276596564883,1.0,1.0,0.0,1.0,0.966,0.0056,0.9
4.5400473788942045e-5,0.6262563112009906,0.5846870153532765,1.0,1.0,0.0,1.0,0.966,0.0056,0.9
0.0020111235580148705,0.5848555294608009,0.5835619688510214,1.0,1.0,0.0,1.0,0.966,0.0056,0.9
0.012342671005575812,0.502085563825381,0.581133179190464,1.0,1.0,0.0,1.0,0.966,0.0056,0.9
0.01581074542794306,0.4816600562432823,0.58048609317595,1.0,1.0,0.0,1.0,0.966,0.0056,0.9
9.677194060399286e-5,0.6226148471469707,0.5845825271231154,1.0,1.0,0.0,1.0,0.966,0.0056,0.9
0.022707145984431854,0.4453120316260076,0.5792047354705576,1.0,1.0,0.0,1.0,0.966,0.0056,0.9
1.6017013962400584e-5,0.6360972273677294,0.5849379075194013,1.0,1.0,0.0,1.0,0.966,0.0056,0.9
9.406422641627089e-5,0.6267716207999776,0.584728690111851,1.0,1.0,0.0,1.0,0.966,0.0056,0.9
9.953665348438778e-6,0.635381848594208,0.5849169227690921,1.0,1.0,0.0,1.0,0.966,0.0056,0.9
0.004497339128334479,0.5588218660201448,0.5828299211997952,1.0,1.0,0.0,1.0,0.966,0.0056,0.9
0.013507004347943654,0.49504140821098314,0.5809241275699806,1.0,1.0,0.0,1.0,0.966,0.0056,0.9
2.7633108272949643e-6,0.6331950380417591,0.584862069470694,1.0,1.0,0.0,1.0,0.966,0.0056,0.9
0.020512144273148295,0.45648338702023517,0.5795950425956062,1.0,1.0,0.0,1.0,0.966,0.0056,0.9
0.024692178087159098,0.44438235499171364,0.5788890064534014,1.0,1.0,0.0,1.0,0.966,0.0056,0.9
2.976714182023789e-6,0.6308073873979333,0.5847942242809294,1.0,1.0,0.0,1.0,0.966,0.0056,0.9
3.8851534023046505e-5,0.6262266656645188,0.5846724841910487,1.0,1.0,0.0,1.0,0.966,0.0056,0.9
0.003352088941194932,0.570400338107729,0.5832059319216815,1.0,1.0,0.0,1.0,0.966,0.0056,0.9
0.000404132516003416,0.6121253568932522,0.5843151047626921,1.0,1.0,0.0,1.0,0.966,0.0056,0.9
0.00014961943456379291,0.6201075553691097,0.5845112307630189,1.0,1.0,0.0,1.0,0.966,0.0056,0.9
9.680299817726609e-5,0.6275133146579479,0.5846601271716712,1.0,1.0,0.0,1.0,0.966,0.0056,0.9
3.9057046581579755e-5,0.6309488981326365,0.5848279720700063,1.0,1.0,0.0,1.0,0.966,0.0056,0.9
7.516292740318243e-5,0.6369413932244914,0.5849904226109818,1.0,1.0,0.0,1.0,0.966,0.0056,0.9
0.007368910482186125,0.5355624030585754,0.5821760868325717,1.0,1.0,0.0,1.0,0.966,0.0056,0.9
4.928338846244121e-6,0.6302699519316104,0.5847790875524476,1.0,1.0,0.0,1.0,0.966,0.0056,0.9
2.0806430014310598e-6,0.6324243526714136,0.5848417448023143,1.0,1.0,0.0,1.0,0.966,0.0056,0.9
3.832117323545526e-5,0.6314376238757922,0.5848409169984684,1.0,1.0,0.0,1.0,0.966,0.0056,0.9
0.00022083817148712133,0.6200597961481619,0.5844640022133174,1.0,1.0,0.0,1.0,0.966,0.0056,0.9
0.023629458518557408,0.4407331105302235,0.5790409385928935,1.0,1.0,0.0,1.0,0.966,0.0056,0.9
8.539746451080495e-5,0.639731729066482,0.5849948384377736,1.0,1.0,0.0,1.0,0.966,0.0056,0.9
0.0027570939910360314,0.5760889525314941,0.5833084530179143,1.0,1.0,0.0,1.0,0.966,0.0056,0.9
6.399349359468614e-5,0.6280519805528317,0.5847557269853361,1.0,1.0,0.0,1.0,0.966,0.0056,0.9
0.00015968662873086653,0.6447538001705932,0.5851499955149361,1.0,1.0,0.0,1.0,0.966,0.0056,0.9
0.004558167480196066,0.5582944498905223,0.5828054361701798,1.0,1.0,0.0,1.0,0.966,0.0056,0.9
0.012057142045061107,0.5060524860849934,0.5811290136680692,1.0,1.0,0.0,1.0,0.966,0.0056,0.9
0.024689994222811464,0.43531750862535895,0.5788791144600013,1.0,1.0,0.0,1.0,0.966,0.0056,0.9
0.0008691215673366158,0.6018894479923073,0.5840255084448863,1.0,1.0,0.0,1.0,0.966,0.0056,0.9
5.852040994800089e-5,0.633229018428975,0.5848954934368024,1.0,1.0,0.0,1.0,0.966,0.0056,0.9
0.002194223004559921,0.582583787751803,0.5834989672726748,1.0,1.0,0.0,1.0,0.966,0.0056,0.9
0.04589741215304686,0.3468868622593166,0.5750254410842273,1.0,1.0,0.0,1.0,0.966,0.0056,0.9
0.00013338704225862135,0.6208096946560632,0.5845300640760123,1.0,1.0,0.0,1.0,0.966,0.0056,0.9
0.007810352309014578,0.5378229118184822,0.5820422914757205,1.0,1.0,0.0,1.0,0.966,0.0056,0.9
0.006370550847220689,0.5431042859429703,0.5823758164799693,1.0,1.0,0.0,1.0,0.966,0.0056,0.9
0.001429468544679524,0.5971646642820307,0.5837998562290594,1.0,1.0,0.0,1.0,0.966,0.0056,0.9
0.015490201453454637,0.4835033236040448,0.5805598377760951,1.0,1.0,0.0,1.0,0.966,0.0056,0.9
0.006332994508250258,0.5438344718675868,0.5824447741141118,1.0,1.0,0.0,1.0,0.966,0.0056,0.9
0.06145774587469854,0.28457786986299216,0.5720635542537668,1.0,1.0,0.0,1.0,0.966,0.0056,0.9
0.00016159988059800148,0.6448399643641276,0.5851563259037632,1.0,1.0,0.0,1.0,0.966,0.0056,0.9
3.2243658326683388e-6,0.6337519472542419,0.5848752304973389,1.0,1.0,0.0,1.0,0.966,0.0056,0.9
0.0010752222252379561,0.598312914080585,0.583920560661918,1.0,1.0,0.0,1.0,0.966,0.0056,0.9
5.104639310184898e-5,0.6258290489914803,0.5846760493437498,1.0,1.0,0.0,1.0,0.966,0.0056,0.9
3.3846874794697565e-5,0.6299014716914768,0.584740369872239,1.0,1.0,0.0,1.0,0.966,0.0056,0.9
0.004573943507072933,0.5583458869117757,0.5827858025982251,1.0,1.0,0.0,1.0,0.966,0.0056,0.9
0.019916822050444052,0.4593616744974198,0.5797380238368376,1.0,1.0,0.0,1.0,0.966,0.0056,0.9
0.004916939239706233,0.5551070725899899,0.5827268231927503,1.0,1.0,0.0,1.0,0.966,0.0056,0.9
4.1522579912216264e-7,0.632277777654579,0.584833528397359,1.0,1.0,0.0,1.0,0.966,0.0056,0.9
0.0005672945724542138,0.6080067273248625,0.5841959348248353,1.0,1.0,0.0,1.0,0.966,0.0056,0.9
5.6118589998021976e-5,0.625015582874518,0.58463502226591,1.0,1.0,0.0,1.0,0.966,0.0056,0.9
0.03102233996930792,0.40553279540787435,0.5777852258874037,1.0,1.0,0.0,1.0,0.966,0.0056,0.9
6.191792038828289e-5,0.6340057762544778,0.5849161818080233,1.0,1.0,0.0,1.0,0.966,0.0056,0.9
0.003287728039624585,0.5704234032640236,0.5831577827663638,1.0,1.0,0.0,1.0,0.966,0.0056,0.9
4.638914007462308e-5,0.6262081338434957,0.5846569745577075,1.0,1.0,0.0,1.0,0.966,0.0056,0.9
8.244386063889683e-5,0.6233689160369807,0.584601099944006,1.0,1.0,0.0,1.0,0.966,0.0056,0.9
0.0036963643460828292,0.5663526778021777,0.5830523565619811,1.0,1.0,0.0,1.0,0.966,0.0056,0.9
7.602003657197563e-6,0.6301928100522847,0.5847841046815101,1.0,1.0,0.0,1.0,0.966,0.0056,0.9
0.0005001350190933931,0.6095203957083677,0.5842302052149901,1.0,1.0,0.0,1.0,0.966,0.0056,0.9
0.002682805598202011,0.5768912683642781,0.583339784048516,1.0,1.0,0.0,1.0,0.966,0.0056,0.9
4.923958309609783e-5,0.6311313093234484,0.5848371403205005,1.0,1.0,0.0,1.0,0.966,0.0056,0.9
0.0011319217068215448,0.5973733704985659,0.5838955971534278,1.0,1.0,0.0,1.0,0.966,0.0056,0.9
1.2817228513194438e-5,0.6349298920358432,0.5848856773824,1.0,1.0,0.0,1.0,0.966,0.0056,0.9
7.719801251405577e-5,0.6410697246449214,0.5850588187377465,1.0,1.0,0.0,1.0,0.966,0.0056,0.9
4.226465936589042e-5,0.6306091459841908,0.5847535073147031,1.0,1.0,0.0,1.0,0.966,0.0056,0.9
0.0030833100357308624,0.5725512196507587,0.5832214612660435,1.0,1.0,0.0,1.0,0.966,0.0056,0.9
0.00010980771925461065,0.6270086725120992,0.5847407842705443,1.0,1.0,0.0,1.0,0.966,0.0056,0.9
7.634343560148594e-6,0.6299618322790259,0.5847759255838572,1.0,1.0,0.0,1.0,0.966,0.0056,0.9
0.0007172321129975289,0.6048028160444867,0.5841034399672655,1.0,1.0,0.0,1.0,0.966,0.0056,0.9
9.266616387412568e-5,0.6314684811044262,0.5848602682053826,1.0,1.0,0.0,1.0,0.966,0.0056,0.9
1.5056186348295562e-5,0.6362947149440578,0.584934993662668,1.0,1.0,0.0,1.0,0.966,0.0056,0.9
6.076549340719496e-5,0.6246820056459031,0.584635652183678,1.0,1.0,0.0,1.0,0.966,0.0056,0.9
4.262948248605339e-5,0.6376308838507655,0.5849898130543283,1.0,1.0,0.0,1.0,0.966,0.0056,0.9
0.0025193062307815864,0.5787496937948386,0.5833864380199972,1.0,1.0,0.0,1.0,0.966,0.0056,0.9
7.730403760319512e-5,0.6259648340933314,0.5846972091669143,1.0,1.0,0.0,1.0,0.966,0.0056,0.9
0.0026234035583060367,0.5775610875317695,0.5833612251480784,1.0,1.0,0.0,1.0,0.966,0.0056,0.9
0.0001784481271864665,0.6189461460790465,0.5844805072515445,1.0,1.0,0.0,1.0,0.966,0.0056,0.9
0.0004029561382717073,0.6515274409998291,0.5853440429961213,1.0,1.0,0.0,1.0,0.966,0.0056,0.9
0.00020412455161842647,0.61814623507456,0.5844475939480451,1.0,1.0,0.0,1.0,0.966,0.0056,0.9
9.272325041654985e-5,0.6232409672225973,0.584609500423978,1.0,1.0,0.0,1.0,0.966,0.0056,0.9
8.544801599318347e-5,0.6402073262174411,0.5850109254855657,1.0,1.0,0.0,1.0,0.966,0.0056,0.9
5.196120034672332e-5,0.6350153995608813,0.5848659362409689,1.0,1.0,0.0,1.0,0.966,0.0056,0.9
0.0019623857377275154,0.5854740434291952,0.5835766389234734,1.0,1.0,0.0,1.0,0.966,0.0056,0.9
6.683389740626296e-5,0.6243234130092631,0.5846276417862197,1.0,1.0,0.0,1.0,0.966,0.0056,0.9
0.001056849946118853,0.5986900951687268,0.583924427851882,1.0,1.0,0.0,1.0,0.966,0.0056,0.9
0.0015428581257753847,0.5911154975814802,0.583731600149925,1.0,1.0,0.0,1.0,0.966,0.0056,0.9
0.001333103000638543,0.5941906376779471,0.5838150376210038,1.0,1.0,0.0,1.0,0.966,0.0056,0.9
0.0015309991492872528,0.5912842080575859,0.5837371745401571,1.0,1.0,0.0,1.0,0.966,0.0056,0.9
0.0010286402642423029,0.599070278654305,0.5839492546607399,1.0,1.0,0.0,1.0,0.966,0.0056,0.9
8.406410836530895e-5,0.6232459680148807,0.5845933354618039,1.0,1.0,0.0,1.0,0.966,0.0056,0.9
5.446071714372687e-5,0.6389200653175892,0.5849851228943365,1.0,1.0,0.0,1.0,0.966,0.0056,0.9
7.21151894727276e-5,0.6239349508082888,0.5846118748952435,1.0,1.0,0.0,1.0,0.966,0.0056,0.9
0.0011456706185474235,0.5976805176944228,0.5838774077928716,1.0,1.0,0.0,1.0,0.966,0.0056,0.9
6.69676518203419e-5,0.624338033840635,0.5846289200589955,1.0,1.0,0.0,1.0,0.966,0.0056,0.9
3.546175349900544e-5,0.6383191803013643,0.5849860452276898,1.0,1.0,0.0,1.0,0.966,0.0056,0.9
0.0006613076566283182,0.6059997760740317,0.5841262797137804,1.0,1.0,0.0,1.0,0.966,0.0056,0.9
8.393174009748908e-5,0.6232536841111284,0.5845945061456143,1.0,1.0,0.0,1.0,0.966,0.0056,0.9
0.00024651641968405515,0.6165576456668218,0.5844110567664502,1.0,1.0,0.0,1.0,0.966,0.0056,0.9
0.0004717948821532162,0.6102015195347018,0.5842476935586485,1.0,1.0,0.0,1.0,0.966,0.0056,0.9
4.840798289921313e-7,0.631951152345053,0.5848241990990571,1.0,1.0,0.0,1.0,0.966,0.0056,0.9
8.754471551353335e-5,0.6237937978409256,0.5845885547595467,1.0,1.0,0.0,1.0,0.966,0.0056,0.9
2.6763539507546406e-5,0.6374294062796632,0.584957984764915,1.0,1.0,0.0,1.0,0.966,0.0056,0.9
2.0968229443025648e-5,0.631277080005712,0.5847806103719132,1.0,1.0,0.0,1.0,0.966,0.0056,0.9
8.400899854023554e-7,0.6323005139690789,0.5848260546083707,1.0,1.0,0.0,1.0,0.966,0.0056,0.9
9.729237895655542e-5,0.622540345402301,0.5845766905435562,1.0,1.0,0.0,1.0,0.966,0.0056,0.9
5.3035856762928896e-5,0.6252073130755545,0.5846410123368201,1.0,1.0,0.0,1.0,0.966,0.0056,0.9
2.4437611677457796e-5,0.6316065577493685,0.5848387114208347,1.0,1.0,0.0,1.0,0.966,0.0056,0.9
8.226395998503464e-5,0.6275929375553045,0.5846667918923492,1.0,1.0,0.0,1.0,0.966,0.0056,0.9
8.872743453122824e-5,0.6229931284062838,0.5845884271594175,1.0,1.0,0.0,1.0,0.966,0.0056,0.9
4.3408671297010365e-6,0.630483364326464,0.5847802296774047,1.0,1.0,0.0,1.0,0.966,0.0056,0.9
2.20625091617742e-5,0.6291395691419481,0.5847306365924079,1.0,1.0,0.0,1.0,0.966,0.0056,0.9
1.6912647141607175e-5,0.6290292599180172,0.5847334421539598,1.0,1.0,0.0,1.0,0.966,0.0056,0.9
2.6605552583476597e-6,0.631619150545146,0.5848204897562618,1.0,1.0,0.0,1.0,0.966,0.0056,0.9
1.4043602053739436e-7,0.6327058797846337,0.5848429391456443,1.0,1.0,0.0,1.0,0.966,0.0056,0.9
8.38221477615673e-5,0.6234151490290692,0.5845891317172023,1.0,1.0,0.0,1.0,0.966,0.0056,0.9
1.0174659800898222e-6,0.6324671015999328,0.584829824064508,1.0,1.0,0.0,1.0,0.966,0.0056,0.9
6.655892997788458e-7,0.6318957897167652,0.5848172229850723,1.0,1.0,0.0,1.0,0.966,0.0056,0.9
9.831981861614554e-8,0.6326321788769215,0.5848409046256974,1.0,1.0,0.0,1.0,0.966,0.0056,0.9
