0.18683415622039265,0.020255630439266342,0.5199717990969888,1.0,1.0,0.0,1.0,0.966,0.0056,0.9
0.210981636701644,0.004747673196477092,0.42516292859337995,1.0,1.0,0.0,1.0,0.966,0.0056,0.9
0.19886256525009152,0.008626453359418215,0.46901616962926307,1.0,1.0,0.0,1.0,0.966,0.0056,0.9
0.024899267648032308,0.32095964121258597,0.5784956707177823,1.0,1.0,0.0,1.0,0.966,0.0056,0.9
0.17919366700055497,0.8000239121905904,0.5905355083662509,1.0,1.0,0.0,1.0,0.966,0.0056,0.9
0.12459295378828864,0.06901630319417691,0.5533668030896106,1.0,1.0,0.0,1.0,0.966,0.0056,0.9
0.9115622303806681,0.9264714419126733,0.5930024519599669,1.0,1.0,0.0,1.0,0.966,0.0056,0.9
0.009486481943185432,0.6082277397685586,0.5866229877104381,1.0,1.0,0.0,1.0,0.966,0.0056,0.9
0.0019496779798163085,0.4674669618339199,0.5831839293318392,1.0,1.0,0.0,1.0,0.966,0.0056,0.9
0.22636781235346673,0.0015128583072940357,0.28103448807867093,1.0,1.0,0.0,1.0,0.966,0.0056,0.9
0.12877263028061378,0.06358361118565478,0.5514650035607254,1.0,1.0,0.0,1.0,0.966,0.0056,0.9
0.011539907823247318,0.3891135545084669,0.5808889255235336,1.0,1.0,0.0,1.0,0.966,0.0056,0.9
0.04884312184799518,0.2317415811827997,0.5742918610387145,1.0,1.0,0.0,1.0,0.966,0.0056,0.9
1.50120687003877,0.9551091010037707,0.5936665924752047,1.0,1.0,0.0,1.0,0.966,0.0056,0.9
0.12666493994277225,0.06902863596618851,0.5525958943993879,1.0,1.0,0.0,1.0,0.966,0.0056,0.9
0.11592156670261514,0.08128793152869114,0.5572953056134313,1.0,1.0,0.0,1.0,0.966,0.0056,0.9
0.18061468132237432,0.01729905665742481,0.5091332976508944,1.0,1.0,0.0,1.0,0.966,0.0056,0.9
0.21245007555911702,0.004279371434128131,0.4134899349771676,1.0,1.0,0.0,1.0,0.966,0.0056,0.9
0.5027552725007738,0.8844812133683877,0.5921248351490292,1.0,1.0,0.0,1.0,0.966,0.0056,0.9
0.1704852904443677,0.024696892514828636,0.5249002790035481,1.0,1.0,0.0,1.0,0.966,0.0056,0.9
0.20647044284373928,0.005996186434382824,0.44249581535702254,1.0,1.0,0.0,1.0,0.966,0.0056,0.9
0.2140397518353126,0.0038793701846604797,0.40432530398388405,1.0,1.0,0.0,1.0,0.966,0.0056,0.9
0.16722265799104058,0.02578600872340135,0.5245671173722921,1.0,1.0,0.0,1.0,0.966,0.0056,0.9
0.20042326486811843,0.007989760517517474,0.4646514854081071,1.0,1.0,0.0,1.0,0.966,0.0056,0.9
0.010890095504552917,0.39316671910105605,0.5809843697205263,1.0,1.0,0.0,1.0,0.966,0.0056,0.9
0.03862434711413305,0.26638258503207896,0.5761115574223438,1.0,1.0,0.0,1.0,0.966,0.0056,0.9
0.16688351614264313,0.02602884235384486,0.5249245415788486,1.0,1.0,0.0,1.0,0.966,0.0056,0.9
0.046490445634107765,0.23936406457194961,0.5746955390443714,1.0,1.0,0.0,1.0,0.966,0.0056,0.9
0.16748891840734273,0.025600364568710048,0.5242786844912785,1.0,1.0,0.0,1.0,0.966,0.0056,0.9
1.3162763883264121,0.9481964293361625,0.5934807929015218,1.0,1.0,0.0,1.0,0.966,0.0056,0.9
0.1589348960905931,0.03250463619733258,0.5337102344021518,1.0,1.0,0.0,1.0,0.966,0.0056,0.9
0.17813304810943187,0.022208315109160087,0.5222363688662104,1.0,1.0,0.0,1.0,0.966,0.0056,0.9
0.08336161352401437,0.1404027499774865,0.5669505689747022,1.0,1.0,0.0,1.0,0.966,0.0056,0.9
0.03563352192947172,0.6779339351751112,0.5880634641350857,1.0,1.0,0.0,1.0,0.966,0.0056,0.9
0.21175355256280345,0.004455531994269488,0.41770470027058326,1.0,1.0,0.0,1.0,0.966,0.0056,0.9
0.22732455818377673,0.0013787078927053483,0.26741105671139254,1.0,1.0,0.0,1.0,0.966,0.0056,0.9
0.05191464010328596,0.2222170199978873,0.5736692371139404,1.0,1.0,0.0,1.0,0.966,0.0056,0.9
0.11912817403304683,0.07655960450982865,0.5556709233133131,1.0,1.0,0.0,1.0,0.966,0.0056,0.9
0.08773535590278642,0.13511193402699886,0.5670270885159545,1.0,1.0,0.0,1.0,0.966,0.0056,0.9
0.13707844213629228,0.053457909633030334,0.5474573608312848,1.0,1.0,0.0,1.0,0.966,0.0056,0.9
0.018244348838353863,0.3524466233148605,0.5795989064756898,1.0,1.0,0.0,1.0,0.966,0.0056,0.9
0.11738207332150144,0.078982440225843,0.556486534552941,1.0,1.0,0.0,1.0,0.966,0.0056,0.9
0.07216149791427745,0.16792779669301133,0.5694572020598042,1.0,1.0,0.0,1.0,0.966,0.0056,0.9
0.19904474060419966,0.008572472301098777,0.4684971553819101,1.0,1.0,0.0,1.0,0.966,0.0056,0.9
0.1305256956382951,0.0615659828445083,0.5513284324368425,1.0,1.0,0.0,1.0,0.966,0.0056,0.9
0.11047671241525062,0.09035988289599865,0.5596438438609473,1.0,1.0,0.0,1.0,0.966,0.0056,0.9
0.1261682326451993,0.06682140574586302,0.5529603673189258,1.0,1.0,0.0,1.0,0.966,0.0056,0.9
0.016611189245205236,0.6339613431907344,0.5871792677335519,1.0,1.0,0.0,1.0,0.966,0.0056,0.9
0.030263369809284058,0.29829657730871845,0.5775582685074296,1.0,1.0,0.0,1.0,0.966,0.0056,0.9
0.22447650354389906,0.001800908158082959,0.3084215830001451,1.0,1.0,0.0,1.0,0.966,0.0056,0.9
0.022921352582802392,0.32985481933321775,0.5788427437890834,1.0,1.0,0.0,1.0,0.966,0.0056,0.9
0.04093687307707887,0.258161551466387,0.5757050883261612,1.0,1.0,0.0,1.0,0.966,0.0056,0.9
0.020235525200570464,0.644575673522357,0.5873754384266607,1.0,1.0,0.0,1.0,0.966,0.0056,0.9
0.09610082092316999,0.12484069198094029,0.566198232291324,1.0,1.0,0.0,1.0,0.966,0.0056,0.9
0.12523245044808567,0.06804042118123646,0.5531926168208853,1.0,1.0,0.0,1.0,0.966,0.0056,0.9
0.20332490922217653,0.007061581199936673,0.454706536826922,1.0,1.0,0.0,1.0,0.966,0.0056,0.9
0.20147260080199564,0.007625967553447913,0.46099837004447874,1.0,1.0,0.0,1.0,0.966,0.0056,0.9
0.04353692265806412,0.24961630839778168,0.5753724432453995,1.0,1.0,0.0,1.0,0.966,0.0056,0.9
0.19417359615009042,0.010460518700436239,0.481638650707597,1.0,1.0,0.0,1.0,0.966,0.0056,0.9
0.0029050552275384743,0.45596953364121645,0.5828672266659481,1.0,1.0,0.0,1.0,0.966,0.0056,0.9
0.1318462952312562,0.06006647221232342,0.5508145577032791,1.0,1.0,0.0,1.0,0.966,0.0056,0.9
0.04407242515426665,0.24739420670227164,0.5751358776419316,1.0,1.0,0.0,1.0,0.966,0.0056,0.9
0.19084865424335687,0.011915424418500771,0.48936736946105636,1.0,1.0,0.0,1.0,0.966,0.0056,0.9
0.18450204108192053,0.015562841698932206,0.5018214521964957,1.0,1.0,0.0,1.0,0.966,0.0056,0.9
0.028968037239999904,0.3089218853806064,0.5782797486604018,1.0,1.0,0.0,1.0,0.966,0.0056,0.9
0.007287299585046927,0.4193604785253884,0.5819059450092502,1.0,1.0,0.0,1.0,0.966,0.0056,0.9
0.03570171628415697,0.2771292679288011,0.5766268115387897,1.0,1.0,0.0,1.0,0.966,0.0056,0.9
0.004070867839513932,0.44407885311675793,0.5825158969414477,1.0,1.0,0.0,1.0,0.966,0.0056,0.9
0.22301592818422336,0.0021097725315231274,0.3351506525405166,1.0,1.0,0.0,1.0,0.966,0.0056,0.9
0.011359253591684567,0.6163921650522063,0.5867576987552365,1.0,1.0,0.0,1.0,0.966,0.0056,0.9
0.08925055754027342,0.12804276313356341,0.5656153195794381,1.0,1.0,0.0,1.0,0.966,0.0056,0.9
0.03277501655996584,0.28838424732598017,0.5771631561803275,1.0,1.0,0.0,1.0,0.966,0.0056,0.9
0.07792163460810371,0.1572042692103066,0.5693555702774998,1.0,1.0,0.0,1.0,0.966,0.0056,0.9
0.1314129015692381,0.060155999655103064,0.550318146646312,1.0,1.0,0.0,1.0,0.966,0.0056,0.9
0.13567813791277208,0.05596841655339308,0.5479626678992592,1.0,1.0,0.0,1.0,0.966,0.0056,0.9
0.13932434466824306,0.05096911699456413,0.5461306819703236,1.0,1.0,0.0,1.0,0.966,0.0056,0.9
0.17731851535837895,0.019073867947034064,0.5125441216295613,1.0,1.0,0.0,1.0,0.966,0.0056,0.9
0.04903436558389189,0.2312147714365094,0.574308057713582,1.0,1.0,0.0,1.0,0.966,0.0056,0.9
0.1777856124720201,0.01878467504596839,0.5119940625571914,1.0,1.0,0.0,1.0,0.966,0.0056,0.9
0.18505965992296583,0.8029870461414675,0.5905414446616499,1.0,1.0,0.0,1.0,0.966,0.0056,0.9
0.040741187136847344,0.25892697270922976,0.5757039903128813,1.0,1.0,0.0,1.0,0.966,0.0056,0.9
0.16770158291433937,0.025405516294649363,0.5241496455599431,1.0,1.0,0.0,1.0,0.966,0.0056,0.9
0.05010162838274178,0.22779564103324468,0.5740248707593071,1.0,1.0,0.0,1.0,0.966,0.0056,0.9
0.2268908917084235,0.0014360881398569356,0.27259054628951074,1.0,1.0,0.0,1.0,0.966,0.0056,0.9
0.0636147688099021,0.18845340561425578,0.5713781819000217,1.0,1.0,0.0,1.0,0.966,0.0056,0.9
0.12440342563447422,0.06965013709306533,0.5542097392686502,1.0,1.0,0.0,1.0,0.966,0.0056,0.9
0.0015707881840977445,0.4726346482771806,0.583303645457342,1.0,1.0,0.0,1.0,0.966,0.0056,0.9
0.15922087691900097,0.03190539121880316,0.5322849963634079,1.0,1.0,0.0,1.0,0.966,0.0056,0.9
0.11078265631291805,0.08905865626661984,0.5589803099675784,1.0,1.0,0.0,1.0,0.966,0.0056,0.9
0.13006501410934357,0.7737260765998797,0.5899887149831605,1.0,1.0,0.0,1.0,0.966,0.0056,0.9
0.5570112124355698,0.8922175675208004,0.5922868102410485,1.0,1.0,0.0,1.0,0.966,0.0056,0.9
0.11362145736875252,0.08494325281443452,0.5582745856737434,1.0,1.0,0.0,1.0,0.966,0.0056,0.9
0.17689152943833575,0.019404423081459624,0.512966714407436,1.0,1.0,0.0,1.0,0.966,0.0056,0.9
0.2325613968243991,0.0007621157050096267,0.14432384334347517,1.0,1.0,0.0,1.0,0.966,0.0056,0.9
0.18078520488095048,0.017140372536609074,0.5073272849189714,1.0,1.0,0.0,1.0,0.966,0.0056,0.9
0.1896162283059751,0.012492671746223672,0.4918547537591711,1.0,1.0,0.0,1.0,0.966,0.0056,0.9
0.19995480735209184,0.008164135439735282,0.4659469163002954,1.0,1.0,0.0,1.0,0.966,0.0056,0.9
0.07946948201110156,0.14920014461782788,0.5678527961121622,1.0,1.0,0.0,1.0,0.966,0.0056,0.9
0.005755554056289744,0.5421543036564418,0.5847390850801454,1.0,1.0,0.0,1.0,0.966,0.0056,0.9
0.21842846544404315,0.002895753847953955,0.37244715641478654,1.0,1.0,0.0,1.0,0.966,0.0056,0.9
0.024905472504309738,0.32106249175326534,0.5784384996198899,1.0,1.0,0.0,1.0,0.966,0.0056,0.9
0.02889632863849618,0.6649094023448936,0.5877856634759894,1.0,1.0,0.0,1.0,0.966,0.0056,0.9
0.057833461522605156,0.2059436576119935,0.5724512209840584,1.0,1.0,0.0,1.0,0.966,0.0056,0.9
0.21994132674063827,0.0026068826124177797,0.36094237433302057,1.0,1.0,0.0,1.0,0.966,0.0056,0.9
0.13221061809032353,0.05929102208486421,0.5498155868513307,1.0,1.0,0.0,1.0,0.966,0.0056,0.9
0.12952164066140576,0.06252786132750357,0.5511883839642298,1.0,1.0,0.0,1.0,0.966,0.0056,0.9
0.15982878368917025,0.032753330025871,0.5319492271555215,1.0,1.0,0.0,1.0,0.966,0.0056,0.9
0.2271932650966895,0.001392688072174639,0.268578704790745,1.0,1.0,0.0,1.0,0.966,0.0056,0.9
0.06277651226871397,0.19063637248636717,0.5716148350069806,1.0,1.0,0.0,1.0,0.966,0.0056,0.9
0.0906768155164781,0.12871580945999217,0.5649853487725741,1.0,1.0,0.0,1.0,0.966,0.0056,0.9
0.10566166771678868,0.09956276358125424,0.5604777263161919,1.0,1.0,0.0,1.0,0.966,0.0056,0.9
0.0006562059073814483,0.4886086583636294,0.5837388944346541,1.0,1.0,0.0,1.0,0.966,0.0056,0.9
0.17837309326134568,0.01844948673695333,0.5110397812506257,1.0,1.0,0.0,1.0,0.966,0.0056,0.9
0.07458319186344926,0.16041962057147785,0.5690820537512086,1.0,1.0,0.0,1.0,0.966,0.0056,0.9
0.01994794841114471,0.34380240319685756,0.5793427923931604,1.0,1.0,0.0,1.0,0.966,0.0056,0.9
0.2262787606439296,0.0015574895873635992,0.28416729918222566,1.0,1.0,0.0,1.0,0.966,0.0056,0.9
0.058212243878435765,0.2036340530876545,0.5724366517516191,1.0,1.0,0.0,1.0,0.966,0.0056,0.9
0.23382354928860039,0.0006363921168010742,0.10126518344748699,1.0,1.0,0.0,1.0,0.966,0.0056,0.9
0.10742092158037087,0.09483265955943827,0.5604149010934318,1.0,1.0,0.0,1.0,0.966,0.0056,0.9
0.15802883065640808,0.03290775955690519,0.5335862537292063,1.0,1.0,0.0,1.0,0.966,0.0056,0.9
0.11946436459210516,0.0760894953274696,0.5555302472088492,1.0,1.0,0.0,1.0,0.966,0.0056,0.9
0.01820952953084797,0.6390106700571242,0.5872477521638663,1.0,1.0,0.0,1.0,0.966,0.0056,0.9
0.10378716098055242,0.10175128498149866,0.5619197315841696,1.0,1.0,0.0,1.0,0.966,0.0056,0.9
0.12454691103811166,0.06935899716115448,0.5540752005247469,1.0,1.0,0.0,1.0,0.966,0.0056,0.9
0.18659236654225766,0.01396418258098506,0.4981993806493732,1.0,1.0,0.0,1.0,0.966,0.0056,0.9
0.020472110018143558,0.3413774187856102,0.5792828336394001,1.0,1.0,0.0,1.0,0.966,0.0056,0.9
0.008466001863929373,0.40902776136701474,0.5815114130253843,1.0,1.0,0.0,1.0,0.966,0.0056,0.9
0.21857168472324684,0.0028702149427418935,0.37097136337710296,1.0,1.0,0.0,1.0,0.966,0.0056,0.9
0.03445096709882914,0.2827513185259405,0.577006774681763,1.0,1.0,0.0,1.0,0.966,0.0056,0.9
0.12380975615582213,0.0703097845134424,0.5543545182662806,1.0,1.0,0.0,1.0,0.966,0.0056,0.9
0.19608279183971344,0.009659102762681155,0.47697547997239576,1.0,1.0,0.0,1.0,0.966,0.0056,0.9
0.042197271074385305,0.25382904024514924,0.5755226832599071,1.0,1.0,0.0,1.0,0.966,0.0056,0.9
0.01256417275266575,0.38387812871694177,0.5807894736150682,1.0,1.0,0.0,1.0,0.966,0.0056,0.9
0.12777454414667963,0.06555904384562411,0.5529914793725448,1.0,1.0,0.0,1.0,0.966,0.0056,0.9
0.12352806488251389,0.07035975160048798,0.5541386629346016,1.0,1.0,0.0,1.0,0.966,0.0056,0.9
0.016445551864741635,0.3614763720906896,0.5799757595855592,1.0,1.0,0.0,1.0,0.966,0.0056,0.9
0.21953039729974289,0.002699829347606488,0.3655985644466486,1.0,1.0,0.0,1.0,0.966,0.0056,0.9
0.2182791636630226,0.0029327518649169037,0.3746584531563138,1.0,1.0,0.0,1.0,0.966,0.0056,0.9
0.1617503486059239,0.029956787412950492,0.5298802789973466,1.0,1.0,0.0,1.0,0.966,0.0056,0.9
0.10902277081926373,0.0934997483049159,0.5604595061285663,1.0,1.0,0.0,1.0,0.966,0.0056,0.9
0.231200585951342,0.0008982437768031746,0.18271459757103192,1.0,1.0,0.0,1.0,0.966,0.0056,0.9
0.23382900726437894,0.0006358411342366854,0.10111106471998124,1.0,1.0,0.0,1.0,0.966,0.0056,0.9
0.023760781580734292,0.32607807054459803,0.5786476346848949,1.0,1.0,0.0,1.0,0.966,0.0056,0.9
0.06506740489633936,0.18457745159986333,0.5710732793812947,1.0,1.0,0.0,1.0,0.966,0.0056,0.9
0.1546812895876714,0.03635486369161744,0.5358039771272698,1.0,1.0,0.0,1.0,0.966,0.0056,0.9
0.23381124623610278,0.0006374364641967265,0.1017872734508768,1.0,1.0,0.0,1.0,0.966,0.0056,0.9
0.16773023897355904,0.02537517207651696,0.524405437879281,1.0,1.0,0.0,1.0,0.966,0.0056,0.9
0.09498619050704289,0.11662771002741902,0.563913164164681,1.0,1.0,0.0,1.0,0.966,0.0056,0.9
0.22406881095575854,0.0018650143126309917,0.3137398173189997,1.0,1.0,0.0,1.0,0.966,0.0056,0.9
0.1154922488963654,0.08190543030214167,0.55743282706584,1.0,1.0,0.0,1.0,0.966,0.0056,0.9
0.13542109114981823,0.05585666390353164,0.5480862868527346,1.0,1.0,0.0,1.0,0.966,0.0056,0.9
0.10814594264486688,0.09393226976048796,0.5603295164529094,1.0,1.0,0.0,1.0,0.966,0.0056,0.9
0.1440915061120879,0.7817594705302215,0.5900586349554722,1.0,1.0,0.0,1.0,0.966,0.0056,0.9
0.09306025827098709,0.12034655862297991,0.5644809470631064,1.0,1.0,0.0,1.0,0.966,0.0056,0.9
0.10433273087520108,0.09972573975113165,0.5611813939806466,1.0,1.0,0.0,1.0,0.966,0.0056,0.9
0.1833992302418965,0.015607588643486523,0.503521549845126,1.0,1.0,0.0,1.0,0.966,0.0056,0.9
0.1711730822418824,0.023075617525630584,0.5211018272122635,1.0,1.0,0.0,1.0,0.966,0.0056,0.9
0.16964237210085384,0.02406193875780014,0.5219788065558794,1.0,1.0,0.0,1.0,0.966,0.0056,0.9
0.22345605380471711,0.0019968322271864303,0.3223785349423083,1.0,1.0,0.0,1.0,0.966,0.0056,0.9
0.04443035029825301,0.24677942420452853,0.5749958795010789,1.0,1.0,0.0,1.0,0.966,0.0056,0.9
0.185942618128445,0.01430229328365875,0.49884902711628115,1.0,1.0,0.0,1.0,0.966,0.0056,0.9
0.13266494221453667,0.05883572751916284,0.5501792497881793,1.0,1.0,0.0,1.0,0.966,0.0056,0.9
0.09355576112293451,0.11970225847939828,0.5645755638554371,1.0,1.0,0.0,1.0,0.966,0.0056,0.9
0.06710038859567413,0.17920010002104308,0.5707896206604935,1.0,1.0,0.0,1.0,0.966,0.0056,0.9
0.21744457776034398,0.0032298587699726333,0.38227068564711936,1.0,1.0,0.0,1.0,0.966,0.0056,0.9
0.22606875398187143,0.001551740548895614,0.2859133680221127,1.0,1.0,0.0,1.0,0.966,0.0056,0.9
0.13983106568156925,0.05515473631926475,0.5498850396385696,1.0,1.0,0.0,1.0,0.966,0.0056,0.9
0.04090109813151417,0.258591548699141,0.5758135839500851,1.0,1.0,0.0,1.0,0.966,0.0056,0.9
0.08494478731629695,0.1394116601079042,0.5673769683002893,1.0,1.0,0.0,1.0,0.966,0.0056,0.9
0.140135460656002,0.05006694713853125,0.5458522977877481,1.0,1.0,0.0,1.0,0.966,0.0056,0.9
0.01037950845695015,0.3963094157880532,0.5811046750090697,1.0,1.0,0.0,1.0,0.966,0.0056,0.9
0.7461117576616554,0.9131900852612727,0.5927131031314432,1.0,1.0,0.0,1.0,0.966,0.0056,0.9
0.10982093402809782,0.09084489820526725,0.5591021187859032,1.0,1.0,0.0,1.0,0.966,0.0056,0.9
0.16264888967788968,0.02972136420119853,0.5290658659096783,1.0,1.0,0.0,1.0,0.966,0.0056,0.9
0.13133725862795861,0.06024990489636643,0.550352475834009,1.0,1.0,0.0,1.0,0.966,0.0056,0.9
0.08875918677019104,0.12935975512261016,0.5654787014311243,1.0,1.0,0.0,1.0,0.966,0.0056,0.9
0.1526055869356323,0.03950309121983458,0.5404765954990642,1.0,1.0,0.0,1.0,0.966,0.0056,0.9
0.21983227617780043,0.0026171008379447555,0.3598917254406909,1.0,1.0,0.0,1.0,0.966,0.0056,0.9
0.23384991148481798,0.0006346996011963407,0.10011999816894532,1.0,1.0,0.0,1.0,0.966,0.0056,0.9
0.0012992102424739806,0.477011705895327,0.5834473164458654,1.0,1.0,0.0,1.0,0.966,0.0056,0.9
0.027497247434741582,0.3100081385922428,0.5779799110768974,1.0,1.0,0.0,1.0,0.966,0.0056,0.9
0.12578935893356186,0.06732929616314288,0.5529068978964301,1.0,1.0,0.0,1.0,0.966,0.0056,0.9
0.1913145242422179,0.011723974061842465,0.48816476562016053,1.0,1.0,0.0,1.0,0.966,0.0056,0.9
0.09314348146580124,0.12031219356037647,0.5643403581921772,1.0,1.0,0.0,1.0,0.966,0.0056,0.9
1.0138974107652698,4.7359828697235526e-5,0.5781617338224042,1.0,1.0,0.0,1.0,0.966,0.0056,0.9
0.15105082929670424,0.03904912556651339,0.5387848621791693,1.0,1.0,0.0,1.0,0.966,0.0056,0.9
0.10772795072684758,0.09423571030164124,0.5602581927449996,1.0,1.0,0.0,1.0,0.966,0.0056,0.9
0.6934111575336144,0.9081017873181759,0.5926067620633637,1.0,1.0,0.0,1.0,0.966,0.0056,0.9
0.1850571768844838,0.014912213899986843,0.5021978703759412,1.0,1.0,0.0,1.0,0.966,0.0056,0.9
0.014137801322660085,0.37409097280814124,0.5803550711815784,1.0,1.0,0.0,1.0,0.966,0.0056,0.9
0.11446266184843726,0.08344978775438265,0.557473660578635,1.0,1.0,0.0,1.0,0.966,0.0056,0.9
0.1588180468792201,0.032228991921913766,0.5327526589015238,1.0,1.0,0.0,1.0,0.966,0.0056,0.9
0.14774732001663363,0.04223829919048561,0.5409142730506585,1.0,1.0,0.0,1.0,0.966,0.0056,0.9
0.04950895429670205,0.6998907882408097,0.5885009278730515,1.0,1.0,0.0,1.0,0.966,0.0056,0.9
0.11115645434555273,0.0884646317329928,0.5588428959018097,1.0,1.0,0.0,1.0,0.966,0.0056,0.9
0.15294772294109119,0.037311086086252644,0.5373478857875347,1.0,1.0,0.0,1.0,0.966,0.0056,0.9
0.22429494594117472,0.0018270047017886876,0.31081634897613136,1.0,1.0,0.0,1.0,0.966,0.0056,0.9
0.2213876047660909,0.0024109289377751367,0.35290598500789533,1.0,1.0,0.0,1.0,0.966,0.0056,0.9
0.23384807034957558,0.0006347250426157801,0.10019977521580171,1.0,1.0,0.0,1.0,0.966,0.0056,0.9
0.08809297402917216,0.1316198967289123,0.5656102826013492,1.0,1.0,0.0,1.0,0.966,0.0056,0.9
0.09777302795439657,0.1113871928655263,0.563136044638734,1.0,1.0,0.0,1.0,0.966,0.0056,0.9
0.21235525696772004,0.004334202408971787,0.4139799588246086,1.0,1.0,0.0,1.0,0.966,0.0056,0.9
0.14940736224378254,0.04060501891277577,0.5398632032811121,1.0,1.0,0.0,1.0,0.966,0.0056,0.9
0.06818775675535198,0.17645135655073876,0.5705883048202387,1.0,1.0,0.0,1.0,0.966,0.0056,0.9
0.05241012791308059,0.7038937783148977,0.5885919488496137,1.0,1.0,0.0,1.0,0.966,0.0056,0.9
0.14590826598965798,0.04402147878133593,0.5422763300093169,1.0,1.0,0.0,1.0,0.966,0.0056,0.9
0.17691387923770716,0.019353922175692703,0.5137373503171254,1.0,1.0,0.0,1.0,0.966,0.0056,0.9
0.17276575205753178,0.02194157517919981,0.5188311544470052,1.0,1.0,0.0,1.0,0.966,0.0056,0.9
0.145631545671795,0.04441049574520577,0.5428072491543224,1.0,1.0,0.0,1.0,0.966,0.0056,0.9
0.1465946107522472,0.04334062450924096,0.5417684026819005,1.0,1.0,0.0,1.0,0.966,0.0056,0.9
0.21930793463524942,0.0029772202641730346,0.3799400095733485,1.0,1.0,0.0,1.0,0.966,0.0056,0.9
0.044419757639681,0.2463949723136662,0.5750312583643423,1.0,1.0,0.0,1.0,0.966,0.0056,0.9
0.23383818669259102,0.0006354887605290666,0.10189800180696437,1.0,1.0,0.0,1.0,0.966,0.0056,0.9
0.21774434203097623,0.0030447481495338023,0.37771101524488615,1.0,1.0,0.0,1.0,0.966,0.0056,0.9
0.14618152480087532,0.04374820244035622,0.5420750062002833,1.0,1.0,0.0,1.0,0.966,0.0056,0.9
0.13419132664124267,0.05704377607887579,0.5494521240323501,1.0,1.0,0.0,1.0,0.966,0.0056,0.9
0.17876319571038732,0.018467498489545483,0.5103701389562233,1.0,1.0,0.0,1.0,0.966,0.0056,0.9
0.1738208356749014,0.021279418729908163,0.5170360684568248,1.0,1.0,0.0,1.0,0.966,0.0056,0.9
0.13133640927628842,0.061184628313045976,0.5501691195045176,1.0,1.0,0.0,1.0,0.966,0.0056,0.9
0.26029233991104456,0.831490849045477,0.5910952067925779,1.0,1.0,0.0,1.0,0.966,0.0056,0.9
0.1338289904393597,0.05723089503101547,0.5492206307192138,1.0,1.0,0.0,1.0,0.966,0.0056,0.9
0.23382810731029463,0.0006363451133340112,0.10096218218161321,1.0,1.0,0.0,1.0,0.966,0.0056,0.9
0.2322887674741665,0.0007942250287881716,0.15341388545969054,1.0,1.0,0.0,1.0,0.966,0.0056,0.9
0.17559529226074105,0.02038075011218642,0.5164374596057915,1.0,1.0,0.0,1.0,0.966,0.0056,0.9
0.08651415971278174,0.13476040396744324,0.5660245852880769,1.0,1.0,0.0,1.0,0.966,0.0056,0.9
0.13376523465000364,0.05741461166600554,0.5494968199318219,1.0,1.0,0.0,1.0,0.966,0.0056,0.9
0.21261562312021892,0.0044816622574127,0.41533908514835516,1.0,1.0,0.0,1.0,0.966,0.0056,0.9
0.19265793008672985,0.011235235756383001,0.4851368618168377,1.0,1.0,0.0,1.0,0.966,0.0056,0.9
0.14502389956631973,0.04495457822361019,0.5430300036033959,1.0,1.0,0.0,1.0,0.966,0.0056,0.9
0.12545913318558216,0.06773838042862519,0.5532322787341576,1.0,1.0,0.0,1.0,0.966,0.0056,0.9
0.09624907889084106,0.11539181282912167,0.563356611649492,1.0,1.0,0.0,1.0,0.966,0.0056,0.9
0.12243293280182035,0.07550199295966456,0.5566097797396962,1.0,1.0,0.0,1.0,0.966,0.0056,0.9
0.1730660121115016,0.7973573329615378,0.590406483505579,1.0,1.0,0.0,1.0,0.966,0.0056,0.9
0.1729797098377222,0.021853628159863584,0.5180297946501637,1.0,1.0,0.0,1.0,0.966,0.0056,0.9
0.07731575426475154,0.15399697873072624,0.5685110358602968,1.0,1.0,0.0,1.0,0.966,0.0056,0.9
0.1871730709341581,0.013683349585767397,0.49723642428895926,1.0,1.0,0.0,1.0,0.966,0.0056,0.9
0.10802605813559074,0.09350348960454534,0.5598755566402333,1.0,1.0,0.0,1.0,0.966,0.0056,0.9
0.22819187074692573,0.0012601859055435395,0.24959403320672316,1.0,1.0,0.0,1.0,0.966,0.0056,0.9
0.09457600662089197,0.11746932795034766,0.5639681284269562,1.0,1.0,0.0,1.0,0.966,0.0056,0.9
0.11563174309970561,0.08160941198634507,0.557087674764346,1.0,1.0,0.0,1.0,0.966,0.0056,0.9
0.028635240850066503,0.6643727212070607,0.5877809241009408,1.0,1.0,0.0,1.0,0.966,0.0056,0.9
0.11630608129090429,0.08058708660342342,0.556991916575376,1.0,1.0,0.0,1.0,0.966,0.0056,0.9
0.08583359974175198,0.13514156063827115,0.5664956437615162,1.0,1.0,0.0,1.0,0.966,0.0056,0.9
0.043047519311066366,0.2508650484391903,0.5753249493726217,1.0,1.0,0.0,1.0,0.966,0.0056,0.9
0.22520117196895828,0.0016815648106650487,0.29910795308052424,1.0,1.0,0.0,1.0,0.966,0.0056,0.9
0.12306384908342909,0.0709800314548545,0.5541004604869575,1.0,1.0,0.0,1.0,0.966,0.0056,0.9
0.1278098028965905,0.06466414768644567,0.552065341283118,1.0,1.0,0.0,1.0,0.966,0.0056,0.9
0.02310744792216124,0.328989258950803,0.5788047762998758,1.0,1.0,0.0,1.0,0.966,0.0056,0.9
0.06683265777034342,0.17998469734606928,0.5706908122727469,1.0,1.0,0.0,1.0,0.966,0.0056,0.9
0.11804389487166503,0.07803141666775833,0.556183638348032,1.0,1.0,0.0,1.0,0.966,0.0056,0.9
0.007081599277621075,0.597367494806045,0.5863307257961818,1.0,1.0,0.0,1.0,0.966,0.0056,0.9
0.13227887720234022,0.059379582862554584,0.5504517899445204,1.0,1.0,0.0,1.0,0.966,0.0056,0.9
0.1045800579969546,0.09928119869372463,0.5610622193215485,1.0,1.0,0.0,1.0,0.966,0.0056,0.9
0.11934325077776398,0.07614634199093741,0.5556986763635522,1.0,1.0,0.0,1.0,0.966,0.0056,0.9
0.23645857075723348,0.8234893679352628,0.5909338406187179,1.0,1.0,0.0,1.0,0.966,0.0056,0.9
0.1346924522532911,0.7765547524025195,0.5900525199408942,1.0,1.0,0.0,1.0,0.966,0.0056,0.9
0.10838646798016668,0.09325697885336946,0.5595807366964001,1.0,1.0,0.0,1.0,0.966,0.0056,0.9
0.169369621386936,0.024356186135798392,0.5232836921881823,1.0,1.0,0.0,1.0,0.966,0.0056,0.9
0.040120116828413085,0.2610700551153707,0.5758804165171275,1.0,1.0,0.0,1.0,0.966,0.0056,0.9
0.14816652393552782,0.04179342443138243,0.5408214310929222,1.0,1.0,0.0,1.0,0.966,0.0056,0.9
0.07534198374796536,0.15878306111982177,0.5688206287365664,1.0,1.0,0.0,1.0,0.966,0.0056,0.9
0.08774492045794899,0.13104451863231598,0.5658813599812722,1.0,1.0,0.0,1.0,0.966,0.0056,0.9
0.1166544561757245,0.08129564920073888,0.5576708257900271,1.0,1.0,0.0,1.0,0.966,0.0056,0.9
0.055774346838190283,0.2104941690490741,0.5729944716426638,1.0,1.0,0.0,1.0,0.966,0.0056,0.9
0.011131076576777432,0.3916452826336488,0.5809403679602793,1.0,1.0,0.0,1.0,0.966,0.0056,0.9
0.1693531013508367,0.02424041344025685,0.522365689790237,1.0,1.0,0.0,1.0,0.966,0.0056,0.9
0.07429121656240482,0.16113152682568171,0.5691251272367351,1.0,1.0,0.0,1.0,0.966,0.0056,0.9
0.11167310285488151,0.08773543317944661,0.5585054494812354,1.0,1.0,0.0,1.0,0.966,0.0056,0.9
0.15693952167880484,0.034022524998393616,0.5339882965543363,1.0,1.0,0.0,1.0,0.966,0.0056,0.9
0.15808626316592625,0.032844590906710075,0.5334519803319802,1.0,1.0,0.0,1.0,0.966,0.0056,0.9
0.12334729207162949,0.07055898201103915,0.5540638450545274,1.0,1.0,0.0,1.0,0.966,0.0056,0.9
0.07154059265184805,0.16788232836959743,0.5697137901374111,1.0,1.0,0.0,1.0,0.966,0.0056,0.9
0.10276458571970908,0.10257385897025281,0.5614719212126115,1.0,1.0,0.0,1.0,0.966,0.0056,0.9
0.10959068175991815,0.09096460371601814,0.5593214363054487,1.0,1.0,0.0,1.0,0.966,0.0056,0.9
0.11494050932058249,0.08261291780830354,0.5574329297067602,1.0,1.0,0.0,1.0,0.966,0.0056,0.9
0.06783735913242063,0.1774214433527429,0.5704697629335372,1.0,1.0,0.0,1.0,0.966,0.0056,0.9
0.10325921371446707,0.10155124537510746,0.5614613046380663,1.0,1.0,0.0,1.0,0.966,0.0056,0.9
0.007868856678999949,0.4132036464366752,0.5816313581840084,1.0,1.0,0.0,1.0,0.966,0.0056,0.9
0.06800044062406141,0.17727162022238116,0.570728289673623,1.0,1.0,0.0,1.0,0.966,0.0056,0.9
0.06831505445289733,0.1759782951106313,0.5704717877517376,1.0,1.0,0.0,1.0,0.966,0.0056,0.9
0.20902937726109555,0.005209389056127777,0.43122110567658484,1.0,1.0,0.0,1.0,0.966,0.0056,0.9
0.09393843668196257,0.11864005745347156,0.5642145199620927,1.0,1.0,0.0,1.0,0.966,0.0056,0.9
0.052516605504945704,0.22029568603802704,0.573636468793887,1.0,1.0,0.0,1.0,0.966,0.0056,0.9
0.10847169412987027,0.09286365160707896,0.559893053968579,1.0,1.0,0.0,1.0,0.966,0.0056,0.9
0.018980348609036343,0.34859488952814427,0.5795340573688232,1.0,1.0,0.0,1.0,0.966,0.0056,0.9
0.09159544031636065,0.12336542737792024,0.5647662881108609,1.0,1.0,0.0,1.0,0.966,0.0056,0.9
0.1667213207251404,0.026097102005915584,0.5252707040020512,1.0,1.0,0.0,1.0,0.966,0.0056,0.9
0.09588630825146946,0.11491740505266072,0.563689530846516,1.0,1.0,0.0,1.0,0.966,0.0056,0.9
0.10993389025771247,0.09040685743245892,0.5592294337913226,1.0,1.0,0.0,1.0,0.966,0.0056,0.9
0.08366203013400378,0.13976684110122892,0.5670189649332305,1.0,1.0,0.0,1.0,0.966,0.0056,0.9
0.06315580319181673,0.1896054784061076,0.5715424807758342,1.0,1.0,0.0,1.0,0.966,0.0056,0.9
0.04272412443693341,0.27313461973417885,0.575781578459012,1.0,1.0,0.0,1.0,0.966,0.0056,0.9
0.08787360984574948,0.13119551541551783,0.5661231269679472,1.0,1.0,0.0,1.0,0.966,0.0056,0.9
0.09386507536790924,0.11887587154113792,0.5643667057154488,1.0,1.0,0.0,1.0,0.966,0.0056,0.9
0.14049555908916594,0.04966711965517777,0.5455618340669344,1.0,1.0,0.0,1.0,0.966,0.0056,0.9
0.09575589462751241,0.1151620889355628,0.5637031550762356,1.0,1.0,0.0,1.0,0.966,0.0056,0.9
0.060984007844930896,0.1956151188414662,0.5720144856233411,1.0,1.0,0.0,1.0,0.966,0.0056,0.9
0.021312389110933888,0.33729587719067317,0.5790861655182867,1.0,1.0,0.0,1.0,0.966,0.0056,0.9
0.05093048916900475,0.7017728979170214,0.5885768336377111,1.0,1.0,0.0,1.0,0.966,0.0056,0.9
0.09923669323072247,0.10872355465571244,0.5627501719133898,1.0,1.0,0.0,1.0,0.966,0.0056,0.9
0.059331796225243656,0.20193620039173726,0.572682892640393,1.0,1.0,0.0,1.0,0.966,0.0056,0.9
0.09415866353431931,0.11822859275663937,0.5641222391870484,1.0,1.0,0.0,1.0,0.966,0.0056,0.9
0.05573346870881623,0.21095897683514458,0.5729064582740329,1.0,1.0,0.0,1.0,0.966,0.0056,0.9
0.14646143455778868,0.043510699118614944,0.5421215684536328,1.0,1.0,0.0,1.0,0.966,0.0056,0.9
0.07136596320156627,0.7264076214287166,0.5890405022792362,1.0,1.0,0.0,1.0,0.966,0.0056,0.9
0.06885859755131704,0.17458792564411182,0.5703582987920889,1.0,1.0,0.0,1.0,0.966,0.0056,0.9
0.09458389714319754,0.11739651954682087,0.5640508882026151,1.0,1.0,0.0,1.0,0.966,0.0056,0.9
0.07018650796223205,0.1712237649244478,0.5700744831910289,1.0,1.0,0.0,1.0,0.966,0.0056,0.9
0.19661434608776196,0.009454948263040958,0.47608530466950993,1.0,1.0,0.0,1.0,0.966,0.0056,0.9
0.09371034794538839,0.11908076963182883,0.5642873212613029,1.0,1.0,0.0,1.0,0.966,0.0056,0.9
0.21357737833670626,0.003992457623480413,0.4070478121288475,1.0,1.0,0.0,1.0,0.966,0.0056,0.9
0.20206883453543045,0.0074127771119328395,0.4590482107800979,1.0,1.0,0.0,1.0,0.966,0.0056,0.9
0.07655036829125979,0.15576553059972476,0.5686081669900709,1.0,1.0,0.0,1.0,0.966,0.0056,0.9
0.094005979030851,0.1185131635137966,0.5641826965005227,1.0,1.0,0.0,1.0,0.966,0.0056,0.9
0.22148803643869516,0.8180219061679811,0.5908230358515555,1.0,1.0,0.0,1.0,0.966,0.0056,0.9
0.1406150833761952,0.049537732829161026,0.5454991988654815,1.0,1.0,0.0,1.0,0.966,0.0056,0.9
0.08796037097955815,0.13593130829780978,0.5657900815587277,1.0,1.0,0.0,1.0,0.966,0.0056,0.9
0.06038979440232521,0.19747734429348893,0.5720026090165351,1.0,1.0,0.0,1.0,0.966,0.0056,0.9
0.11106285340115435,0.08878847486118792,0.5590802100925859,1.0,1.0,0.0,1.0,0.966,0.0056,0.9
0.038129146510429056,0.268179310041582,0.5762104009158858,1.0,1.0,0.0,1.0,0.966,0.0056,0.9
0.16014914210037684,0.03121673191252947,0.5313356325502405,1.0,1.0,0.0,1.0,0.966,0.0056,0.9
0.14993028669601688,0.04025320576079423,0.540058688430706,1.0,1.0,0.0,1.0,0.966,0.0056,0.9
0.08284361529119959,0.14944217264290213,0.5672162365803007,1.0,1.0,0.0,1.0,0.966,0.0056,0.9
0.22620750231272926,0.0015411575451479056,0.28367656059374613,1.0,1.0,0.0,1.0,0.966,0.0056,0.9
0.126522937799125,0.06639837567799704,0.552548046509227,1.0,1.0,0.0,1.0,0.966,0.0056,0.9
0.13029088708479572,0.06153969223253147,0.5508648964743111,1.0,1.0,0.0,1.0,0.966,0.0056,0.9
0.20106586078287028,0.007764448101419146,0.46238611878104596,1.0,1.0,0.0,1.0,0.966,0.0056,0.9
0.12395428372814253,0.07023780569090105,0.5535679924016097,1.0,1.0,0.0,1.0,0.966,0.0056,0.9
0.12179766424868659,0.07269380956020659,0.5547798054067589,1.0,1.0,0.0,1.0,0.966,0.0056,0.9
0.1379176131421727,0.052802095105924485,0.5467600185721155,1.0,1.0,0.0,1.0,0.966,0.0056,0.9
0.09279952634659569,0.12085537976028361,0.5645443448693128,1.0,1.0,0.0,1.0,0.966,0.0056,0.9
0.07444933271442505,0.16074078050155888,0.5691181174503507,1.0,1.0,0.0,1.0,0.966,0.0056,0.9
0.06066289401053547,0.7143758519945628,0.5887999043093344,1.0,1.0,0.0,1.0,0.966,0.0056,0.9
0.12858101222150706,0.06367732092453442,0.5517729519252639,1.0,1.0,0.0,1.0,0.966,0.0056,0.9
0.18316354999286102,0.01585676223722472,0.5035431533224224,1.0,1.0,0.0,1.0,0.966,0.0056,0.9
0.03136076191609671,0.2939012750629855,0.5773820527380329,1.0,1.0,0.0,1.0,0.966,0.0056,0.9
0.02352354344077917,0.32708218110286275,0.57870866730287,1.0,1.0,0.0,1.0,0.966,0.0056,0.9
0.07924880471682219,0.1495150369188439,0.5680140774573055,1.0,1.0,0.0,1.0,0.966,0.0056,0.9
0.12807031612763117,0.06435575001230787,0.5518849126083256,1.0,1.0,0.0,1.0,0.966,0.0056,0.9
0.15627786592426995,0.034591386496199424,0.5355408459960903,1.0,1.0,0.0,1.0,0.966,0.0056,0.9
0.12032954871432512,0.07475436575753773,0.5553999345415949,1.0,1.0,0.0,1.0,0.966,0.0056,0.9
0.04596368579076252,0.24110753703485518,0.5748428046535052,1.0,1.0,0.0,1.0,0.966,0.0056,0.9
0.0433568670657444,0.24981737472396723,0.5752962597778416,1.0,1.0,0.0,1.0,0.966,0.0056,0.9
0.08773696733383642,0.1310659779181516,0.5658726304207159,1.0,1.0,0.0,1.0,0.966,0.0056,0.9
0.1219132276505652,0.07262889059615983,0.5545328285853257,1.0,1.0,0.0,1.0,0.966,0.0056,0.9
0.18142545698304322,0.01780082940968276,0.5076664460660196,1.0,1.0,0.0,1.0,0.966,0.0056,0.9
0.09395209725829685,0.11862593527107446,0.5641823336018038,1.0,1.0,0.0,1.0,0.966,0.0056,0.9
0.17470272164706996,0.020920511739595672,0.5158471840277022,1.0,1.0,0.0,1.0,0.966,0.0056,0.9
0.0020375335457717674,0.5617505729571768,0.5855389803391493,1.0,1.0,0.0,1.0,0.966,0.0056,0.9
0.02045667216129174,0.341467057273357,0.5792885254839302,1.0,1.0,0.0,1.0,0.966,0.0056,0.9
0.16098567385634363,0.03050821916276579,0.5306408950081879,1.0,1.0,0.0,1.0,0.966,0.0056,0.9
0.006809864548722274,0.4210464694771519,0.5818427941465926,1.0,1.0,0.0,1.0,0.966,0.0056,0.9
0.12191571842779685,0.08220718790952526,0.5589497909306268,1.0,1.0,0.0,1.0,0.966,0.0056,0.9
0.029554501589245684,0.30119157661997964,0.577692821258695,1.0,1.0,0.0,1.0,0.966,0.0056,0.9
0.21206430692301606,0.004397201501022229,0.41556453718291503,1.0,1.0,0.0,1.0,0.966,0.0056,0.9
0.06552498138261321,0.1832598378917813,0.5710684161820094,1.0,1.0,0.0,1.0,0.966,0.0056,0.9
0.0658777615294799,0.18232074142878835,0.5709847415830137,1.0,1.0,0.0,1.0,0.966,0.0056,0.9
0.04164135959183563,0.6880953300860145,0.5882605706148395,1.0,1.0,0.0,1.0,0.966,0.0056,0.9
0.23176561872920606,0.8218150144139329,0.5908993070070471,1.0,1.0,0.0,1.0,0.966,0.0056,0.9
0.11864008833360593,0.07740887437377628,0.55634870436939,1.0,1.0,0.0,1.0,0.966,0.0056,0.9
0.07579898968481161,0.1575251048811027,0.5688187891722889,1.0,1.0,0.0,1.0,0.966,0.0056,0.9
0.07853721620282526,0.1511415863644123,0.5681740472258441,1.0,1.0,0.0,1.0,0.966,0.0056,0.9
0.129902428546916,0.062088724553884075,0.5509709627399244,1.0,1.0,0.0,1.0,0.966,0.0056,0.9
0.07655066340328778,0.15576262706999847,0.5686640260937356,1.0,1.0,0.0,1.0,0.966,0.0056,0.9
0.04656590140095635,0.23947509336774261,0.5746224974173394,1.0,1.0,0.0,1.0,0.966,0.0056,0.9
0.2170498717110303,0.0031966442423439793,0.38308836529864304,1.0,1.0,0.0,1.0,0.966,0.0056,0.9
0.17633944290914175,0.019698127068898893,0.5137726710028271,1.0,1.0,0.0,1.0,0.966,0.0056,0.9
0.0866742296427597,0.1338489167830519,0.5664811699992373,1.0,1.0,0.0,1.0,0.966,0.0056,0.9
0.029622542980448262,0.3009024295208234,0.577669888088959,1.0,1.0,0.0,1.0,0.966,0.0056,0.9
0.0008854095884232669,0.5466219399921952,0.5851890159564493,1.0,1.0,0.0,1.0,0.966,0.0056,0.9
0.09269007823691608,0.7465227020927896,0.5894301241718829,1.0,1.0,0.0,1.0,0.966,0.0056,0.9
0.2108498538924354,0.004704337424937471,0.42216522883778546,1.0,1.0,0.0,1.0,0.966,0.0056,0.9
0.049891215541265084,0.22851282233165857,0.5741548013983017,1.0,1.0,0.0,1.0,0.966,0.0056,0.9
0.12935707110039896,0.06635529506731014,0.5515359304032507,1.0,1.0,0.0,1.0,0.966,0.0056,0.9
0.031099640006729695,0.29508856897376007,0.5774711532963527,1.0,1.0,0.0,1.0,0.966,0.0056,0.9
0.03443495110159718,0.2820085415271209,0.57688589598772,1.0,1.0,0.0,1.0,0.966,0.0056,0.9
0.0690045899266409,0.17618879480924599,0.5708080493155104,1.0,1.0,0.0,1.0,0.966,0.0056,0.9
0.010694939187643073,0.39850520142678014,0.5810133953409592,1.0,1.0,0.0,1.0,0.966,0.0056,0.9
0.13514575315097382,0.05631079182609276,0.5482287363334819,1.0,1.0,0.0,1.0,0.966,0.0056,0.9
0.10456460219434835,0.09957895795062527,0.5608661653752324,1.0,1.0,0.0,1.0,0.966,0.0056,0.9
0.0853001118336634,0.1362375806719915,0.5666049325425112,1.0,1.0,0.0,1.0,0.966,0.0056,0.9
0.0567476637244416,0.2076409534963775,0.5727957726910401,1.0,1.0,0.0,1.0,0.966,0.0056,0.9
0.09039453258650734,0.1256305806308334,0.5651878588710707,1.0,1.0,0.0,1.0,0.966,0.0056,0.9
0.012911009544664762,0.38136819267627076,0.5805716392044666,1.0,1.0,0.0,1.0,0.966,0.0056,0.9
0.17326187748909178,0.02160021766552099,0.5180110681801139,1.0,1.0,0.0,1.0,0.966,0.0056,0.9
0.1648341895299337,0.02748840913990762,0.5272138081946711,1.0,1.0,0.0,1.0,0.966,0.0056,0.9
0.026241659620794208,0.3160621131565013,0.5781712061919713,1.0,1.0,0.0,1.0,0.966,0.0056,0.9
0.04763866771810277,0.2356569841398016,0.5745488556565558,1.0,1.0,0.0,1.0,0.966,0.0056,0.9
0.14685774811916302,0.043143604817264626,0.5419325332048167,1.0,1.0,0.0,1.0,0.966,0.0056,0.9
0.012720713038891128,0.621458501337716,0.5868614857121587,1.0,1.0,0.0,1.0,0.966,0.0056,0.9
0.1276934106912809,0.0651504302600539,0.5526373523246095,1.0,1.0,0.0,1.0,0.966,0.0056,0.9
0.023011560531943864,0.32940407861827453,0.5788073436245432,1.0,1.0,0.0,1.0,0.966,0.0056,0.9
0.10417281589155973,0.09997301211785786,0.5611659706289293,1.0,1.0,0.0,1.0,0.966,0.0056,0.9
0.05779102832049648,0.20461927515783782,0.5726111266334887,1.0,1.0,0.0,1.0,0.966,0.0056,0.9
0.1222938716560013,0.07200111559096971,0.5545368830871938,1.0,1.0,0.0,1.0,0.966,0.0056,0.9
0.16169222056803972,0.029908302905945223,0.5301496965012826,1.0,1.0,0.0,1.0,0.966,0.0056,0.9
0.16988364454187152,0.02388641311656654,0.5222307985217429,1.0,1.0,0.0,1.0,0.966,0.0056,0.9
0.10405511530137718,0.10017741859795012,0.5612170018115343,1.0,1.0,0.0,1.0,0.966,0.0056,0.9
0.019759531587081106,0.643315462470229,0.587342082651962,1.0,1.0,0.0,1.0,0.966,0.0056,0.9
0.16047260173018038,0.030880060800893738,0.5313375829515375,1.0,1.0,0.0,1.0,0.966,0.0056,0.9
0.21189717445649395,0.004427962960707028,0.4165191323013243,1.0,1.0,0.0,1.0,0.966,0.0056,0.9
0.12247392623764423,0.07187168887488028,0.5546781599896763,1.0,1.0,0.0,1.0,0.966,0.0056,0.9
0.13620357800522656,0.06191460743726497,0.552926117973052,1.0,1.0,0.0,1.0,0.966,0.0056,0.9
0.13126099737949806,0.0617564512102671,0.55181023233888,1.0,1.0,0.0,1.0,0.966,0.0056,0.9
0.17218064028351965,0.02230804057388384,0.5192602904446209,1.0,1.0,0.0,1.0,0.966,0.0056,0.9
0.16889453317344968,0.026911766659321594,0.5285778331962327,1.0,1.0,0.0,1.0,0.966,0.0056,0.9
0.014111229771820659,0.37411479592267793,0.5803790397747144,1.0,1.0,0.0,1.0,0.966,0.0056,0.9
0.00017985935087197849,0.5221106986751748,0.5845190044718168,1.0,1.0,0.0,1.0,0.966,0.0056,0.9
0.1315592084783172,0.05996988230188455,0.5502659284334142,1.0,1.0,0.0,1.0,0.966,0.0056,0.9
0.12035362079837868,0.07476175011004328,0.5552113113294763,1.0,1.0,0.0,1.0,0.966,0.0056,0.9
0.09786381043146099,0.1118304957398718,0.5634861653667429,1.0,1.0,0.0,1.0,0.966,0.0056,0.9
0.012736189445695767,0.381974200497265,0.580637964637908,1.0,1.0,0.0,1.0,0.966,0.0056,0.9
0.048800587882381535,0.23249089109776266,0.5744668386000967,1.0,1.0,0.0,1.0,0.966,0.0056,0.9
0.0006173989709215093,0.5407178374090316,0.5850663405067958,1.0,1.0,0.0,1.0,0.966,0.0056,0.9
0.02246971184276153,0.3318907461568713,0.5789041430871701,1.0,1.0,0.0,1.0,0.966,0.0056,0.9
0.014805765778911777,0.37033294576055764,0.580287733532004,1.0,1.0,0.0,1.0,0.966,0.0056,0.9
0.17599492902363917,0.019931145774736047,0.5141976038202147,1.0,1.0,0.0,1.0,0.966,0.0056,0.9
0.1667693775085317,0.026648501305577943,0.5271476591500724,1.0,1.0,0.0,1.0,0.966,0.0056,0.9
0.018381219172169314,0.35216740577856576,0.5795578359745911,1.0,1.0,0.0,1.0,0.966,0.0056,0.9
0.1467766367221966,0.04328248342449031,0.5414738088857807,1.0,1.0,0.0,1.0,0.966,0.0056,0.9
0.01746854172855487,0.35622879082241576,0.5798072357556338,1.0,1.0,0.0,1.0,0.966,0.0056,0.9
0.1499812075112858,0.040053642760037,0.5395109495859151,1.0,1.0,0.0,1.0,0.966,0.0056,0.9
0.04364614095403955,0.24882869245609887,0.575238272351296,1.0,1.0,0.0,1.0,0.966,0.0056,0.9
0.0008604684648221337,0.5140262343172641,0.5842353120953525,1.0,1.0,0.0,1.0,0.966,0.0056,0.9
0.03615128783091949,0.2754913391570819,0.5765749127064854,1.0,1.0,0.0,1.0,0.966,0.0056,0.9
0.009784996016973836,0.40019376016668107,0.5812078078693815,1.0,1.0,0.0,1.0,0.966,0.0056,0.9
0.05052090889509294,0.2270234171823501,0.5738792554205484,1.0,1.0,0.0,1.0,0.966,0.0056,0.9
0.15286665003673594,0.037527885816003644,0.5371953367580002,1.0,1.0,0.0,1.0,0.966,0.0056,0.9
0.13925517474574173,0.05263711368749939,0.548047318878616,1.0,1.0,0.0,1.0,0.966,0.0056,0.9
0.028930886839446984,0.3037429382482588,0.5777877387077124,1.0,1.0,0.0,1.0,0.966,0.0056,0.9
0.00892744873560803,0.40583464076077125,0.5813984620449114,1.0,1.0,0.0,1.0,0.966,0.0056,0.9
0.09531372543178776,0.1162635028092711,0.5636918050163056,1.0,1.0,0.0,1.0,0.966,0.0056,0.9
0.0883130493067731,0.1298679043068556,0.5657503695101235,1.0,1.0,0.0,1.0,0.966,0.0056,0.9
0.13664037054031616,0.05400446249733625,0.5478983952170164,1.0,1.0,0.0,1.0,0.966,0.0056,0.9
0.0006719790319461205,0.49953215584040667,0.5839080803348478,1.0,1.0,0.0,1.0,0.966,0.0056,0.9
0.11070556169436875,0.09282468411390142,0.5606164954084618,1.0,1.0,0.0,1.0,0.966,0.0056,0.9
0.22265357079304593,0.0021204332310885785,0.33126275563405116,1.0,1.0,0.0,1.0,0.966,0.0056,0.9
0.12643310551004186,0.06645479202074762,0.5527920222496133,1.0,1.0,0.0,1.0,0.966,0.0056,0.9
0.0232687767359569,0.32825221123033,0.5787754674330003,1.0,1.0,0.0,1.0,0.966,0.0056,0.9
0.09852757917428902,0.10999862273422253,0.5628808022885244,1.0,1.0,0.0,1.0,0.966,0.0056,0.9
0.11883993310179615,0.08128645138757719,0.5560439861799984,1.0,1.0,0.0,1.0,0.966,0.0056,0.9
0.019161143570172786,0.34764526866184386,0.5794781881014849,1.0,1.0,0.0,1.0,0.966,0.0056,0.9
0.13891214412638536,0.05214544926306517,0.5474972971518954,1.0,1.0,0.0,1.0,0.966,0.0056,0.9
0.01363746240149524,0.3767741714846849,0.5804783810971038,1.0,1.0,0.0,1.0,0.966,0.0056,0.9
0.03645018527433931,0.27434504269250914,0.5765052069484012,1.0,1.0,0.0,1.0,0.966,0.0056,0.9
0.1380728945241587,0.05546283667702631,0.5471485391908604,1.0,1.0,0.0,1.0,0.966,0.0056,0.9
0.037818334378497596,0.2693051489499335,0.5762555063487654,1.0,1.0,0.0,1.0,0.966,0.0056,0.9
0.03857200841457216,0.30674135540597625,0.5787239252954496,1.0,1.0,0.0,1.0,0.966,0.0056,0.9
0.05293578370192198,0.2191736914506807,0.5736176541545828,1.0,1.0,0.0,1.0,0.966,0.0056,0.9
0.0245374804942203,0.3225388013370643,0.5785430985559914,1.0,1.0,0.0,1.0,0.966,0.0056,0.9
0.1330744165721159,0.07385569416459659,0.5574101799789827,1.0,1.0,0.0,1.0,0.966,0.0056,0.9
0.09590516044582142,0.11488014210349463,0.5636761205306566,1.0,1.0,0.0,1.0,0.966,0.0056,0.9
0.006935606587191548,0.4201301698573043,0.5818525373938398,1.0,1.0,0.0,1.0,0.966,0.0056,0.9
0.11762650683354516,0.07863444074739881,0.5564649049241492,1.0,1.0,0.0,1.0,0.966,0.0056,0.9
0.0029196067921182017,0.5702107910008682,0.5857286884995186,1.0,1.0,0.0,1.0,0.966,0.0056,0.9
0.0008546790946787788,0.5360501737491882,0.584814474387237,1.0,1.0,0.0,1.0,0.966,0.0056,0.9
0.07947627592045249,0.14899911250231027,0.5679660814371763,1.0,1.0,0.0,1.0,0.966,0.0056,0.9
0.0025936257545032993,0.4594469998709322,0.5829498135349211,1.0,1.0,0.0,1.0,0.966,0.0056,0.9
0.03725624547717292,0.27136163383927153,0.5763496684177201,1.0,1.0,0.0,1.0,0.966,0.0056,0.9
0.07943921874873587,0.14914296645068778,0.5680369517453685,1.0,1.0,0.0,1.0,0.966,0.0056,0.9
0.007533647416958451,0.5994750729160223,0.5863600062193153,1.0,1.0,0.0,1.0,0.966,0.0056,0.9
0.02735584922552931,0.6616455150789163,0.5877238748945314,1.0,1.0,0.0,1.0,0.966,0.0056,0.9
0.04384418319376029,0.24818903340073328,0.5752242467713503,1.0,1.0,0.0,1.0,0.966,0.0056,0.9
0.03149594311369042,0.29335987679486314,0.5773559281229743,1.0,1.0,0.0,1.0,0.966,0.0056,0.9
0.022449735523387027,0.6502828632234738,0.5874887468321627,1.0,1.0,0.0,1.0,0.966,0.0056,0.9
0.07245315739577564,0.7275467206227818,0.5890634166202727,1.0,1.0,0.0,1.0,0.966,0.0056,0.9
6.440800311250937e-5,0.5213610442246354,0.5845905590875858,1.0,1.0,0.0,1.0,0.966,0.0056,0.9
0.08733446087453507,0.13189702944747436,0.5660190208822667,1.0,1.0,0.0,1.0,0.966,0.0056,0.9
0.0011194162098598407,0.550465137576163,0.5852715007370807,1.0,1.0,0.0,1.0,0.966,0.0056,0.9
0.09956682622028042,0.10812126013082514,0.5625378543139835,1.0,1.0,0.0,1.0,0.966,0.0056,0.9
0.04322957378538369,0.25024253334926166,0.5753098888970147,1.0,1.0,0.0,1.0,0.966,0.0056,0.9
0.10283959409895384,0.10228508832664807,0.5616093134404752,1.0,1.0,0.0,1.0,0.966,0.0056,0.9
0.07017902108997677,0.1712377079166275,0.5700611394671228,1.0,1.0,0.0,1.0,0.966,0.0056,0.9
0.007336905920333825,0.417100647045104,0.581757161412438,1.0,1.0,0.0,1.0,0.966,0.0056,0.9
0.07869743579668344,0.1507752749341472,0.5681460651362162,1.0,1.0,0.0,1.0,0.966,0.0056,0.9
0.010727996835434473,0.39477750742117923,0.5811221730771517,1.0,1.0,0.0,1.0,0.966,0.0056,0.9
0.011236495204232576,0.3910115479634047,0.5809578886624354,1.0,1.0,0.0,1.0,0.966,0.0056,0.9
0.22098949091834277,0.0024001000524590897,0.3486988930786956,1.0,1.0,0.0,1.0,0.966,0.0056,0.9
0.029805808499085193,0.6667940180156094,0.5878329581282203,1.0,1.0,0.0,1.0,0.966,0.0056,0.9
0.07769607841074747,0.15621819349059218,0.5691580919784409,1.0,1.0,0.0,1.0,0.966,0.0056,0.9
0.07118910674111598,0.16872513734923938,0.5698701561239246,1.0,1.0,0.0,1.0,0.966,0.0056,0.9
0.2031580210383828,0.0070532863529878635,0.45519710825488613,1.0,1.0,0.0,1.0,0.966,0.0056,0.9
0.00041601358943053885,0.5319047375410724,0.5847519457906479,1.0,1.0,0.0,1.0,0.966,0.0056,0.9
0.17605244739436807,0.7977476100743945,0.5903233945617675,1.0,1.0,0.0,1.0,0.966,0.0056,0.9
0.1298575629786064,0.06396205988072223,0.5509868877321475,1.0,1.0,0.0,1.0,0.966,0.0056,0.9
0.021141544758204758,0.3428605250586021,0.5790785170014017,1.0,1.0,0.0,1.0,0.966,0.0056,0.9
0.1419798115794966,0.04940408818061671,0.5445170171214825,1.0,1.0,0.0,1.0,0.966,0.0056,0.9
0.15260211503887006,0.039032723444703765,0.5399449893821632,1.0,1.0,0.0,1.0,0.966,0.0056,0.9
0.024034442443477844,0.324787238506516,0.5786180659328768,1.0,1.0,0.0,1.0,0.966,0.0056,0.9
0.09440806503546569,0.11780038800523893,0.5641935010084321,1.0,1.0,0.0,1.0,0.966,0.0056,0.9
0.08010023376085322,0.14784697426982768,0.5679760475442514,1.0,1.0,0.0,1.0,0.966,0.0056,0.9
0.006974898962380662,0.5577133729504895,0.5851129581551887,1.0,1.0,0.0,1.0,0.966,0.0056,0.9
0.0023341456580071914,0.46297657503640266,0.5830817843677351,1.0,1.0,0.0,1.0,0.966,0.0056,0.9
0.032487315629180835,0.2894429673807415,0.5771749528466097,1.0,1.0,0.0,1.0,0.966,0.0056,0.9
0.06882864346327924,0.17467371655447012,0.5703776329622157,1.0,1.0,0.0,1.0,0.966,0.0056,0.9
0.02734723660533529,0.3106293004970974,0.5781298750530909,1.0,1.0,0.0,1.0,0.966,0.0056,0.9
0.0616543549939215,0.19371630996758574,0.571840260762816,1.0,1.0,0.0,1.0,0.966,0.0056,0.9
0.013667622980373927,0.3767878742589627,0.5804394463076336,1.0,1.0,0.0,1.0,0.966,0.0056,0.9
0.11527861090499089,0.08287563699030762,0.5579364669733425,1.0,1.0,0.0,1.0,0.966,0.0056,0.9
0.11615142876211589,0.08080283382314116,0.5570121665201525,1.0,1.0,0.0,1.0,0.966,0.0056,0.9
0.0690622251869178,0.17406757149549498,0.5703123265501598,1.0,1.0,0.0,1.0,0.966,0.0056,0.9
0.07566561278548271,0.15785317705814203,0.5688099316691064,1.0,1.0,0.0,1.0,0.966,0.0056,0.9
0.16905487700047533,0.024946333916430093,0.5226261364479319,1.0,1.0,0.0,1.0,0.966,0.0056,0.9
0.04387649349651443,0.2480608240571444,0.575167658948762,1.0,1.0,0.0,1.0,0.966,0.0056,0.9
0.06698286952938153,0.17942097326749307,0.5707372494698748,1.0,1.0,0.0,1.0,0.966,0.0056,0.9
0.015597645787983373,0.6311670076265954,0.5870827448772341,1.0,1.0,0.0,1.0,0.966,0.0056,0.9
0.16255541233422982,0.029538560467127464,0.530463435575477,1.0,1.0,0.0,1.0,0.966,0.0056,0.9
0.02761958478316654,0.3092129474853526,0.5780089013551316,1.0,1.0,0.0,1.0,0.966,0.0056,0.9
0.055028579701864,0.21362730078927283,0.5730090898283665,1.0,1.0,0.0,1.0,0.966,0.0056,0.9
0.21599584162127247,0.0034291848907865683,0.3908347111131349,1.0,1.0,0.0,1.0,0.966,0.0056,0.9
0.04588742033915621,0.24133197127678183,0.5748358435488049,1.0,1.0,0.0,1.0,0.966,0.0056,0.9
0.12324929060418159,0.0709623042914165,0.5545010592109608,1.0,1.0,0.0,1.0,0.966,0.0056,0.9
0.08575982568301871,0.1352780204223794,0.566332901370977,1.0,1.0,0.0,1.0,0.966,0.0056,0.9
0.13446042311192272,0.05816251820776423,0.548699236641071,1.0,1.0,0.0,1.0,0.966,0.0056,0.9
0.15307209384077614,0.03894892166466227,0.5400209113008728,1.0,1.0,0.0,1.0,0.966,0.0056,0.9
0.11710148297612027,0.07939344925031705,0.5566033345235475,1.0,1.0,0.0,1.0,0.966,0.0056,0.9
0.06051297548459609,0.1968966125547538,0.5720440364107124,1.0,1.0,0.0,1.0,0.966,0.0056,0.9
0.00992804361449581,0.39937968305429383,0.5811686614900061,1.0,1.0,0.0,1.0,0.966,0.0056,0.9
0.06830506256587307,0.17601796156898292,0.570431466199021,1.0,1.0,0.0,1.0,0.966,0.0056,0.9
0.01850842934221493,0.6398583983426032,0.5872678297055377,1.0,1.0,0.0,1.0,0.966,0.0056,0.9
0.11129066895145408,0.08877407809933459,0.5592177358777357,1.0,1.0,0.0,1.0,0.966,0.0056,0.9
0.12042485154092793,0.07612278439052067,0.5563924610336322,1.0,1.0,0.0,1.0,0.966,0.0056,0.9
0.034929079433424784,0.2800408421339542,0.5767489065546031,1.0,1.0,0.0,1.0,0.966,0.0056,0.9
0.008173204728212088,0.41104985347598105,0.5815674087221592,1.0,1.0,0.0,1.0,0.966,0.0056,0.9
0.06696805341130842,0.1794602517258849,0.5707500738193718,1.0,1.0,0.0,1.0,0.966,0.0056,0.9
0.0626194357741445,0.19106511867332193,0.5716461257730946,1.0,1.0,0.0,1.0,0.966,0.0056,0.9
0.10326473981642545,0.10227448654975829,0.5612343900492389,1.0,1.0,0.0,1.0,0.966,0.0056,0.9
0.029762510117088203,0.3003311379573872,0.577641061286668,1.0,1.0,0.0,1.0,0.966,0.0056,0.9
0.08328961078776198,0.1405165898070994,0.567007354699469,1.0,1.0,0.0,1.0,0.966,0.0056,0.9
0.11481658803787675,0.08285452582404917,0.5576087124681512,1.0,1.0,0.0,1.0,0.966,0.0056,0.9
0.0159952362763432,0.36383288094914096,0.5800439656640326,1.0,1.0,0.0,1.0,0.966,0.0056,0.9
0.015032327320830275,0.3690296357668589,0.58022953372695,1.0,1.0,0.0,1.0,0.966,0.0056,0.9
0.048343085283722595,0.23346878888682618,0.574448976544655,1.0,1.0,0.0,1.0,0.966,0.0056,0.9
0.006999018230102186,0.41956387532072076,0.5818121971754769,1.0,1.0,0.0,1.0,0.966,0.0056,0.9
0.07063929140679436,0.17017448740888202,0.5700405308110377,1.0,1.0,0.0,1.0,0.966,0.0056,0.9
0.07088335018708194,0.7258689085688595,0.5890160858189272,1.0,1.0,0.0,1.0,0.966,0.0056,0.9
0.05716368192126467,0.2064470548729952,0.5726962346047886,1.0,1.0,0.0,1.0,0.966,0.0056,0.9
0.0766343610403878,0.15576733038089888,0.5685156021689821,1.0,1.0,0.0,1.0,0.966,0.0056,0.9
0.04567604827085957,0.24206791024863158,0.5748332527280043,1.0,1.0,0.0,1.0,0.966,0.0056,0.9
0.09199229064120473,0.1259735364994597,0.5646237987005125,1.0,1.0,0.0,1.0,0.966,0.0056,0.9
0.052793333556623974,0.2194278892814253,0.5735537431672986,1.0,1.0,0.0,1.0,0.966,0.0056,0.9
0.11816789072561669,0.07786066460026515,0.55628645302077,1.0,1.0,0.0,1.0,0.966,0.0056,0.9
0.04512047467469544,0.2439044779057544,0.5749362678782244,1.0,1.0,0.0,1.0,0.966,0.0056,0.9
0.07413516627051436,0.1614966113355832,0.5691817194252413,1.0,1.0,0.0,1.0,0.966,0.0056,0.9
0.011060653460044997,0.39228480539122523,0.5809376614714363,1.0,1.0,0.0,1.0,0.966,0.0056,0.9
0.1263674544827448,0.06694139040966157,0.5532846471200493,1.0,1.0,0.0,1.0,0.966,0.0056,0.9
0.004613413813794348,0.5825823535205912,0.5859735953499023,1.0,1.0,0.0,1.0,0.966,0.0056,0.9
0.06415475642932657,0.18690558074033678,0.5713364744332019,1.0,1.0,0.0,1.0,0.966,0.0056,0.9
0.04997289827611953,0.70054398455768,0.5885325212165089,1.0,1.0,0.0,1.0,0.966,0.0056,0.9
0.03997698217557753,0.26158493453595266,0.5758489200089862,1.0,1.0,0.0,1.0,0.966,0.0056,0.9
0.1363943981522097,0.05491451626437273,0.5475679572247066,1.0,1.0,0.0,1.0,0.966,0.0056,0.9
0.058242025244754136,0.20331922747661646,0.5725084039032894,1.0,1.0,0.0,1.0,0.966,0.0056,0.9
0.003626316046031762,0.4484344895714361,0.5826605470727458,1.0,1.0,0.0,1.0,0.966,0.0056,0.9
0.01964389527533652,0.3455761361158443,0.5793462614488131,1.0,1.0,0.0,1.0,0.966,0.0056,0.9
0.097825988912768,0.11129480706712473,0.5631392958454771,1.0,1.0,0.0,1.0,0.966,0.0056,0.9
0.0017285734049989024,0.558390752785235,0.5854547608894006,1.0,1.0,0.0,1.0,0.966,0.0056,0.9
0.1906560070151318,0.012077339492632167,0.4909300895808544,1.0,1.0,0.0,1.0,0.966,0.0056,0.9
0.006521751449997742,0.5943923303167068,0.5862825812113951,1.0,1.0,0.0,1.0,0.966,0.0056,0.9
0.038673512927044955,0.2664472564144427,0.5760450563884099,1.0,1.0,0.0,1.0,0.966,0.0056,0.9
0.19804253436842423,0.009121328294084255,0.47187383581908887,1.0,1.0,0.0,1.0,0.966,0.0056,0.9
0.010319158794114039,0.39669946650015103,0.5811231770967462,1.0,1.0,0.0,1.0,0.966,0.0056,0.9
0.21424640088579455,0.003851815971653967,0.4025753884543183,1.0,1.0,0.0,1.0,0.966,0.0056,0.9
0.003761285123421873,0.4473889124886741,0.5825846417241306,1.0,1.0,0.0,1.0,0.966,0.0056,0.9
0.13616459304318798,0.055045461151562655,0.5487534083708057,1.0,1.0,0.0,1.0,0.966,0.0056,0.9
0.11900112444533777,0.07697753648666349,0.556275074713537,1.0,1.0,0.0,1.0,0.966,0.0056,0.9
0.04807071595596989,0.23424978107629996,0.5744000591370467,1.0,1.0,0.0,1.0,0.966,0.0056,0.9
0.05490947751969559,0.21328452187133848,0.5732602980123734,1.0,1.0,0.0,1.0,0.966,0.0056,0.9
0.025380433312580695,0.31885447845556414,0.5784161898155704,1.0,1.0,0.0,1.0,0.966,0.0056,0.9
0.023767333430468423,0.32598255021972755,0.5786668985129099,1.0,1.0,0.0,1.0,0.966,0.0056,0.9
0.03188386572371327,0.29209883548410864,0.5772229100586352,1.0,1.0,0.0,1.0,0.966,0.0056,0.9
0.04574071987832368,0.24182495739828427,0.5748353174152704,1.0,1.0,0.0,1.0,0.966,0.0056,0.9
0.04554800125694173,0.24245108337714338,0.574885529663288,1.0,1.0,0.0,1.0,0.966,0.0056,0.9
0.10739064340387273,0.09455022645851331,0.5601199757313663,1.0,1.0,0.0,1.0,0.966,0.0056,0.9
0.12325875044344245,0.07521751898125037,0.5566521233277293,1.0,1.0,0.0,1.0,0.966,0.0056,0.9
0.19670126019357173,0.009409649993270782,0.4755239665255419,1.0,1.0,0.0,1.0,0.966,0.0056,0.9
0.03134168421176313,0.29396995670860654,0.5773783719658211,1.0,1.0,0.0,1.0,0.966,0.0056,0.9
0.01658757777804921,0.36095700344147164,0.5798965255832367,1.0,1.0,0.0,1.0,0.966,0.0056,0.9
0.13992636422454205,0.05293906559199286,0.5484671335695096,1.0,1.0,0.0,1.0,0.966,0.0056,0.9
0.061426340769622625,0.19556962980144385,0.5717381597730343,1.0,1.0,0.0,1.0,0.966,0.0056,0.9
0.05618696411901323,0.20932048374446086,0.5728732258771994,1.0,1.0,0.0,1.0,0.966,0.0056,0.9
0.05899191154012429,0.2012050228594725,0.5723321521444769,1.0,1.0,0.0,1.0,0.966,0.0056,0.9
0.12278590312355471,0.07138388820797552,0.5541946638528706,1.0,1.0,0.0,1.0,0.966,0.0056,0.9
0.04222739351381917,0.253726282347054,0.5755178202988446,1.0,1.0,0.0,1.0,0.966,0.0056,0.9
0.06174781534997579,0.19362959913712335,0.5717409675937108,1.0,1.0,0.0,1.0,0.966,0.0056,0.9
0.029602628206022167,0.3011130322605688,0.5777211092256062,1.0,1.0,0.0,1.0,0.966,0.0056,0.9
0.2205212208628044,0.002488682147924988,0.3533123733877989,1.0,1.0,0.0,1.0,0.966,0.0056,0.9
0.0028821934953013263,0.5698987522728548,0.5857169936307604,1.0,1.0,0.0,1.0,0.966,0.0056,0.9
0.10221489830956014,0.10338520874761135,0.5617381129575061,1.0,1.0,0.0,1.0,0.966,0.0056,0.9
0.01079662300709647,0.3936801414200846,0.5810254648542369,1.0,1.0,0.0,1.0,0.966,0.0056,0.9
0.020149345933594794,0.342859556052901,0.5792845358226412,1.0,1.0,0.0,1.0,0.966,0.0056,0.9
0.10315612457316557,0.10416963647616666,0.5612979583194893,1.0,1.0,0.0,1.0,0.966,0.0056,0.9
0.0856678578481706,0.13543497223889303,0.5664948596565983,1.0,1.0,0.0,1.0,0.966,0.0056,0.9
0.021047511266517962,0.33855515700424627,0.5791619794581196,1.0,1.0,0.0,1.0,0.966,0.0056,0.9
0.02014549963383631,0.3428490996842558,0.5792960695184667,1.0,1.0,0.0,1.0,0.966,0.0056,0.9
0.01293709852744389,0.38083192077994416,0.5806265927476426,1.0,1.0,0.0,1.0,0.966,0.0056,0.9
0.1459257370980054,0.04418709122944774,0.5427505138753408,1.0,1.0,0.0,1.0,0.966,0.0056,0.9
0.0860791742615882,0.14595374046656487,0.5686229799159324,1.0,1.0,0.0,1.0,0.966,0.0056,0.9
0.06030004932442462,0.19749632955422244,0.5720831346056358,1.0,1.0,0.0,1.0,0.966,0.0056,0.9
0.1460481329366453,0.044115544365320114,0.5419072877201873,1.0,1.0,0.0,1.0,0.966,0.0056,0.9
0.07622337902144206,0.1565587500757354,0.5687661003664043,1.0,1.0,0.0,1.0,0.966,0.0056,0.9
0.13149851839811905,0.061794763908400906,0.5501834447119768,1.0,1.0,0.0,1.0,0.966,0.0056,0.9
0.03143542046503259,0.2935953977151013,0.5773535758281939,1.0,1.0,0.0,1.0,0.966,0.0056,0.9
0.12198576954636617,0.07248453560590966,0.5548045961967148,1.0,1.0,0.0,1.0,0.966,0.0056,0.9
0.12371097139811366,0.07064425846392175,0.5536677968364472,1.0,1.0,0.0,1.0,0.966,0.0056,0.9
0.044766415061174035,0.24505464783032813,0.5750347206069549,1.0,1.0,0.0,1.0,0.966,0.0056,0.9
0.027487120046221697,0.30977164408921615,0.5780327628716986,1.0,1.0,0.0,1.0,0.966,0.0056,0.9
0.018226025841212183,0.3524934227760585,0.5796916551679318,1.0,1.0,0.0,1.0,0.966,0.0056,0.9
0.1299976620237593,0.06189773171707394,0.5510259448566068,1.0,1.0,0.0,1.0,0.966,0.0056,0.9
0.13883869929646298,0.053745367629311175,0.5487404352036765,1.0,1.0,0.0,1.0,0.966,0.0056,0.9
0.12746095297829277,0.06910155978633907,0.5524451436502053,1.0,1.0,0.0,1.0,0.966,0.0056,0.9
0.01536250492488371,0.3672235732282272,0.5801599823633009,1.0,1.0,0.0,1.0,0.966,0.0056,0.9
0.20296307946151743,0.007180568109465297,0.45827121748320576,1.0,1.0,0.0,1.0,0.966,0.0056,0.9
0.09584041119268631,0.11509366225388294,0.5635893241449808,1.0,1.0,0.0,1.0,0.966,0.0056,0.9
0.0226476424132227,0.33112801386559415,0.5788954999956979,1.0,1.0,0.0,1.0,0.966,0.0056,0.9
0.07848382787815888,0.15291833925897289,0.5680064475861551,1.0,1.0,0.0,1.0,0.966,0.0056,0.9
0.026002830335028048,0.6586310496671747,0.5876486513352586,1.0,1.0,0.0,1.0,0.966,0.0056,0.9
0.055842329352292594,0.21032862224625773,0.5729418009055018,1.0,1.0,0.0,1.0,0.966,0.0056,0.9
0.0005909018243006077,0.541276222788817,0.5850571937616454,1.0,1.0,0.0,1.0,0.966,0.0056,0.9
0.0432202911488621,0.25028930957920237,0.575325604690051,1.0,1.0,0.0,1.0,0.966,0.0056,0.9
0.01061787258213176,0.6134398900359773,0.5866851096516414,1.0,1.0,0.0,1.0,0.966,0.0056,0.9
0.0007276176322931935,0.5057847435051552,0.5842952295966037,1.0,1.0,0.0,1.0,0.966,0.0056,0.9
0.030573735288579477,0.2972976883826884,0.5775790664756458,1.0,1.0,0.0,1.0,0.966,0.0056,0.9
0.021599552748604808,0.3359369919855,0.579040599290585,1.0,1.0,0.0,1.0,0.966,0.0056,0.9
0.201310955363506,0.008748568014038567,0.4672342180178555,1.0,1.0,0.0,1.0,0.966,0.0056,0.9
0.20351187902124387,0.0069368396781952875,0.45392697859097914,1.0,1.0,0.0,1.0,0.966,0.0056,0.9
0.0009734772544507734,0.4893804812578986,0.5836536016411082,1.0,1.0,0.0,1.0,0.966,0.0056,0.9
0.02564804583823367,0.31766180822046636,0.5783573882115078,1.0,1.0,0.0,1.0,0.966,0.0056,0.9
0.05313580292434513,0.21840331447362224,0.5734675608975572,1.0,1.0,0.0,1.0,0.966,0.0056,0.9
0.09176398307030488,0.12300842331982503,0.5649557095144643,1.0,1.0,0.0,1.0,0.966,0.0056,0.9
0.20782466595824045,0.005592247711704839,0.4367052049630915,1.0,1.0,0.0,1.0,0.966,0.0056,0.9
0.0473843518447893,0.23643428656702928,0.5745464900443874,1.0,1.0,0.0,1.0,0.966,0.0056,0.9
0.008236539787807053,0.4107365993690323,0.5815223605121141,1.0,1.0,0.0,1.0,0.966,0.0056,0.9
0.0005660361738160834,0.5369172225288986,0.5850000330799908,1.0,1.0,0.0,1.0,0.966,0.0056,0.9
0.11405029703498025,0.08435685376526925,0.5575541910940562,1.0,1.0,0.0,1.0,0.966,0.0056,0.9
0.09344671419000428,0.12167222531370371,0.5651551525819397,1.0,1.0,0.0,1.0,0.966,0.0056,0.9
0.21132220371525187,0.004592455764755898,0.419622859991416,1.0,1.0,0.0,1.0,0.966,0.0056,0.9
0.06155907723254585,0.19406687798100966,0.571922876512517,1.0,1.0,0.0,1.0,0.966,0.0056,0.9
0.044423635011255874,0.24639686615273593,0.575028602433583,1.0,1.0,0.0,1.0,0.966,0.0056,0.9
0.03199039010103868,0.29140786682507996,0.5772754862686764,1.0,1.0,0.0,1.0,0.966,0.0056,0.9
0.13389618646611962,0.057965922166161234,0.5501267258274035,1.0,1.0,0.0,1.0,0.966,0.0056,0.9
0.011585175726979839,0.3888177796893444,0.580868486179125,1.0,1.0,0.0,1.0,0.966,0.0056,0.9
0.10406785907279373,0.10017770195068237,0.5611319008564989,1.0,1.0,0.0,1.0,0.966,0.0056,0.9
0.0780810221540244,0.15219850197628912,0.5683044801657111,1.0,1.0,0.0,1.0,0.966,0.0056,0.9
0.1389507337389532,0.05138363239557669,0.5463374598280029,1.0,1.0,0.0,1.0,0.966,0.0056,0.9
0.0035728775067858628,0.4489294855199272,0.5826681180276431,1.0,1.0,0.0,1.0,0.966,0.0056,0.9
0.017472057679130404,0.636756357763696,0.5872228798434037,1.0,1.0,0.0,1.0,0.966,0.0056,0.9
0.07982309386076426,0.14824079548927724,0.5678238131028608,1.0,1.0,0.0,1.0,0.966,0.0056,0.9
0.07517402983164394,0.15901528589116226,0.5689751629828348,1.0,1.0,0.0,1.0,0.966,0.0056,0.9
0.1397484045414985,0.050513861314788806,0.5458710327044454,1.0,1.0,0.0,1.0,0.966,0.0056,0.9
0.08591523614369109,0.13501526003882577,0.5665016293796429,1.0,1.0,0.0,1.0,0.966,0.0056,0.9
0.12712634042107174,0.06571785704153735,0.5522179700334666,1.0,1.0,0.0,1.0,0.966,0.0056,0.9
0.07636653651414863,0.15652664262177354,0.5685574568079946,1.0,1.0,0.0,1.0,0.966,0.0056,0.9
0.09287726970490265,0.12074002929406193,0.5645915520805614,1.0,1.0,0.0,1.0,0.966,0.0056,0.9
0.13677835598666252,0.054005639850373335,0.5480718566690665,1.0,1.0,0.0,1.0,0.966,0.0056,0.9
0.06664817901579034,0.18031993597922832,0.570849066049647,1.0,1.0,0.0,1.0,0.966,0.0056,0.9
0.024595804270639433,0.6554235929622568,0.587605483033178,1.0,1.0,0.0,1.0,0.966,0.0056,0.9
0.11735765081028536,0.07902957406124607,0.5564583274038414,1.0,1.0,0.0,1.0,0.966,0.0056,0.9
0.131116070420582,0.061775331573448354,0.5517715715754256,1.0,1.0,0.0,1.0,0.966,0.0056,0.9
0.03652024559507883,0.2740846392093406,0.5764926233481457,1.0,1.0,0.0,1.0,0.966,0.0056,0.9
0.07075378690763334,0.17274252525747763,0.5697785311750615,1.0,1.0,0.0,1.0,0.966,0.0056,0.9
0.06152532760668554,0.19418863363578368,0.5719410855359386,1.0,1.0,0.0,1.0,0.966,0.0056,0.9
0.054848335603632455,0.21323977612929243,0.5731559203251934,1.0,1.0,0.0,1.0,0.966,0.0056,0.9
0.011207861129895334,0.6158029274915793,0.5867486190381426,1.0,1.0,0.0,1.0,0.966,0.0056,0.9
0.0224884501363486,0.6503476620223242,0.5875008193280784,1.0,1.0,0.0,1.0,0.966,0.0056,0.9
0.0005999964665281937,0.5275172786327861,0.5848153683937066,1.0,1.0,0.0,1.0,0.966,0.0056,0.9
0.0005006537265697972,0.5241770131743072,0.5847296643825293,1.0,1.0,0.0,1.0,0.966,0.0056,0.9
0.00040251313868626366,0.4948624104575452,0.5838804903369605,1.0,1.0,0.0,1.0,0.966,0.0056,0.9
0.0007664644756918103,0.48832322143129475,0.5837742970882553,1.0,1.0,0.0,1.0,0.966,0.0056,0.9
0.20691372950199896,0.005837455030125639,0.44067011046409144,1.0,1.0,0.0,1.0,0.966,0.0056,0.9
0.018498139647692733,0.3509446475683078,0.5796026652998068,1.0,1.0,0.0,1.0,0.966,0.0056,0.9
0.20888910768317123,0.005272221463951722,0.43182800308040953,1.0,1.0,0.0,1.0,0.966,0.0056,0.9
0.00046660569845603876,0.5005034702767039,0.5839575476795472,1.0,1.0,0.0,1.0,0.966,0.0056,0.9
0.036660151047480834,0.27356245298270326,0.5764644551756954,1.0,1.0,0.0,1.0,0.966,0.0056,0.9
0.0022206742643219282,0.4639238217158237,0.583069929488774,1.0,1.0,0.0,1.0,0.966,0.0056,0.9
0.1763877583589065,0.020582790229858428,0.517643238271922,1.0,1.0,0.0,1.0,0.966,0.0056,0.9
0.03126922789122931,0.2950692292552991,0.5773047242953933,1.0,1.0,0.0,1.0,0.966,0.0056,0.9
0.1802365010563964,0.017516238712596475,0.5081590504486765,1.0,1.0,0.0,1.0,0.966,0.0056,0.9
0.01091799067989658,0.39328003268496,0.5810577718761223,1.0,1.0,0.0,1.0,0.966,0.0056,0.9
0.04782230791815746,0.23980121766523815,0.574380540108921,1.0,1.0,0.0,1.0,0.966,0.0056,0.9
0.08609425598038574,0.13893801344854437,0.567489520805536,1.0,1.0,0.0,1.0,0.966,0.0056,0.9
0.1671689631889616,0.026416984084423292,0.5268864035709342,1.0,1.0,0.0,1.0,0.966,0.0056,0.9
0.06133865626757055,0.19620660028719403,0.5717502602002758,1.0,1.0,0.0,1.0,0.966,0.0056,0.9
0.024443091596220757,0.6550881966422055,0.5875878135661371,1.0,1.0,0.0,1.0,0.966,0.0056,0.9
1.0198177148522935e-5,0.513376506190581,0.5843543125890739,1.0,1.0,0.0,1.0,0.966,0.0056,0.9
0.0019372253559775407,0.5607407416729131,0.5854995626679952,1.0,1.0,0.0,1.0,0.966,0.0056,0.9
0.04397182168354336,0.24773075301559463,0.5751844370720627,1.0,1.0,0.0,1.0,0.966,0.0056,0.9
0.009698231679036102,0.40073775152463037,0.5812574326002989,1.0,1.0,0.0,1.0,0.966,0.0056,0.9
0.08320571758667668,0.14355690018936884,0.5678647076559747,1.0,1.0,0.0,1.0,0.966,0.0056,0.9
0.0898156906418432,0.12680417541189384,0.565327628848102,1.0,1.0,0.0,1.0,0.966,0.0056,0.9
0.0009836273513098102,0.5484681014610131,0.585215055192953,1.0,1.0,0.0,1.0,0.966,0.0056,0.9
0.004743020178572811,0.5838474794752725,0.5860350900617052,1.0,1.0,0.0,1.0,0.966,0.0056,0.9
0.03375184019622665,0.284533090314849,0.5769594198466442,1.0,1.0,0.0,1.0,0.966,0.0056,0.9
0.0010171982778338893,0.4814794044512368,0.5835470898333271,1.0,1.0,0.0,1.0,0.966,0.0056,0.9
0.001840761305916272,0.46887678999607557,0.583198858539014,1.0,1.0,0.0,1.0,0.966,0.0056,0.9
8.940208131936195e-5,0.5092762907770803,0.5842911632406043,1.0,1.0,0.0,1.0,0.966,0.0056,0.9
3.081452809950581e-5,0.5193574906233983,0.5845329367306041,1.0,1.0,0.0,1.0,0.966,0.0056,0.9
0.0012741137444268946,0.4771518635447964,0.5834334021475626,1.0,1.0,0.0,1.0,0.966,0.0056,0.9
0.00031559885673489824,0.5348593310089896,0.584888342275505,1.0,1.0,0.0,1.0,0.966,0.0056,0.9
0.06485700330445673,0.18543489543422048,0.5710729299491423,1.0,1.0,0.0,1.0,0.966,0.0056,0.9
0.00618361322471955,0.42584866710985864,0.5819964782252871,1.0,1.0,0.0,1.0,0.966,0.0056,0.9
0.03088946849926222,0.2957750326269425,0.5774516608035583,1.0,1.0,0.0,1.0,0.966,0.0056,0.9
0.00956844055078387,0.4015558155597135,0.5812705333992471,1.0,1.0,0.0,1.0,0.966,0.0056,0.9
0.00036639429836854507,0.4958806417205736,0.5839069296686422,1.0,1.0,0.0,1.0,0.966,0.0056,0.9
0.21900233406398142,0.002788982772377504,0.3672347590251877,1.0,1.0,0.0,1.0,0.966,0.0056,0.9
2.2974127228327073e-5,0.5127286909493268,0.5843609570392879,1.0,1.0,0.0,1.0,0.966,0.0056,0.9
0.028600594150188417,0.3051381614949451,0.577864258465396,1.0,1.0,0.0,1.0,0.966,0.0056,0.9
0.004959580297592254,0.43604437194976553,0.5823107036316755,1.0,1.0,0.0,1.0,0.966,0.0056,0.9
5.7432409744141044e-5,0.51938604789718,0.5845444252827998,1.0,1.0,0.0,1.0,0.966,0.0056,0.9
0.0025020069139237463,0.46051487123361085,0.5829809971740717,1.0,1.0,0.0,1.0,0.966,0.0056,0.9
0.047552966272312064,0.2359126147077682,0.5744979670755512,1.0,1.0,0.0,1.0,0.966,0.0056,0.9
4.5304077328051445e-5,0.5222835151682444,0.5846001407369833,1.0,1.0,0.0,1.0,0.966,0.0056,0.9
1.0410054199260289e-5,0.5130074653418173,0.5843522186224187,1.0,1.0,0.0,1.0,0.966,0.0056,0.9
0.010563704332036983,0.3951472847763587,0.581074066249774,1.0,1.0,0.0,1.0,0.966,0.0056,0.9
4.032944139068536e-5,0.5124106105650201,0.5843618844309468,1.0,1.0,0.0,1.0,0.966,0.0056,0.9
4.805903983235363e-5,0.5204206387817705,0.5845639838045544,1.0,1.0,0.0,1.0,0.966,0.0056,0.9
0.001123483895509992,0.48123918781105857,0.583486888168608,1.0,1.0,0.0,1.0,0.966,0.0056,0.9
0.0009399051566403429,0.5477725988561488,0.5851976612123572,1.0,1.0,0.0,1.0,0.966,0.0056,0.9
0.00011162145314008772,0.526904894672907,0.5847115098481045,1.0,1.0,0.0,1.0,0.966,0.0056,0.9
0.005066836895585676,0.5859266330434261,0.586080300423721,1.0,1.0,0.0,1.0,0.966,0.0056,0.9
0.0210390024283539,0.33863177782009596,0.5791744016275386,1.0,1.0,0.0,1.0,0.966,0.0056,0.9
0.0002031520124987055,0.501109542613364,0.5840520296259472,1.0,1.0,0.0,1.0,0.966,0.0056,0.9
0.00034881182512880917,0.4962800759548836,0.5839236259745721,1.0,1.0,0.0,1.0,0.966,0.0056,0.9
0.0014653871153408964,0.47417757257419246,0.5833507923996687,1.0,1.0,0.0,1.0,0.966,0.0056,0.9
0.0001497805626275229,0.503304748351131,0.584107525387812,1.0,1.0,0.0,1.0,0.966,0.0056,0.9
0.019679101550978666,0.34605974827679803,0.5793202117561193,1.0,1.0,0.0,1.0,0.966,0.0056,0.9
0.00906123087150459,0.4049561357766174,0.5813855166945489,1.0,1.0,0.0,1.0,0.966,0.0056,0.9
0.008818701715617045,0.40658885696519376,0.5814140014476297,1.0,1.0,0.0,1.0,0.966,0.0056,0.9
0.003398695343930814,0.4507004696860361,0.5827178393836155,1.0,1.0,0.0,1.0,0.966,0.0056,0.9
0.000531291558941786,0.4914196197263253,0.5837997904007894,1.0,1.0,0.0,1.0,0.966,0.0056,0.9
0.001240870070964462,0.552256357235229,0.5853055753167776,1.0,1.0,0.0,1.0,0.966,0.0056,0.9
0.0004165642042655321,0.4943415448677399,0.5838795174266214,1.0,1.0,0.0,1.0,0.966,0.0056,0.9
0.002864052255720693,0.456382232342508,0.5828667283325722,1.0,1.0,0.0,1.0,0.966,0.0056,0.9
0.030854813514730805,0.29597741553138684,0.5774909456852998,1.0,1.0,0.0,1.0,0.966,0.0056,0.9
0.055019979635213566,0.21543110479054958,0.5729979764805789,1.0,1.0,0.0,1.0,0.966,0.0056,0.9
0.00038833807385832306,0.4951190825741219,0.5838977005530629,1.0,1.0,0.0,1.0,0.966,0.0056,0.9
0.0009937454597190342,0.48189125337050404,0.5835551511810372,1.0,1.0,0.0,1.0,0.966,0.0056,0.9
0.0014249070579994982,0.5547041213971574,0.585365822756823,1.0,1.0,0.0,1.0,0.966,0.0056,0.9
8.934475005229785e-5,0.5090923654007267,0.5842218227838399,1.0,1.0,0.0,1.0,0.966,0.0056,0.9
0.014339222912646945,0.3728312640004994,0.580345129699706,1.0,1.0,0.0,1.0,0.966,0.0056,0.9
0.0007197075116996617,0.48718798806526126,0.58369268937907,1.0,1.0,0.0,1.0,0.966,0.0056,0.9
8.931840306090659e-5,0.5105544669012128,0.584328146690061,1.0,1.0,0.0,1.0,0.966,0.0056,0.9
0.0005239389352828773,0.4916033104180208,0.5838037304247411,1.0,1.0,0.0,1.0,0.966,0.0056,0.9
0.004779516209439734,0.4375783779661868,0.5823343323156027,1.0,1.0,0.0,1.0,0.966,0.0056,0.9
0.00018892941305273186,0.501666049848041,0.5840670699283272,1.0,1.0,0.0,1.0,0.966,0.0056,0.9
0.0006590903711982376,0.48848290195557553,0.5837278939740503,1.0,1.0,0.0,1.0,0.966,0.0056,0.9
1.0861052438228337e-5,0.5146302933991969,0.5843785971031132,1.0,1.0,0.0,1.0,0.966,0.0056,0.9
5.3016460931765394e-5,0.5126118690890428,0.5843729409202798,1.0,1.0,0.0,1.0,0.966,0.0056,0.9
0.0006183496763439401,0.4894220502659514,0.5837445186687383,1.0,1.0,0.0,1.0,0.966,0.0056,0.9
2.2204303277541413e-5,0.5213390539049355,0.5845553687510856,1.0,1.0,0.0,1.0,0.966,0.0056,0.9
0.020143022893834142,0.34286062133289763,0.5792968288670328,1.0,1.0,0.0,1.0,0.966,0.0056,0.9
7.286189047521199e-5,0.5080768774198181,0.5842113585659149,1.0,1.0,0.0,1.0,0.966,0.0056,0.9
0.00010174231819358872,0.5154095560888411,0.5844606333722492,1.0,1.0,0.0,1.0,0.966,0.0056,0.9
6.722309642301468e-5,0.5163993492744358,0.5844761942937667,1.0,1.0,0.0,1.0,0.966,0.0056,0.9
4.8416747443054334e-5,0.5161548859259917,0.5844640776929401,1.0,1.0,0.0,1.0,0.966,0.0056,0.9
6.497392408931191e-5,0.5078326687433283,0.5842235215991053,1.0,1.0,0.0,1.0,0.966,0.0056,0.9
0.015285066874347747,0.36768942031652807,0.5801533496938197,1.0,1.0,0.0,1.0,0.966,0.0056,0.9
3.9167835317278e-5,0.5121242706424842,0.5843064263995239,1.0,1.0,0.0,1.0,0.966,0.0056,0.9
7.117959235431064e-5,0.5252752436210022,0.5846548859627493,1.0,1.0,0.0,1.0,0.966,0.0056,0.9
2.0728495598837846e-5,0.5130790876691748,0.5843376143429749,1.0,1.0,0.0,1.0,0.966,0.0056,0.9
3.017771334331549e-5,0.521825939050625,0.5845801819708937,1.0,1.0,0.0,1.0,0.966,0.0056,0.9
0.0023174869164679503,0.4627252190098074,0.5830428621950484,1.0,1.0,0.0,1.0,0.966,0.0056,0.9
0.03155090443128207,0.29361345236614034,0.5774464813018668,1.0,1.0,0.0,1.0,0.966,0.0056,0.9
2.9331295622757065e-6,0.5153405924230695,0.5844166828579282,1.0,1.0,0.0,1.0,0.966,0.0056,0.9
8.930966403845937e-5,0.5094917855268133,0.5842300652000814,1.0,1.0,0.0,1.0,0.966,0.0056,0.9
0.0002573738195575776,0.5005431998475288,0.5840059175800343,1.0,1.0,0.0,1.0,0.966,0.0056,0.9
9.77276571746497e-5,0.5203625226491408,0.5845786873967155,1.0,1.0,0.0,1.0,0.966,0.0056,0.9
0.00046256572166204546,0.4931247605517881,0.5838462996403841,1.0,1.0,0.0,1.0,0.966,0.0056,0.9
0.02772838869274381,0.3087545676932741,0.5779928065565499,1.0,1.0,0.0,1.0,0.966,0.0056,0.9
0.0002082715993852326,0.5314584529457888,0.5848063999482433,1.0,1.0,0.0,1.0,0.966,0.0056,0.9
7.133106234314148e-5,0.5228981453754049,0.5846248249435118,1.0,1.0,0.0,1.0,0.966,0.0056,0.9
0.0009472431327019892,0.4827450207107198,0.5835804776472397,1.0,1.0,0.0,1.0,0.966,0.0056,0.9
0.001234813470638144,0.4783332028024489,0.5834299086558732,1.0,1.0,0.0,1.0,0.966,0.0056,0.9
0.0007208810907185814,0.4871641096133628,0.5836935138545025,1.0,1.0,0.0,1.0,0.966,0.0056,0.9
0.000168916282245434,0.529952532669516,0.5847742086082027,1.0,1.0,0.0,1.0,0.966,0.0056,0.9
0.007672050731055275,0.41460832791317936,0.5816657515587148,1.0,1.0,0.0,1.0,0.966,0.0056,0.9
0.12124838826970177,0.07731337959769202,0.5571149947327728,1.0,1.0,0.0,1.0,0.966,0.0056,0.9
0.012543441275959709,0.3830924429150807,0.5806838852343008,1.0,1.0,0.0,1.0,0.966,0.0056,0.9
4.892646784431904e-5,0.5133807340937111,0.5843300597020695,1.0,1.0,0.0,1.0,0.966,0.0056,0.9
8.928086100847135e-5,0.5227956088877116,0.5846293468836202,1.0,1.0,0.0,1.0,0.966,0.0056,0.9
0.002979723629624868,0.4551111427184032,0.5828331117937603,1.0,1.0,0.0,1.0,0.966,0.0056,0.9
0.0038738816714069136,0.4476710408282577,0.58270074853558,1.0,1.0,0.0,1.0,0.966,0.0056,0.9
0.00017481796785387326,0.5302175537605734,0.5847765855825764,1.0,1.0,0.0,1.0,0.966,0.0056,0.9
0.0009795098296564945,0.4821506910834003,0.5835633884050037,1.0,1.0,0.0,1.0,0.966,0.0056,0.9
4.071963276267244e-5,0.5179141685753182,0.5845041122883641,1.0,1.0,0.0,1.0,0.966,0.0056,0.9
0.0016592810342480153,0.47240495894211904,0.5833486995406477,1.0,1.0,0.0,1.0,0.966,0.0056,0.9
0.014299474614348965,0.3730635512301766,0.580363102564016,1.0,1.0,0.0,1.0,0.966,0.0056,0.9
0.0015537982550712828,0.4728679932225538,0.5833161394485312,1.0,1.0,0.0,1.0,0.966,0.0056,0.9
0.0010525794685794251,0.48087655052065054,0.5835345072823128,1.0,1.0,0.0,1.0,0.966,0.0056,0.9
2.7365432598918655e-5,0.5201295590082801,0.5845475217065039,1.0,1.0,0.0,1.0,0.966,0.0056,0.9
1.4030677137955231e-5,0.5133005188421076,0.5843478937662177,1.0,1.0,0.0,1.0,0.966,0.0056,0.9
0.0014710229624519996,0.4747626541228246,0.5834011663536836,1.0,1.0,0.0,1.0,0.966,0.0056,0.9
0.0003360816531807901,0.49663479266425975,0.5839368152937875,1.0,1.0,0.0,1.0,0.966,0.0056,0.9
4.48054719167294e-5,0.5224468779861686,0.5845693687899116,1.0,1.0,0.0,1.0,0.966,0.0056,0.9
0.01378206247643293,0.3759548797717347,0.5804509695998654,1.0,1.0,0.0,1.0,0.966,0.0056,0.9
0.004536214299696521,0.43976098093730454,0.5823949858214799,1.0,1.0,0.0,1.0,0.966,0.0056,0.9
0.009570323714546473,0.40154284057920886,0.5812688735992313,1.0,1.0,0.0,1.0,0.966,0.0056,0.9
0.017268732764183583,0.35717365308482996,0.5798112931256947,1.0,1.0,0.0,1.0,0.966,0.0056,0.9
8.570594658627484e-6,0.5154330229925119,0.5843988685999045,1.0,1.0,0.0,1.0,0.966,0.0056,0.9
5.877360343111057e-5,0.5210735218559019,0.5845823024566699,1.0,1.0,0.0,1.0,0.966,0.0056,0.9
0.0001627288064540155,0.5027567156237227,0.5840906033620653,1.0,1.0,0.0,1.0,0.966,0.0056,0.9
0.0009198436656954704,0.4836069305007327,0.5836224489575945,1.0,1.0,0.0,1.0,0.966,0.0056,0.9
0.004637189416001931,0.438840075462803,0.5823725062154186,1.0,1.0,0.0,1.0,0.966,0.0056,0.9
4.892391729056598e-5,0.5188747308778162,0.5844659681474484,1.0,1.0,0.0,1.0,0.966,0.0056,0.9
0.002018099433241256,0.4665147646184852,0.5831524015386367,1.0,1.0,0.0,1.0,0.966,0.0056,0.9
6.607616100330058e-6,0.5191352242507299,0.5845052968202983,1.0,1.0,0.0,1.0,0.966,0.0056,0.9
0.014186966201254215,0.37368007341313186,0.5803723703009567,1.0,1.0,0.0,1.0,0.966,0.0056,0.9
4.165640868026265e-5,0.5219628781703975,0.5845561437692256,1.0,1.0,0.0,1.0,0.966,0.0056,0.9
0.004935464894477253,0.4362257547523228,0.582311403023535,1.0,1.0,0.0,1.0,0.966,0.0056,0.9
5.373878350929044e-6,0.5140012739596167,0.5843783424022114,1.0,1.0,0.0,1.0,0.966,0.0056,0.9
0.0065975172524448955,0.4232617605451634,0.5819788572795029,1.0,1.0,0.0,1.0,0.966,0.0056,0.9
6.68201903061077e-5,0.5248049044205044,0.5846356085628777,1.0,1.0,0.0,1.0,0.966,0.0056,0.9
0.00018621313118478674,0.5017746648161026,0.584069941495187,1.0,1.0,0.0,1.0,0.966,0.0056,0.9
0.0010533274184419416,0.4808504488557365,0.5835220298016615,1.0,1.0,0.0,1.0,0.966,0.0056,0.9
8.136367791858599e-5,0.5253346273947475,0.5846714489909822,1.0,1.0,0.0,1.0,0.966,0.0056,0.9
0.000311704269845049,0.5347480044421495,0.5848861952201247,1.0,1.0,0.0,1.0,0.966,0.0056,0.9
0.004849822071638217,0.43779523921590446,0.5824027095023687,1.0,1.0,0.0,1.0,0.966,0.0056,0.9
0.0009703063505977781,0.48231501920342706,0.5835648987259973,1.0,1.0,0.0,1.0,0.966,0.0056,0.9
0.0014203377886007587,0.4748589331708256,0.5833678061095506,1.0,1.0,0.0,1.0,0.966,0.0056,0.9
9.023298889830898e-5,0.5155733498214856,0.5844618856171507,1.0,1.0,0.0,1.0,0.966,0.0056,0.9
0.03708645476961853,0.27244508328087996,0.5764996672961259,1.0,1.0,0.0,1.0,0.966,0.0056,0.9
1.7371051045857565e-6,0.5154005984328344,0.5844072133268465,1.0,1.0,0.0,1.0,0.966,0.0056,0.9
2.427726180799081e-6,0.5147824624217164,0.5843964144041739,1.0,1.0,0.0,1.0,0.966,0.0056,0.9
0.008700752635052695,0.40737790211377617,0.5814475133151648,1.0,1.0,0.0,1.0,0.966,0.0056,0.9
0.002318958216146866,0.46271426844036306,0.5830456738540876,1.0,1.0,0.0,1.0,0.966,0.0056,0.9
0.0011149329946855164,0.4797709462442331,0.5834993044117678,1.0,1.0,0.0,1.0,0.966,0.0056,0.9
0.0032211140340781914,0.5727553958331405,0.5857846718167689,1.0,1.0,0.0,1.0,0.966,0.0056,0.9
0.0024944725576529956,0.4609239271345433,0.5830210396928904,1.0,1.0,0.0,1.0,0.966,0.0056,0.9
0.0045836940512375135,0.4393171104935133,0.5823890654362778,1.0,1.0,0.0,1.0,0.966,0.0056,0.9
6.677444684151665e-5,0.5077398218425337,0.5842161763571394,1.0,1.0,0.0,1.0,0.966,0.0056,0.9
6.170346610216595e-5,0.5082368561218013,0.5842403422629084,1.0,1.0,0.0,1.0,0.966,0.0056,0.9
1.2488284446257842e-6,0.5167718070194037,0.584450817989246,1.0,1.0,0.0,1.0,0.966,0.0056,0.9
8.227497851076306e-5,0.5154319825698495,0.5843685155738554,1.0,1.0,0.0,1.0,0.966,0.0056,0.9
0.011189253511790264,0.39124054650222484,0.5809438066011678,1.0,1.0,0.0,1.0,0.966,0.0056,0.9
0.0077296490900638,0.4141956943182617,0.5816582203356221,1.0,1.0,0.0,1.0,0.966,0.0056,0.9
0.0019859888630628904,0.4669315155801565,0.5831480873504741,1.0,1.0,0.0,1.0,0.966,0.0056,0.9
0.03522012377039853,0.27896302581115223,0.5767274814663373,1.0,1.0,0.0,1.0,0.966,0.0056,0.9
1.062352151527996e-5,0.5198687412421457,0.5845221029212956,1.0,1.0,0.0,1.0,0.966,0.0056,0.9
0.004157845393116411,0.4432341641815179,0.5824999729294661,1.0,1.0,0.0,1.0,0.966,0.0056,0.9
0.006902767623289083,0.42028994183328283,0.5818328009882308,1.0,1.0,0.0,1.0,0.966,0.0056,0.9
0.007078746486526167,0.4189651855522431,0.581796776558759,1.0,1.0,0.0,1.0,0.966,0.0056,0.9
0.0001342198451890209,0.5285333693477591,0.5847348125865545,1.0,1.0,0.0,1.0,0.966,0.0056,0.9
9.17656526689748e-5,0.5100546094461758,0.5842411541072025,1.0,1.0,0.0,1.0,0.966,0.0056,0.9
0.0015923135139558383,0.4723402023845239,0.5833091371165321,1.0,1.0,0.0,1.0,0.966,0.0056,0.9
2.704345184080672e-5,0.5117752375662232,0.5843072901251792,1.0,1.0,0.0,1.0,0.966,0.0056,0.9
4.871876025091991e-5,0.5205638263293356,0.5845118236362826,1.0,1.0,0.0,1.0,0.966,0.0056,0.9
3.638266050298084e-5,0.5199706417583273,0.584549050317831,1.0,1.0,0.0,1.0,0.966,0.0056,0.9
0.008171697728634157,0.41104847020811747,0.581558795970644,1.0,1.0,0.0,1.0,0.966,0.0056,0.9
7.582062904102527e-5,0.5095661008014699,0.584294473100834,1.0,1.0,0.0,1.0,0.966,0.0056,0.9
0.0013010115307711006,0.5530795549456096,0.585323315402471,1.0,1.0,0.0,1.0,0.966,0.0056,0.9
1.5816165819535944e-5,0.5156064923720075,0.5844356121904449,1.0,1.0,0.0,1.0,0.966,0.0056,0.9
0.0002947383108491718,0.5178718406228957,0.5845559061331937,1.0,1.0,0.0,1.0,0.966,0.0056,0.9
1.3107816561598098e-5,0.5136195279340807,0.5843791627543639,1.0,1.0,0.0,1.0,0.966,0.0056,0.9
0.0023757751385836273,0.46201830071055006,0.5830223834376637,1.0,1.0,0.0,1.0,0.966,0.0056,0.9
0.009755483283971515,0.4003318641667798,0.5812343926574604,1.0,1.0,0.0,1.0,0.966,0.0056,0.9
0.0001684042472172273,0.5025043097377717,0.584088597240459,1.0,1.0,0.0,1.0,0.966,0.0056,0.9
0.0019922597209275257,0.46714902965704125,0.5831885567549271,1.0,1.0,0.0,1.0,0.966,0.0056,0.9
0.00010000449989907067,0.5268957502053561,0.5846945689922076,1.0,1.0,0.0,1.0,0.966,0.0056,0.9
0.00028043596288533456,0.49839731127987247,0.5839787753312086,1.0,1.0,0.0,1.0,0.966,0.0056,0.9
2.720109745812557e-6,0.5151679039029242,0.584400199267236,1.0,1.0,0.0,1.0,0.966,0.0056,0.9
9.314671814388916e-5,0.506114269042508,0.5841772547243658,1.0,1.0,0.0,1.0,0.966,0.0056,0.9
0.0027227564308632177,0.4579659282938812,0.5829101368740152,1.0,1.0,0.0,1.0,0.966,0.0056,0.9
0.004199595656381765,0.44284333419362243,0.5824918111199925,1.0,1.0,0.0,1.0,0.966,0.0056,0.9
8.169860677992606e-5,0.508613284353999,0.5842677686762605,1.0,1.0,0.0,1.0,0.966,0.0056,0.9
0.0044504367121905005,0.44052495743185904,0.5824236939710269,1.0,1.0,0.0,1.0,0.966,0.0056,0.9
0.00032799484153855625,0.5352108287476521,0.5848972469980306,1.0,1.0,0.0,1.0,0.966,0.0056,0.9
1.4138093909875989e-5,0.5191850251558311,0.58451853431818,1.0,1.0,0.0,1.0,0.966,0.0056,0.9
0.002164383230295487,0.4648007341492424,0.5831186743969629,1.0,1.0,0.0,1.0,0.966,0.0056,0.9
8.238419221480025e-5,0.5251242362565687,0.5846694240433812,1.0,1.0,0.0,1.0,0.966,0.0056,0.9
0.0016844515239397737,0.4709976089756184,0.5832621419053275,1.0,1.0,0.0,1.0,0.966,0.0056,0.9
5.547875201622308e-5,0.5085851595999596,0.5842467283043679,1.0,1.0,0.0,1.0,0.966,0.0056,0.9
0.0009196489918042724,0.48324728427035407,0.5835897047134522,1.0,1.0,0.0,1.0,0.966,0.0056,0.9
9.489224372968646e-5,0.5205026735418531,0.5845811111204111,1.0,1.0,0.0,1.0,0.966,0.0056,0.9
0.0007775789153141271,0.48609664111176637,0.5836760143842695,1.0,1.0,0.0,1.0,0.966,0.0056,0.9
5.866759036987768e-5,0.5087586394703625,0.5842323608098827,1.0,1.0,0.0,1.0,0.966,0.0056,0.9
6.154784363461089e-5,0.5246598455549127,0.5846396152064115,1.0,1.0,0.0,1.0,0.966,0.0056,0.9
2.3878551697627474e-5,0.5112569542258807,0.5843057847213373,1.0,1.0,0.0,1.0,0.966,0.0056,0.9
0.045007047966806726,0.24940346376582498,0.574900094196638,1.0,1.0,0.0,1.0,0.966,0.0056,0.9
0.004125610008922206,0.44353777958585333,0.58251082387279,1.0,1.0,0.0,1.0,0.966,0.0056,0.9
6.488653154631846e-5,0.5081001688022716,0.5842385552833559,1.0,1.0,0.0,1.0,0.966,0.0056,0.9
0.0006629815614554662,0.48839736955673174,0.5837242473830804,1.0,1.0,0.0,1.0,0.966,0.0056,0.9
5.9587487175480476e-5,0.5205487800211164,0.5845072120674134,1.0,1.0,0.0,1.0,0.966,0.0056,0.9
0.00020300180680400952,0.5011195536351916,0.5840502857951736,1.0,1.0,0.0,1.0,0.966,0.0056,0.9
0.07408030286732385,0.1616731561525211,0.5692567146555344,1.0,1.0,0.0,1.0,0.966,0.0056,0.9
0.0021134609426368,0.46526376597410457,0.5831090798083595,1.0,1.0,0.0,1.0,0.966,0.0056,0.9
4.14498536738116e-5,0.5178509917996386,0.5845028955357476,1.0,1.0,0.0,1.0,0.966,0.0056,0.9
1.5308924919082072e-5,0.5204841716077814,0.5845341141882393,1.0,1.0,0.0,1.0,0.966,0.0056,0.9
0.002480182061365244,0.4607722875067804,0.5829885544686472,1.0,1.0,0.0,1.0,0.966,0.0056,0.9
0.000828934877079014,0.4849793725102014,0.5836357829076779,1.0,1.0,0.0,1.0,0.966,0.0056,0.9
4.03234920504138e-5,0.5155731455138298,0.5844464565950694,1.0,1.0,0.0,1.0,0.966,0.0056,0.9
4.588287519363543e-6,0.5147883990439017,0.5844034694277097,1.0,1.0,0.0,1.0,0.966,0.0056,0.9
0.004951794740583833,0.44184035601481875,0.5823175285403415,1.0,1.0,0.0,1.0,0.966,0.0056,0.9
0.005985244218696107,0.42926425519885403,0.5820122425317283,1.0,1.0,0.0,1.0,0.966,0.0056,0.9
0.004031784646524581,0.4444279890093981,0.5825325558311985,1.0,1.0,0.0,1.0,0.966,0.0056,0.9
7.95298842935714e-5,0.5069029728066942,0.5841992232360661,1.0,1.0,0.0,1.0,0.966,0.0056,0.9
0.00013859623569053406,0.5038109363346354,0.58412033073516,1.0,1.0,0.0,1.0,0.966,0.0056,0.9
7.531290785882723e-5,0.5170783003799401,0.5844952286887082,1.0,1.0,0.0,1.0,0.966,0.0056,0.9
9.609518619198468e-5,0.5209606657996424,0.5845070977945975,1.0,1.0,0.0,1.0,0.966,0.0056,0.9
5.1656304135190056e-5,0.5106934330446092,0.58431726619638,1.0,1.0,0.0,1.0,0.966,0.0056,0.9
1.2911809907171457e-5,0.5132181272789954,0.5843665544888353,1.0,1.0,0.0,1.0,0.966,0.0056,0.9
8.045998756467241e-5,0.506846234287012,0.5841967077787535,1.0,1.0,0.0,1.0,0.966,0.0056,0.9
0.03568809869507134,0.2773231279231188,0.5766833612515645,1.0,1.0,0.0,1.0,0.966,0.0056,0.9
9.123574114986302e-5,0.514767371199788,0.5843499560283786,1.0,1.0,0.0,1.0,0.966,0.0056,0.9
6.784884878046816e-5,0.5080742970248214,0.5842407182508125,1.0,1.0,0.0,1.0,0.966,0.0056,0.9
0.00035624188054887116,0.49622962933623366,0.5839399474355547,1.0,1.0,0.0,1.0,0.966,0.0056,0.9
0.005025453156345685,0.43542978687902767,0.5822853650972916,1.0,1.0,0.0,1.0,0.966,0.0056,0.9
0.0017745375441647062,0.46973906924823744,0.583231370873082,1.0,1.0,0.0,1.0,0.966,0.0056,0.9
4.307541504158197e-6,0.5177466878101354,0.5844617927178112,1.0,1.0,0.0,1.0,0.966,0.0056,0.9
3.6018280835198656e-5,0.5176954659423434,0.5844401325142127,1.0,1.0,0.0,1.0,0.966,0.0056,0.9
0.00511327953636602,0.4351625233933864,0.5823150734511763,1.0,1.0,0.0,1.0,0.966,0.0056,0.9
0.0004981858712387435,0.49251749053604926,0.5838138526917666,1.0,1.0,0.0,1.0,0.966,0.0056,0.9
0.004635098831418738,0.4415798468580285,0.5823557725548789,1.0,1.0,0.0,1.0,0.966,0.0056,0.9
9.317280507455178e-5,0.5061138842855463,0.5841802117317502,1.0,1.0,0.0,1.0,0.966,0.0056,0.9
0.0026744872187975553,0.45856669348828405,0.5829163018478246,1.0,1.0,0.0,1.0,0.966,0.0056,0.9
0.0017312980311263433,0.47034446030544624,0.5832438049334596,1.0,1.0,0.0,1.0,0.966,0.0056,0.9
0.00013258788704819573,0.5048356612414534,0.5841268649678173,1.0,1.0,0.0,1.0,0.966,0.0056,0.9
0.0030982673570704336,0.45383223762515035,0.5827988449173696,1.0,1.0,0.0,1.0,0.966,0.0056,0.9
0.0042457315452613395,0.4424116816835258,0.5824780580111647,1.0,1.0,0.0,1.0,0.966,0.0056,0.9
0.00010330638279586863,0.527065866714715,0.5846997147933104,1.0,1.0,0.0,1.0,0.966,0.0056,0.9
0.0003138628552001609,0.4991083871161457,0.5840381439112289,1.0,1.0,0.0,1.0,0.966,0.0056,0.9
0.002954536783631582,0.4553926801743599,0.5828450337285775,1.0,1.0,0.0,1.0,0.966,0.0056,0.9
9.888837782520812e-5,0.506947699844801,0.5841775115352514,1.0,1.0,0.0,1.0,0.966,0.0056,0.9
0.012017371056245237,0.38622356164416216,0.5807754991412354,1.0,1.0,0.0,1.0,0.966,0.0056,0.9
0.002737795173123899,0.4578183424401374,0.5829153975276745,1.0,1.0,0.0,1.0,0.966,0.0056,0.9
6.251440807667957e-7,0.5171096037705407,0.58445176901331,1.0,1.0,0.0,1.0,0.966,0.0056,0.9
0.0001403663632461886,0.5037521525387932,0.5841153769946373,1.0,1.0,0.0,1.0,0.966,0.0056,0.9
2.8417205429530933e-5,0.5191712972996126,0.5845275997898377,1.0,1.0,0.0,1.0,0.966,0.0056,0.9
0.0044704085783074145,0.4403451426213096,0.5824162109453671,1.0,1.0,0.0,1.0,0.966,0.0056,0.9
0.0024600706710994694,0.46101052625140676,0.582994451187179,1.0,1.0,0.0,1.0,0.966,0.0056,0.9
4.073734405570332e-7,0.5164312853820612,0.5844340705189096,1.0,1.0,0.0,1.0,0.966,0.0056,0.9
0.00041353524927814964,0.49471085647731544,0.583871454974165,1.0,1.0,0.0,1.0,0.966,0.0056,0.9
3.834032433238368e-5,0.5229390116256739,0.584597696070395,1.0,1.0,0.0,1.0,0.966,0.0056,0.9
0.000224016963078554,0.531994322514514,0.5848223277089678,1.0,1.0,0.0,1.0,0.966,0.0056,0.9
6.593548595461193e-5,0.5142110332445246,0.5844201656591194,1.0,1.0,0.0,1.0,0.966,0.0056,0.9
3.939423333253536e-6,0.5178385824555951,0.5844792330809744,1.0,1.0,0.0,1.0,0.966,0.0056,0.9
0.00010724062034709082,0.5074370680580188,0.5841822663024373,1.0,1.0,0.0,1.0,0.966,0.0056,0.9
0.0011226526071114137,0.4847017260258098,0.5835416291150701,1.0,1.0,0.0,1.0,0.966,0.0056,0.9
2.628316195397233e-5,0.5178341703605088,0.5844959662667234,1.0,1.0,0.0,1.0,0.966,0.0056,0.9
6.359382114612186e-5,0.5243233335556599,0.5846195065273102,1.0,1.0,0.0,1.0,0.966,0.0056,0.9
7.00287907464038e-5,0.507566714672727,0.5842205190375624,1.0,1.0,0.0,1.0,0.966,0.0056,0.9
1.962748299242174e-5,0.5120157209778303,0.5843195117075126,1.0,1.0,0.0,1.0,0.966,0.0056,0.9
0.0011071791392641356,0.47990674526609933,0.5834997108997435,1.0,1.0,0.0,1.0,0.966,0.0056,0.9
0.0002805263328838467,0.5311492149801738,0.5847567588473287,1.0,1.0,0.0,1.0,0.966,0.0056,0.9
0.0005018062995366217,0.49213185060258136,0.5838210205443753,1.0,1.0,0.0,1.0,0.966,0.0056,0.9
7.159969900404964e-6,0.5157209233014792,0.5844069223393541,1.0,1.0,0.0,1.0,0.966,0.0056,0.9
9.67070367244836e-5,0.5059123161801068,0.5841737879425145,1.0,1.0,0.0,1.0,0.966,0.0056,0.9
4.2348938439547854e-5,0.5101351446184313,0.5842932760002834,1.0,1.0,0.0,1.0,0.966,0.0056,0.9
0.00014504522516685224,0.5035168809780733,0.5841131981251767,1.0,1.0,0.0,1.0,0.966,0.0056,0.9
0.0022265218208208128,0.46384332022357994,0.5830716269708092,1.0,1.0,0.0,1.0,0.966,0.0056,0.9
0.006576178603245039,0.42278518499377277,0.5819049696262198,1.0,1.0,0.0,1.0,0.966,0.0056,0.9
0.0001957833472489232,0.5014363815433759,0.5840652531627943,1.0,1.0,0.0,1.0,0.966,0.0056,0.9
4.930528797695718e-6,0.5186958503527204,0.5844961517194878,1.0,1.0,0.0,1.0,0.966,0.0056,0.9
0.0012923053219233117,0.47685209210380525,0.5834221357405147,1.0,1.0,0.0,1.0,0.966,0.0056,0.9
1.0687788995376187e-5,0.51612241634368,0.5844452991166245,1.0,1.0,0.0,1.0,0.966,0.0056,0.9
8.514338795278098e-5,0.5259361671801546,0.5846637354811367,1.0,1.0,0.0,1.0,0.966,0.0056,0.9
0.0019331112132885192,0.46760066200287276,0.5831729833553171,1.0,1.0,0.0,1.0,0.966,0.0056,0.9
0.0010985866286019215,0.48005232390256575,0.583507895135591,1.0,1.0,0.0,1.0,0.966,0.0056,0.9
1.0164041392855157e-6,0.5173586127682419,0.5844577812626506,1.0,1.0,0.0,1.0,0.966,0.0056,0.9
2.3199035784630277e-5,0.5206094395695535,0.5845538437392317,1.0,1.0,0.0,1.0,0.966,0.0056,0.9
8.23666065210086e-5,0.5104511980248412,0.5842528514385775,1.0,1.0,0.0,1.0,0.966,0.0056,0.9
1.3657554456489915e-5,0.5194886063824281,0.5845240427901203,1.0,1.0,0.0,1.0,0.966,0.0056,0.9
6.75026554691621e-5,0.5084842974480315,0.5842555182118474,1.0,1.0,0.0,1.0,0.966,0.0056,0.9
2.097233222978036e-5,0.5122019265253929,0.584320617694732,1.0,1.0,0.0,1.0,0.966,0.0056,0.9
0.0015430162132684967,0.4730254931034659,0.5833197338841167,1.0,1.0,0.0,1.0,0.966,0.0056,0.9
8.21061889954596e-5,0.508085164034546,0.5842057800315206,1.0,1.0,0.0,1.0,0.966,0.0056,0.9
0.004407252191274337,0.4409200119027381,0.5824364376424026,1.0,1.0,0.0,1.0,0.966,0.0056,0.9
0.00013547128978915016,0.5039561741004415,0.5841236560247327,1.0,1.0,0.0,1.0,0.966,0.0056,0.9
8.639836225123312e-5,0.5258348392551787,0.5846577524710104,1.0,1.0,0.0,1.0,0.966,0.0056,0.9
0.00011382872535330166,0.527586533602547,0.5847129891074415,1.0,1.0,0.0,1.0,0.966,0.0056,0.9
9.927923025546871e-5,0.5059480792749542,0.584165554931014,1.0,1.0,0.0,1.0,0.966,0.0056,0.9
2.1415615892201894e-5,0.5165563122543458,0.5844627233872809,1.0,1.0,0.0,1.0,0.966,0.0056,0.9
6.704974951596323e-5,0.524835251347622,0.5846527815996796,1.0,1.0,0.0,1.0,0.966,0.0056,0.9
4.833469237037195e-5,0.5224572960533591,0.584605129531924,1.0,1.0,0.0,1.0,0.966,0.0056,0.9
3.57744534367008e-5,0.513833901758874,0.5843458819280125,1.0,1.0,0.0,1.0,0.966,0.0056,0.9
0.00010856283119630209,0.5052842601890973,0.5841560513733624,1.0,1.0,0.0,1.0,0.966,0.0056,0.9
3.0101214608861076e-5,0.5221989353536783,0.5845808752114302,1.0,1.0,0.0,1.0,0.966,0.0056,0.9
0.00010543982146096515,0.5054431382997157,0.5841610113395025,1.0,1.0,0.0,1.0,0.966,0.0056,0.9
9.796143680859078e-5,0.5058559301037909,0.5841697586666942,1.0,1.0,0.0,1.0,0.966,0.0056,0.9
0.0005323708543489155,0.49138939861825964,0.5838046457005618,1.0,1.0,0.0,1.0,0.966,0.0056,0.9
0.00032832105044993727,0.49686971890924453,0.5839441805308495,1.0,1.0,0.0,1.0,0.966,0.0056,0.9
8.640551186864358e-5,0.5261428621599408,0.5846736668353102,1.0,1.0,0.0,1.0,0.966,0.0056,0.9
0.00022809497566259895,0.5001825983572872,0.5840292766840512,1.0,1.0,0.0,1.0,0.966,0.0056,0.9
0.000309307203036002,0.49746185740836196,0.5839609156696067,1.0,1.0,0.0,1.0,0.966,0.0056,0.9
1.83761903593988e-5,0.5160714466669265,0.5844489760530515,1.0,1.0,0.0,1.0,0.966,0.0056,0.9
0.0002160529306973718,0.5006413887399248,0.5840362318013759,1.0,1.0,0.0,1.0,0.966,0.0056,0.9
0.00013640993004822814,0.5042466447766643,0.5841181474551931,1.0,1.0,0.0,1.0,0.966,0.0056,0.9
3.6817027620663484e-5,0.5105146123717732,0.5842774758787793,1.0,1.0,0.0,1.0,0.966,0.0056,0.9
1.8230745736474037e-5,0.5164996580727125,0.584418173141733,1.0,1.0,0.0,1.0,0.966,0.0056,0.9
7.311083120881571e-5,0.5082859719088931,0.5842144203843573,1.0,1.0,0.0,1.0,0.966,0.0056,0.9
3.1050258716964e-5,0.5139174649446273,0.584399172074798,1.0,1.0,0.0,1.0,0.966,0.0056,0.9
1.4231837952211765e-5,0.5124241724657007,0.5843371643210811,1.0,1.0,0.0,1.0,0.966,0.0056,0.9
6.854208081706768e-6,0.5137100233229777,0.5843719221151927,1.0,1.0,0.0,1.0,0.966,0.0056,0.9
1.5116203397136494e-6,0.5162645413659456,0.584427106113871,1.0,1.0,0.0,1.0,0.966,0.0056,0.9
0.000121867331464763,0.5046833797613071,0.584148673816382,1.0,1.0,0.0,1.0,0.966,0.0056,0.9
2.6029757927493896e-5,0.5191725153798035,0.5844839959134049,1.0,1.0,0.0,1.0,0.966,0.0056,0.9
0.00010978622906929453,0.5052153019487565,0.584155839336589,1.0,1.0,0.0,1.0,0.966,0.0056,0.9
3.5185682104440635e-5,0.5101982949467276,0.5842767695595265,1.0,1.0,0.0,1.0,0.966,0.0056,0.9
3.039399539144142e-5,0.5110944605483989,0.584315183860824,1.0,1.0,0.0,1.0,0.966,0.0056,0.9
1.3218452323578147e-5,0.5147359098366155,0.5843790867812394,1.0,1.0,0.0,1.0,0.966,0.0056,0.9
1.1129496473359417e-7,0.5167249529297603,0.5844453718460025,1.0,1.0,0.0,1.0,0.966,0.0056,0.9
5.012866626692651e-7,0.5169976971836662,0.5844489872719287,1.0,1.0,0.0,1.0,0.966,0.0056,0.9
