8.772927359917137e-5,0.6137420485989854,0.4760933875953342,1.0,2.3855,0.536,1.0,0.966,0.0056,0.9
0.0051750975165574895,0.5253652628010983,0.4739846149486379,1.0,2.3855,0.536,1.0,0.966,0.0056,0.9
8.148475214958179e-5,0.603875230177159,0.47580287213573885,1.0,2.3855,0.536,1.0,0.966,0.0056,0.9
0.002615422137153426,0.6589794636327863,0.47701681122001943,1.0,2.3855,0.536,1.0,0.966,0.0056,0.9
0.0014807586755836194,0.566750855023695,0.4750174922549147,1.0,2.3855,0.536,1.0,0.966,0.0056,0.9
0.006455505827270648,0.514618558177467,0.4736989254307177,1.0,2.3855,0.536,1.0,0.966,0.0056,0.9
0.0013471698082937705,0.6456804466904276,0.4767468446498168,1.0,2.3855,0.536,1.0,0.966,0.0056,0.9
0.01015193052878472,0.4867752343484655,0.47303105982372334,1.0,2.3855,0.536,1.0,0.966,0.0056,0.9
0.0017079903078381375,0.5632086317117048,0.474897500695511,1.0,2.3855,0.536,1.0,0.966,0.0056,0.9
4.885692199787124e-7,0.608631677466019,0.4759452529195241,1.0,2.3855,0.536,1.0,0.966,0.0056,0.9
3.360100938656369e-5,0.6101832232402928,0.4760036690580816,1.0,2.3855,0.536,1.0,0.966,0.0056,0.9
1.1204216060585186e-5,0.6057173817909893,0.4758817682360221,1.0,2.3855,0.536,1.0,0.966,0.0056,0.9
2.6066293391538404e-5,0.6043668895022297,0.47583805169197385,1.0,2.3855,0.536,1.0,0.966,0.0056,0.9
1.1897091236761998e-5,0.6125154365937009,0.47603452200285556,1.0,2.3855,0.536,1.0,0.966,0.0056,0.9
2.3215326377727132e-5,0.6138733304722994,0.47606617713404314,1.0,2.3855,0.536,1.0,0.966,0.0056,0.9
1.0569770559875905e-5,0.6062911502894321,0.4758995521917271,1.0,2.3855,0.536,1.0,0.966,0.0056,0.9
5.0879161672820526e-6,0.6073302788490309,0.47592094421560116,1.0,2.3855,0.536,1.0,0.966,0.0056,0.9
1.3735174424134803e-5,0.6123729764333027,0.4760157987047164,1.0,2.3855,0.536,1.0,0.966,0.0056,0.9
0.00016502534261853222,0.5954418731932877,0.4756490759957329,1.0,2.3855,0.536,1.0,0.966,0.0056,0.9
1.0933077676926725e-6,0.610185589987654,0.4759792435885718,1.0,2.3855,0.536,1.0,0.966,0.0056,0.9
6.751841429436277e-5,0.6175703446282756,0.47613265131088867,1.0,2.3855,0.536,1.0,0.966,0.0056,0.9
4.271009733563897e-6,0.6085881680637273,0.47595134535979444,1.0,2.3855,0.536,1.0,0.966,0.0056,0.9
7.855899088239431e-6,0.6065624320795788,0.47589138649505724,1.0,2.3855,0.536,1.0,0.966,0.0056,0.9
1.9570015858502222e-5,0.6128319143147789,0.47602307669197047,1.0,2.3855,0.536,1.0,0.966,0.0056,0.9
2.1816219612285743e-5,0.6080040098358815,0.4759082561978775,1.0,2.3855,0.536,1.0,0.966,0.0056,0.9
0.0027777509041222183,0.5494295097030788,0.4745923210040298,1.0,2.3855,0.536,1.0,0.966,0.0056,0.9
0.00016145749183552665,0.6152737427421575,0.47614049874792713,1.0,2.3855,0.536,1.0,0.966,0.0056,0.9
0.000682407812505745,0.5807664794911344,0.47532715206502657,1.0,2.3855,0.536,1.0,0.966,0.0056,0.9
5.4613487390285094e-5,0.6095520792552667,0.4759293379872007,1.0,2.3855,0.536,1.0,0.966,0.0056,0.9
4.2721506069308694e-7,0.6098632951806401,0.4759704395729647,1.0,2.3855,0.536,1.0,0.966,0.0056,0.9
3.7886609209173406e-5,0.614439051679262,0.4760546407558541,1.0,2.3855,0.536,1.0,0.966,0.0056,0.9
3.999744218470788e-5,0.6028397134845945,0.4758054038671585,1.0,2.3855,0.536,1.0,0.966,0.0056,0.9
7.958707371797362e-5,0.6018773473932474,0.47582021409228054,1.0,2.3855,0.536,1.0,0.966,0.0056,0.9
2.0067133758115233e-6,0.6095306151274467,0.47596926893304486,1.0,2.3855,0.536,1.0,0.966,0.0056,0.9
8.187672758575804e-7,0.6098497025250958,0.4759728939962542,1.0,2.3855,0.536,1.0,0.966,0.0056,0.9
7.936040026705183e-6,0.6065723080312143,0.4759038883963933,1.0,2.3855,0.536,1.0,0.966,0.0056,0.9
7.265533037322625e-5,0.6117196639372255,0.47604866672607454,1.0,2.3855,0.536,1.0,0.966,0.0056,0.9
0.00014382740433599802,0.5964479606809718,0.47566620427269346,1.0,2.3855,0.536,1.0,0.966,0.0056,0.9
0.014120293679536345,0.7143219363752998,0.47815035469293127,1.0,2.3855,0.536,1.0,0.966,0.0056,0.9
2.798645527550305e-5,0.6039040233152364,0.47583034471837454,1.0,2.3855,0.536,1.0,0.966,0.0056,0.9
1.6570269060133825e-5,0.6049011901347017,0.47586245880795486,1.0,2.3855,0.536,1.0,0.966,0.0056,0.9
0.0002466188871071874,0.625246744500377,0.47631092092135496,1.0,2.3855,0.536,1.0,0.966,0.0056,0.9
1.331543261616828e-5,0.6053296674115894,0.4758698913174371,1.0,2.3855,0.536,1.0,0.966,0.0056,0.9
0.008859261317926335,0.495860054711623,0.4732596888745788,1.0,2.3855,0.536,1.0,0.966,0.0056,0.9
0.028053130536515754,0.38657480312831005,0.4699984964812702,1.0,2.3855,0.536,1.0,0.966,0.0056,0.9
5.191365163273383e-5,0.61657151752351,0.47611225730385776,1.0,2.3855,0.536,1.0,0.966,0.0056,0.9
8.84841694554258e-6,0.6120421802798138,0.4760234846594801,1.0,2.3855,0.536,1.0,0.966,0.0056,0.9
1.630431869612952e-5,0.6111372710455416,0.4759818092018076,1.0,2.3855,0.536,1.0,0.966,0.0056,0.9
0.00021972254969862418,0.6139608561015244,0.47612485003646016,1.0,2.3855,0.536,1.0,0.966,0.0056,0.9
2.6387686199379397e-6,0.6075517656714811,0.4759215643001923,1.0,2.3855,0.536,1.0,0.966,0.0056,0.9
2.35678651505451e-5,0.607501218783239,0.47593944169579666,1.0,2.3855,0.536,1.0,0.966,0.0056,0.9
0.00010271046645996604,0.6000186932241469,0.4757773580578839,1.0,2.3855,0.536,1.0,0.966,0.0056,0.9
0.000965130411054687,0.5750771024460074,0.4751932958296184,1.0,2.3855,0.536,1.0,0.966,0.0056,0.9
1.7407907581279863e-6,0.6092649091634708,0.4759631437542132,1.0,2.3855,0.536,1.0,0.966,0.0056,0.9
0.0001388387935988626,0.5991483481939233,0.47569942646026725,1.0,2.3855,0.536,1.0,0.966,0.0056,0.9
3.244723241586693e-5,0.6146863756272785,0.4760664654412448,1.0,2.3855,0.536,1.0,0.966,0.0056,0.9
3.1655832809329075e-5,0.6033879881603563,0.47582102707164836,1.0,2.3855,0.536,1.0,0.966,0.0056,0.9
2.5186954644268478e-5,0.6049373856516378,0.47584743901635884,1.0,2.3855,0.536,1.0,0.966,0.0056,0.9
9.555016391357075e-7,0.6097386272385911,0.4759637105904555,1.0,2.3855,0.536,1.0,0.966,0.0056,0.9
4.8009937863358834e-5,0.6073597654057499,0.4758839322978025,1.0,2.3855,0.536,1.0,0.966,0.0056,0.9
2.57537447964953e-5,0.6053698944055895,0.4758876663960609,1.0,2.3855,0.536,1.0,0.966,0.0056,0.9
2.6389269821309793e-6,0.6104663688227177,0.4759786126225664,1.0,2.3855,0.536,1.0,0.966,0.0056,0.9
1.0937641860308255e-5,0.6123363362963112,0.4760184366628698,1.0,2.3855,0.536,1.0,0.966,0.0056,0.9
4.509599885350424e-5,0.6020969131143594,0.4757953294302408,1.0,2.3855,0.536,1.0,0.966,0.0056,0.9
7.354380081586641e-6,0.6083246587546322,0.47592435483567513,1.0,2.3855,0.536,1.0,0.966,0.0056,0.9
4.0784128297073724e-5,0.6156550563170682,0.4760908652151801,1.0,2.3855,0.536,1.0,0.966,0.0056,0.9
2.5054299111796686e-5,0.6143024064595874,0.47606343174441135,1.0,2.3855,0.536,1.0,0.966,0.0056,0.9
1.6731357847785488e-5,0.6054359798031319,0.47586301975444095,1.0,2.3855,0.536,1.0,0.966,0.0056,0.9
0.0004848424915315544,0.5871578918816469,0.4754227532232357,1.0,2.3855,0.536,1.0,0.966,0.0056,0.9
2.1492838311675096e-5,0.6043169100662,0.47585033114382186,1.0,2.3855,0.536,1.0,0.966,0.0056,0.9
1.5247205752647472e-5,0.6107643357017276,0.4760066537273677,1.0,2.3855,0.536,1.0,0.966,0.0056,0.9
3.7637680770563175e-6,0.6078097001092612,0.47593163196297433,1.0,2.3855,0.536,1.0,0.966,0.0056,0.9
2.8054185660410384e-6,0.607500770896606,0.47591578607327517,1.0,2.3855,0.536,1.0,0.966,0.0056,0.9
2.8199957536185666e-5,0.6145503137208437,0.4760673531677049,1.0,2.3855,0.536,1.0,0.966,0.0056,0.9
1.6806953371376197e-5,0.6064521701922448,0.4759097665710933,1.0,2.3855,0.536,1.0,0.966,0.0056,0.9
9.108879321275583e-6,0.6060027503642399,0.47588426792585636,1.0,2.3855,0.536,1.0,0.966,0.0056,0.9
5.8288741304832584e-5,0.6039469521381402,0.47581235863658206,1.0,2.3855,0.536,1.0,0.966,0.0056,0.9
0.0003404107247253023,0.5938886116929963,0.4755592823724144,1.0,2.3855,0.536,1.0,0.966,0.0056,0.9
6.008654277608287e-6,0.6065976147863521,0.4758981841230304,1.0,2.3855,0.536,1.0,0.966,0.0056,0.9
0.007863372973986316,0.5032990611717096,0.4734607204974539,1.0,2.3855,0.536,1.0,0.966,0.0056,0.9
5.941600866111085e-7,0.6098423958480865,0.47596774179758883,1.0,2.3855,0.536,1.0,0.966,0.0056,0.9
2.3000916504672315e-5,0.6059018373501038,0.47586581745600803,1.0,2.3855,0.536,1.0,0.966,0.0056,0.9
4.383228819899821e-6,0.6107032993109447,0.47599565910120784,1.0,2.3855,0.536,1.0,0.966,0.0056,0.9
0.03685986334987607,0.34627706895868476,0.46864071757827475,1.0,2.3855,0.536,1.0,0.966,0.0056,0.9
5.9991519003580505e-5,0.6010904112758246,0.4757825442621057,1.0,2.3855,0.536,1.0,0.966,0.0056,0.9
1.8550354285342867e-5,0.6046320361479824,0.4758541894337032,1.0,2.3855,0.536,1.0,0.966,0.0056,0.9
2.664545948632322e-5,0.607812700079231,0.47594820954102773,1.0,2.3855,0.536,1.0,0.966,0.0056,0.9
6.482265945015629e-5,0.6067470081427204,0.4758657030694356,1.0,2.3855,0.536,1.0,0.966,0.0056,0.9
0.0001065342604919596,0.6149013485543939,0.4761207639107725,1.0,2.3855,0.536,1.0,0.966,0.0056,0.9
9.392873384973497e-6,0.6105784059988342,0.4759986913167531,1.0,2.3855,0.536,1.0,0.966,0.0056,0.9
1.717431670577925e-5,0.6126346602133208,0.4760197144521472,1.0,2.3855,0.536,1.0,0.966,0.0056,0.9
0.0008168874741670657,0.6379219513687989,0.47657288201363046,1.0,2.3855,0.536,1.0,0.966,0.0056,0.9
2.2375845610980003e-5,0.6043638337165209,0.4758546639719057,1.0,2.3855,0.536,1.0,0.966,0.0056,0.9
3.377726278480846e-5,0.6073904323664856,0.4758899463935566,1.0,2.3855,0.536,1.0,0.966,0.0056,0.9
8.891611696907855e-5,0.6151167483960107,0.4760513478304009,1.0,2.3855,0.536,1.0,0.966,0.0056,0.9
2.6211325043323093e-7,0.6087005738143902,0.47594569544062143,1.0,2.3855,0.536,1.0,0.966,0.0056,0.9
0.00010980614150517653,0.6084027714677208,0.4758897428977726,1.0,2.3855,0.536,1.0,0.966,0.0056,0.9
1.6545640475608586e-5,0.6061991944989604,0.47590299353107673,1.0,2.3855,0.536,1.0,0.966,0.0056,0.9
3.894461912927277e-5,0.6026181490137156,0.47581354194159325,1.0,2.3855,0.536,1.0,0.966,0.0056,0.9
0.10622563892468491,0.12316764416034462,0.45279764460099464,1.0,2.3855,0.536,1.0,0.966,0.0056,0.9
0.1079457048954498,0.11931782402211255,0.4522081024645732,1.0,2.3855,0.536,1.0,0.966,0.0056,0.9
5.9508134724136564e-5,0.6009960695238767,0.4757727144375479,1.0,2.3855,0.536,1.0,0.966,0.0056,0.9
7.039118668750139e-6,0.6095663068535275,0.4759515696968012,1.0,2.3855,0.536,1.0,0.966,0.0056,0.9
1.1918402863515962e-6,0.6102725476025177,0.47597775997405883,1.0,2.3855,0.536,1.0,0.966,0.0056,0.9
7.77675045688071e-6,0.6071100940726184,0.47590033858044334,1.0,2.3855,0.536,1.0,0.966,0.0056,0.9
4.507475272747415e-5,0.6028101893083271,0.47580031776570836,1.0,2.3855,0.536,1.0,0.966,0.0056,0.9
3.829299913679108e-6,0.610316104021439,0.4759877151291491,1.0,2.3855,0.536,1.0,0.966,0.0056,0.9
3.057385403207939e-5,0.614096449398158,0.4760764034997133,1.0,2.3855,0.536,1.0,0.966,0.0056,0.9
1.575465248337876e-5,0.6109809353914452,0.4760113041977371,1.0,2.3855,0.536,1.0,0.966,0.0056,0.9
0.008694869729126403,0.6946782666845001,0.47776676077947966,1.0,2.3855,0.536,1.0,0.966,0.0056,0.9
2.148754194823022e-5,0.6132650282036873,0.47603362508106145,1.0,2.3855,0.536,1.0,0.966,0.0056,0.9
2.864607633786916e-5,0.6037372735761182,0.47584173583334993,1.0,2.3855,0.536,1.0,0.966,0.0056,0.9
7.565938082159235e-6,0.6067269269656281,0.47589425207105607,1.0,2.3855,0.536,1.0,0.966,0.0056,0.9
4.759617939117485e-6,0.6108420910331085,0.4759986670448162,1.0,2.3855,0.536,1.0,0.966,0.0056,0.9
2.7067000723960778e-5,0.6037787810020485,0.4758404120096119,1.0,2.3855,0.536,1.0,0.966,0.0056,0.9
3.044903703078295e-5,0.606469931727913,0.4759180878927982,1.0,2.3855,0.536,1.0,0.966,0.0056,0.9
2.1982153186518646e-5,0.6047288453029971,0.47584725543308265,1.0,2.3855,0.536,1.0,0.966,0.0056,0.9
2.222307799855676e-5,0.6043237606006917,0.4758429562059841,1.0,2.3855,0.536,1.0,0.966,0.0056,0.9
7.68275432352795e-6,0.6077497354238933,0.4759348454505814,1.0,2.3855,0.536,1.0,0.966,0.0056,0.9
2.069726684647436e-5,0.6053783204344891,0.47585828105658534,1.0,2.3855,0.536,1.0,0.966,0.0056,0.9
0.00017281393882785746,0.6160985294481365,0.47605552994712996,1.0,2.3855,0.536,1.0,0.966,0.0056,0.9
1.744077113927619e-5,0.6089244758558865,0.47596884757330477,1.0,2.3855,0.536,1.0,0.966,0.0056,0.9
0.006370664734173641,0.5150749283878415,0.4737304618465895,1.0,2.3855,0.536,1.0,0.966,0.0056,0.9
5.2782245812735954e-5,0.6059834321234114,0.4758539163487672,1.0,2.3855,0.536,1.0,0.966,0.0056,0.9
4.567215728921976e-5,0.6094455616161936,0.47599226627613556,1.0,2.3855,0.536,1.0,0.966,0.0056,0.9
0.046658764660640194,0.3055950202095846,0.46693359850708727,1.0,2.3855,0.536,1.0,0.966,0.0056,0.9
2.628597498560331e-5,0.6134106955277308,0.47606254965365574,1.0,2.3855,0.536,1.0,0.966,0.0056,0.9
3.520854071609658e-5,0.6057445317470308,0.4758562497409427,1.0,2.3855,0.536,1.0,0.966,0.0056,0.9
2.5949948064056604e-5,0.6134165401500447,0.4760623958958853,1.0,2.3855,0.536,1.0,0.966,0.0056,0.9
2.505129087003192e-6,0.6106923755577304,0.4759914629491619,1.0,2.3855,0.536,1.0,0.966,0.0056,0.9
0.00033225771777854783,0.5909970679501627,0.4755829293918766,1.0,2.3855,0.536,1.0,0.966,0.0056,0.9
7.712542407592843e-5,0.6178261758210929,0.47615722838567026,1.0,2.3855,0.536,1.0,0.966,0.0056,0.9
4.685862949426782e-5,0.6026183080944723,0.4758236847362263,1.0,2.3855,0.536,1.0,0.966,0.0056,0.9
1.9663375522367893e-6,0.6080523206839245,0.4759261341423142,1.0,2.3855,0.536,1.0,0.966,0.0056,0.9
0.0017979258270338575,0.5618498028196584,0.47488800197237585,1.0,2.3855,0.536,1.0,0.966,0.0056,0.9
5.2094088711361146e-5,0.6015542763398063,0.4757893819506185,1.0,2.3855,0.536,1.0,0.966,0.0056,0.9
1.2278794894582865e-5,0.6078288270691372,0.4759405090602168,1.0,2.3855,0.536,1.0,0.966,0.0056,0.9
1.5049169217149622e-5,0.6051350187906486,0.475863021363521,1.0,2.3855,0.536,1.0,0.966,0.0056,0.9
0.012288873719972393,0.47251227037439403,0.4726177504354627,1.0,2.3855,0.536,1.0,0.966,0.0056,0.9
0.0004664093819358019,0.6276494497807306,0.4763055132338902,1.0,2.3855,0.536,1.0,0.966,0.0056,0.9
1.0318036393636757e-6,0.6102043504552535,0.47597647792080516,1.0,2.3855,0.536,1.0,0.966,0.0056,0.9
4.215068398464738e-5,0.6104156422866516,0.4760118519147562,1.0,2.3855,0.536,1.0,0.966,0.0056,0.9
7.106798107429582e-5,0.6005368726806232,0.4757741180118611,1.0,2.3855,0.536,1.0,0.966,0.0056,0.9
7.106723777077365e-5,0.6021818958620386,0.47582494767172945,1.0,2.3855,0.536,1.0,0.966,0.0056,0.9
1.4568878471091636e-5,0.6051512257743445,0.4758660571246234,1.0,2.3855,0.536,1.0,0.966,0.0056,0.9
6.473651156983432e-5,0.6171037579510306,0.47614051029825,1.0,2.3855,0.536,1.0,0.966,0.0056,0.9
0.004342102732500734,0.6719787269797174,0.4772826824774979,1.0,2.3855,0.536,1.0,0.966,0.0056,0.9
3.1854900759323904e-5,0.6033030456943246,0.4758299328233564,1.0,2.3855,0.536,1.0,0.966,0.0056,0.9
2.8806349251799876e-5,0.6105558744045475,0.4759615235045147,1.0,2.3855,0.536,1.0,0.966,0.0056,0.9
1.0280547875876728e-5,0.6059395162418111,0.4758793864187187,1.0,2.3855,0.536,1.0,0.966,0.0056,0.9
0.05797437791242409,0.2630373456769969,0.46496525519618764,1.0,2.3855,0.536,1.0,0.966,0.0056,0.9
2.6120250769119328e-5,0.6120531256466044,0.4759986191184224,1.0,2.3855,0.536,1.0,0.966,0.0056,0.9
1.1248788909258956e-5,0.610114371100401,0.4759906843407939,1.0,2.3855,0.536,1.0,0.966,0.0056,0.9
0.00031143057779160717,0.6272239251732297,0.4763469432533983,1.0,2.3855,0.536,1.0,0.966,0.0056,0.9
0.00031386401065195525,0.6272494817529819,0.47634347605005317,1.0,2.3855,0.536,1.0,0.966,0.0056,0.9
3.585339509450112e-5,0.6100942896994622,0.47600267270198493,1.0,2.3855,0.536,1.0,0.966,0.0056,0.9
1.087263047540197e-5,0.6078129250049602,0.47593909236737064,1.0,2.3855,0.536,1.0,0.966,0.0056,0.9
4.2781830297380826e-5,0.6026943652436073,0.47582248933368676,1.0,2.3855,0.536,1.0,0.966,0.0056,0.9
5.309894918037136e-5,0.6087707952891721,0.4759125473692099,1.0,2.3855,0.536,1.0,0.966,0.0056,0.9
3.4299048169176904e-5,0.6049407408272394,0.47584165720023364,1.0,2.3855,0.536,1.0,0.966,0.0056,0.9
2.280100474573397e-5,0.6120355809262331,0.4760360022815827,1.0,2.3855,0.536,1.0,0.966,0.0056,0.9
5.0477773427411584e-6,0.6110519202804408,0.4760026485065461,1.0,2.3855,0.536,1.0,0.966,0.0056,0.9
0.00013216160434305178,0.5995853337247378,0.4757762117294202,1.0,2.3855,0.536,1.0,0.966,0.0056,0.9
1.604714454803363e-6,0.6093944914776064,0.47595413857546676,1.0,2.3855,0.536,1.0,0.966,0.0056,0.9
6.2257562006509974e-6,0.6093323496302463,0.4759470394623182,1.0,2.3855,0.536,1.0,0.966,0.0056,0.9
4.975452603024895e-6,0.6072195434074392,0.4759062384238424,1.0,2.3855,0.536,1.0,0.966,0.0056,0.9
0.00018744514477126462,0.6055361562142977,0.47581312834763206,1.0,2.3855,0.536,1.0,0.966,0.0056,0.9
0.0022388060223551237,0.5560054283847519,0.4747316487628053,1.0,2.3855,0.536,1.0,0.966,0.0056,0.9
0.0012029408225615113,0.6436180404842293,0.47668469432113086,1.0,2.3855,0.536,1.0,0.966,0.0056,0.9
3.870329121998095e-5,0.6132730429881971,0.4760672947100008,1.0,2.3855,0.536,1.0,0.966,0.0056,0.9
1.3575057710408946e-5,0.6094012869772827,0.4759770643979032,1.0,2.3855,0.536,1.0,0.966,0.0056,0.9
2.4030424493208055e-6,0.6098326601728379,0.47597611537235684,1.0,2.3855,0.536,1.0,0.966,0.0056,0.9
1.4565600435567159e-5,0.612835090947295,0.47604252289574617,1.0,2.3855,0.536,1.0,0.966,0.0056,0.9
2.9496861302667636e-5,0.6137032844265085,0.4760695566380717,1.0,2.3855,0.536,1.0,0.966,0.0056,0.9
0.0007427944285917302,0.5794189592509057,0.47529082757186103,1.0,2.3855,0.536,1.0,0.966,0.0056,0.9
1.3550301815372454e-5,0.6116792013690608,0.47602305060839495,1.0,2.3855,0.536,1.0,0.966,0.0056,0.9
0.0005451113690960686,0.5996604062771068,0.47584635211194587,1.0,2.3855,0.536,1.0,0.966,0.0056,0.9
0.009435409029349074,0.49174409335234537,0.4731307561436692,1.0,2.3855,0.536,1.0,0.966,0.0056,0.9
1.0956471458909332e-5,0.6067177279065515,0.4759117427524362,1.0,2.3855,0.536,1.0,0.966,0.0056,0.9
0.010921639403173368,0.7035059270511312,0.4779273591143006,1.0,2.3855,0.536,1.0,0.966,0.0056,0.9
0.0071987105537243135,0.508405703109186,0.47356209868710825,1.0,2.3855,0.536,1.0,0.966,0.0056,0.9
3.6887894284175705e-5,0.6045085365902876,0.4758325297471876,1.0,2.3855,0.536,1.0,0.966,0.0056,0.9
8.150284789374106e-5,0.6021628491435728,0.4758287413630965,1.0,2.3855,0.536,1.0,0.966,0.0056,0.9
3.6124743930387746e-5,0.603140136709444,0.47581277424855645,1.0,2.3855,0.536,1.0,0.966,0.0056,0.9
1.0939028672107113e-5,0.6057096663083101,0.4758801242466664,1.0,2.3855,0.536,1.0,0.966,0.0056,0.9
1.6262357395295888e-5,0.6132565107654826,0.4760493762891,1.0,2.3855,0.536,1.0,0.966,0.0056,0.9
2.5749646759636725e-6,0.6077462095260547,0.47591963824955424,1.0,2.3855,0.536,1.0,0.966,0.0056,0.9
3.9920233486800644e-5,0.6055960859637379,0.4758512484876902,1.0,2.3855,0.536,1.0,0.966,0.0056,0.9
9.575496621670645e-5,0.6136459183546247,0.47601313307657933,1.0,2.3855,0.536,1.0,0.966,0.0056,0.9
0.00017183318435341774,0.5969578822029422,0.47565360454852684,1.0,2.3855,0.536,1.0,0.966,0.0056,0.9
9.769633653745457e-6,0.6080936021674745,0.47594490444024934,1.0,2.3855,0.536,1.0,0.966,0.0056,0.9
9.802085255945504e-6,0.6082760636311788,0.47594920509402827,1.0,2.3855,0.536,1.0,0.966,0.0056,0.9
6.507708585474995e-5,0.6164467316940778,0.47609637706040026,1.0,2.3855,0.536,1.0,0.966,0.0056,0.9
1.4129781205688684e-5,0.6069453109214666,0.47592029513427414,1.0,2.3855,0.536,1.0,0.966,0.0056,0.9
1.751647445012976e-5,0.6105725840241782,0.4759675759317655,1.0,2.3855,0.536,1.0,0.966,0.0056,0.9
1.181699705307727e-5,0.6098447109406844,0.4759542450871413,1.0,2.3855,0.536,1.0,0.966,0.0056,0.9
0.04453691003450826,0.3141182808499368,0.46728868403263674,1.0,2.3855,0.536,1.0,0.966,0.0056,0.9
3.501613311881011e-5,0.6145947005771131,0.47608703392683016,1.0,2.3855,0.536,1.0,0.966,0.0056,0.9
0.04906863521339151,0.29880084984600486,0.46689638964626723,1.0,2.3855,0.536,1.0,0.966,0.0056,0.9
2.1035092099412235e-5,0.611875175016683,0.47603191974316944,1.0,2.3855,0.536,1.0,0.966,0.0056,0.9
2.2160975043760433e-6,0.6087416666472715,0.47593891504992564,1.0,2.3855,0.536,1.0,0.966,0.0056,0.9
4.271888608375128e-6,0.6083055400396856,0.4759446710802888,1.0,2.3855,0.536,1.0,0.966,0.0056,0.9
0.004287010724386018,0.5335457721797177,0.4741972300502733,1.0,2.3855,0.536,1.0,0.966,0.0056,0.9
0.00030953966984149326,0.5945568122218788,0.47568312041781163,1.0,2.3855,0.536,1.0,0.966,0.0056,0.9
5.949430457525439e-5,0.6010834950790793,0.47577052823855653,1.0,2.3855,0.536,1.0,0.966,0.0056,0.9
0.06020977112826006,0.25529289981620495,0.46458916600324873,1.0,2.3855,0.536,1.0,0.966,0.0056,0.9
5.964820070771697e-5,0.6015273019122673,0.4757987400381284,1.0,2.3855,0.536,1.0,0.966,0.0056,0.9
0.0008855042253131319,0.5767498151682545,0.47521014644032067,1.0,2.3855,0.536,1.0,0.966,0.0056,0.9
1.2305796490966447e-5,0.6055874318764045,0.47587193158145064,1.0,2.3855,0.536,1.0,0.966,0.0056,0.9
3.8549314283729636e-5,0.6056286222632428,0.4758524832930577,1.0,2.3855,0.536,1.0,0.966,0.0056,0.9
1.2314828549953821e-5,0.608359492690292,0.475952947041089,1.0,2.3855,0.536,1.0,0.966,0.0056,0.9
1.6491313402690066e-5,0.6095408587791077,0.4759444629387324,1.0,2.3855,0.536,1.0,0.966,0.0056,0.9
1.2651440596424755e-5,0.6102792335590851,0.4759637331501091,1.0,2.3855,0.536,1.0,0.966,0.0056,0.9
2.833013750874221e-5,0.611930105250954,0.47603695974615423,1.0,2.3855,0.536,1.0,0.966,0.0056,0.9
7.026461582720041e-5,0.602680195893688,0.47583819306942754,1.0,2.3855,0.536,1.0,0.966,0.0056,0.9
6.121386512836418e-5,0.6037161217929499,0.4758619025696474,1.0,2.3855,0.536,1.0,0.966,0.0056,0.9
0.0033999397937063257,0.5425198287417901,0.4744174317626475,1.0,2.3855,0.536,1.0,0.966,0.0056,0.9
6.185238346837158e-5,0.6086011336427259,0.47590616820223064,1.0,2.3855,0.536,1.0,0.966,0.0056,0.9
0.007769093032848088,0.5039676357845942,0.47345275149705246,1.0,2.3855,0.536,1.0,0.966,0.0056,0.9
1.960764676415235e-5,0.6114068805630593,0.47598634839012877,1.0,2.3855,0.536,1.0,0.966,0.0056,0.9
0.0002681941015817195,0.6032113841972955,0.47589537887347994,1.0,2.3855,0.536,1.0,0.966,0.0056,0.9
2.436998648526186e-5,0.6122230555011647,0.4760404326697667,1.0,2.3855,0.536,1.0,0.966,0.0056,0.9
2.1172037963560073e-7,0.6093652290636336,0.475961229932348,1.0,2.3855,0.536,1.0,0.966,0.0056,0.9
5.348035428896783e-6,0.6115884678408929,0.4760072199268424,1.0,2.3855,0.536,1.0,0.966,0.0056,0.9
0.037108381361664854,0.34513791289986123,0.4685721090758631,1.0,2.3855,0.536,1.0,0.966,0.0056,0.9
2.9038222036549203e-5,0.6069171501208501,0.47592822791150124,1.0,2.3855,0.536,1.0,0.966,0.0056,0.9
0.03894176702310074,0.33739754191507293,0.46822112577025465,1.0,2.3855,0.536,1.0,0.966,0.0056,0.9
1.0567136389063215e-5,0.6122164522917846,0.47602866654242537,1.0,2.3855,0.536,1.0,0.966,0.0056,0.9
1.7183220066475204e-6,0.6101532936999252,0.47598088655606746,1.0,2.3855,0.536,1.0,0.966,0.0056,0.9
4.168313060123816e-5,0.6105020719330183,0.4760135048458068,1.0,2.3855,0.536,1.0,0.966,0.0056,0.9
0.051617814727559524,0.29218354942154606,0.46599124904128647,1.0,2.3855,0.536,1.0,0.966,0.0056,0.9
1.7221647876671826e-5,0.613480542704055,0.47604755153844847,1.0,2.3855,0.536,1.0,0.966,0.0056,0.9
6.974546168979226e-5,0.6165004832948195,0.47609545168338063,1.0,2.3855,0.536,1.0,0.966,0.0056,0.9
2.5549659410583627e-5,0.6077088270361362,0.4759452801246926,1.0,2.3855,0.536,1.0,0.966,0.0056,0.9
1.868856322356562e-5,0.6072266233788626,0.475893979980887,1.0,2.3855,0.536,1.0,0.966,0.0056,0.9
6.8730323253006225e-6,0.6064186429161276,0.4758938798562296,1.0,2.3855,0.536,1.0,0.966,0.0056,0.9
2.069509612589689e-6,0.6104982645955048,0.4759874215757192,1.0,2.3855,0.536,1.0,0.966,0.0056,0.9
1.7498516543875297e-5,0.6063440140257199,0.4759074893870618,1.0,2.3855,0.536,1.0,0.966,0.0056,0.9
7.36335873838392e-6,0.6073105637263393,0.4759044282232155,1.0,2.3855,0.536,1.0,0.966,0.0056,0.9
2.0557432864347773e-5,0.6046537292449201,0.4758620919771009,1.0,2.3855,0.536,1.0,0.966,0.0056,0.9
4.371545495239406e-6,0.6077895361676504,0.4759170127713794,1.0,2.3855,0.536,1.0,0.966,0.0056,0.9
0.06321384682146093,0.24459888757479684,0.4638809577927836,1.0,2.3855,0.536,1.0,0.966,0.0056,0.9
1.7114685288929472e-6,0.6078356085785708,0.47592683184337975,1.0,2.3855,0.536,1.0,0.966,0.0056,0.9
3.1555518890637733e-6,0.6096656258537935,0.47597380364281006,1.0,2.3855,0.536,1.0,0.966,0.0056,0.9
0.015770032533568887,0.45138942299676704,0.47199678565741204,1.0,2.3855,0.536,1.0,0.966,0.0056,0.9
0.00024425698852643854,0.6088292981626182,0.4758753733388817,1.0,2.3855,0.536,1.0,0.966,0.0056,0.9
7.856714717886494e-5,0.6112359391137535,0.4759607278354859,1.0,2.3855,0.536,1.0,0.966,0.0056,0.9
0.009030801675273982,0.49460872147743634,0.47322314718236036,1.0,2.3855,0.536,1.0,0.966,0.0056,0.9
6.892492847749186e-5,0.6073030745768855,0.47595146181616665,1.0,2.3855,0.536,1.0,0.966,0.0056,0.9
4.632046573456913e-5,0.6035123879344712,0.4758102414158379,1.0,2.3855,0.536,1.0,0.966,0.0056,0.9
0.054243788840026196,0.2765293952798065,0.46560692391339115,1.0,2.3855,0.536,1.0,0.966,0.0056,0.9
0.0037336231315360105,0.539840019374338,0.47440344677485763,1.0,2.3855,0.536,1.0,0.966,0.0056,0.9
2.146968887295855e-5,0.6047043198271411,0.47586504680472624,1.0,2.3855,0.536,1.0,0.966,0.0056,0.9
2.5231523974008556e-5,0.603879799309823,0.47583953322579603,1.0,2.3855,0.536,1.0,0.966,0.0056,0.9
1.665092095989859e-5,0.6120162776989326,0.47600359273927856,1.0,2.3855,0.536,1.0,0.966,0.0056,0.9
0.03974890044703176,0.3339331163675175,0.468092161080665,1.0,2.3855,0.536,1.0,0.966,0.0056,0.9
0.06923441607208956,0.2245378334922957,0.46264118159929224,1.0,2.3855,0.536,1.0,0.966,0.0056,0.9
0.00015709389972457446,0.5964484117859232,0.4756908891853647,1.0,2.3855,0.536,1.0,0.966,0.0056,0.9
5.560123660929892e-7,0.6099146020855017,0.47597019562748105,1.0,2.3855,0.536,1.0,0.966,0.0056,0.9
9.85435899686972e-5,0.6175742474551832,0.47611320785175726,1.0,2.3855,0.536,1.0,0.966,0.0056,0.9
6.982833210001197e-5,0.6100523803125215,0.4760128076969421,1.0,2.3855,0.536,1.0,0.966,0.0056,0.9
0.0027089617158142037,0.5503554983388654,0.47462666472000864,1.0,2.3855,0.536,1.0,0.966,0.0056,0.9
0.048004816998811976,0.3002822998427527,0.46670589482677727,1.0,2.3855,0.536,1.0,0.966,0.0056,0.9
4.0751643729680926e-5,0.6124371344039582,0.47605240519834585,1.0,2.3855,0.536,1.0,0.966,0.0056,0.9
9.973190522366718e-6,0.6121745083913122,0.4760271500627667,1.0,2.3855,0.536,1.0,0.966,0.0056,0.9
5.859193945753334e-6,0.6067727794903728,0.4759057700021414,1.0,2.3855,0.536,1.0,0.966,0.0056,0.9
1.5373321786324898e-5,0.6094504706353889,0.47597922833971407,1.0,2.3855,0.536,1.0,0.966,0.0056,0.9
3.746344826735953e-5,0.6036002511449599,0.47581730234922437,1.0,2.3855,0.536,1.0,0.966,0.0056,0.9
0.04560012076938067,0.3097909045706122,0.46712574204910223,1.0,2.3855,0.536,1.0,0.966,0.0056,0.9
2.521355139857495e-6,0.6105828209339336,0.4759821465361059,1.0,2.3855,0.536,1.0,0.966,0.0056,0.9
1.1036573268090209e-5,0.6076460590904675,0.47593520369245434,1.0,2.3855,0.536,1.0,0.966,0.0056,0.9
0.0007008872356950554,0.5978525186630421,0.4758192344293751,1.0,2.3855,0.536,1.0,0.966,0.0056,0.9
0.03736539067126345,0.34405487682639685,0.4685481206481455,1.0,2.3855,0.536,1.0,0.966,0.0056,0.9
1.0870210503033129e-5,0.6089342705446928,0.47596498677196525,1.0,2.3855,0.536,1.0,0.966,0.0056,0.9
1.5727063415530867e-5,0.6116056868931287,0.4759937833144342,1.0,2.3855,0.536,1.0,0.966,0.0056,0.9
1.3020265032887293e-5,0.6129425457666959,0.47603867808413336,1.0,2.3855,0.536,1.0,0.966,0.0056,0.9
2.2407766105486708e-5,0.6042966169498446,0.4758520570414218,1.0,2.3855,0.536,1.0,0.966,0.0056,0.9
0.04969611488023774,0.29372665372125567,0.4664015428578334,1.0,2.3855,0.536,1.0,0.966,0.0056,0.9
0.04180676988669521,0.3253485760647687,0.4677421774565199,1.0,2.3855,0.536,1.0,0.966,0.0056,0.9
2.9674785181672007e-8,0.6093599338456357,0.47595910290213533,1.0,2.3855,0.536,1.0,0.966,0.0056,0.9
1.965584045184555e-6,0.6089184331197937,0.47594304244812463,1.0,2.3855,0.536,1.0,0.966,0.0056,0.9
3.5434978934748097e-5,0.6029936014079686,0.4758130457453251,1.0,2.3855,0.536,1.0,0.966,0.0056,0.9
0.04249563517919486,0.32248674004536043,0.4676281116813411,1.0,2.3855,0.536,1.0,0.966,0.0056,0.9
0.03858664425339086,0.33877055639161785,0.4683211971571326,1.0,2.3855,0.536,1.0,0.966,0.0056,0.9
9.25869022019425e-6,0.6064128655116312,0.47590125904189023,1.0,2.3855,0.536,1.0,0.966,0.0056,0.9
2.2683579193476954e-7,0.6094163669893244,0.47595845727734803,1.0,2.3855,0.536,1.0,0.966,0.0056,0.9
0.03294277822469444,0.36535475491486075,0.4691573432442953,1.0,2.3855,0.536,1.0,0.966,0.0056,0.9
4.436586016903538e-5,0.6126802743913242,0.47605858018487146,1.0,2.3855,0.536,1.0,0.966,0.0056,0.9
0.00016265529803543376,0.6126862965274706,0.47608883034002714,1.0,2.3855,0.536,1.0,0.966,0.0056,0.9
5.664750064083506e-6,0.6112156722678546,0.4760062987257742,1.0,2.3855,0.536,1.0,0.966,0.0056,0.9
5.206515617589992e-5,0.612083919644143,0.47604968015040655,1.0,2.3855,0.536,1.0,0.966,0.0056,0.9
7.647085727987575e-6,0.6077952931459837,0.4759359267461021,1.0,2.3855,0.536,1.0,0.966,0.0056,0.9
3.500623745226936e-5,0.6032676792986542,0.4758153251884201,1.0,2.3855,0.536,1.0,0.966,0.0056,0.9
1.9551160631174015e-5,0.6137893252809314,0.4760568620167629,1.0,2.3855,0.536,1.0,0.966,0.0056,0.9
4.037479802419546e-5,0.6049059938712078,0.47583793107534816,1.0,2.3855,0.536,1.0,0.966,0.0056,0.9
0.009988667335528705,0.48783790902398066,0.47304447268944333,1.0,2.3855,0.536,1.0,0.966,0.0056,0.9
9.217782208413091e-6,0.6115754177694652,0.4759987386518985,1.0,2.3855,0.536,1.0,0.966,0.0056,0.9
7.550385899730171e-6,0.6066610757614906,0.47590588870097467,1.0,2.3855,0.536,1.0,0.966,0.0056,0.9
1.1758965442173087e-5,0.6113972446318735,0.4760163837734933,1.0,2.3855,0.536,1.0,0.966,0.0056,0.9
0.005060983468706282,0.5267239150825648,0.47399763573731973,1.0,2.3855,0.536,1.0,0.966,0.0056,0.9
6.823707575627267e-6,0.61044462422654,0.4759937122881142,1.0,2.3855,0.536,1.0,0.966,0.0056,0.9
5.759405850373043e-5,0.6035313581584354,0.4758555511612314,1.0,2.3855,0.536,1.0,0.966,0.0056,0.9
3.2227026971476574e-5,0.6037394973512776,0.4758461416655214,1.0,2.3855,0.536,1.0,0.966,0.0056,0.9
9.691372072819955e-5,0.598728528527269,0.4757269948448073,1.0,2.3855,0.536,1.0,0.966,0.0056,0.9
0.035664108328367354,0.3514613653333062,0.4688181303023182,1.0,2.3855,0.536,1.0,0.966,0.0056,0.9
1.3567140099355698e-5,0.6054751353789489,0.4758785484576942,1.0,2.3855,0.536,1.0,0.966,0.0056,0.9
0.01034289498110926,0.4854050095192941,0.47296750480933614,1.0,2.3855,0.536,1.0,0.966,0.0056,0.9
6.985474465905394e-5,0.6057555754698406,0.47591548212024265,1.0,2.3855,0.536,1.0,0.966,0.0056,0.9
9.123932697706499e-6,0.6060408271156105,0.47588351833195003,1.0,2.3855,0.536,1.0,0.966,0.0056,0.9
0.0001620234627363341,0.5977024127880444,0.4757327473723441,1.0,2.3855,0.536,1.0,0.966,0.0056,0.9
3.317619622462923e-6,0.6092717700862884,0.4759656175331252,1.0,2.3855,0.536,1.0,0.966,0.0056,0.9
1.809234672642211e-5,0.6131567322738001,0.47605127043309,1.0,2.3855,0.536,1.0,0.966,0.0056,0.9
4.402509631079871e-5,0.6048985688670622,0.47588512492104673,1.0,2.3855,0.536,1.0,0.966,0.0056,0.9
0.005212011735773611,0.6758825442770657,0.4773100983058848,1.0,2.3855,0.536,1.0,0.966,0.0056,0.9
0.046265061347964126,0.307170894477006,0.4670534217652846,1.0,2.3855,0.536,1.0,0.966,0.0056,0.9
0.001732350387956075,0.5644266298186442,0.47499570123824103,1.0,2.3855,0.536,1.0,0.966,0.0056,0.9
8.855250442136619e-6,0.6122873820231141,0.47602398061885776,1.0,2.3855,0.536,1.0,0.966,0.0056,0.9
0.05042761671958328,0.2909525054437753,0.46633184676096545,1.0,2.3855,0.536,1.0,0.966,0.0056,0.9
0.00036256948762849447,0.5887093053308209,0.47549038053268367,1.0,2.3855,0.536,1.0,0.966,0.0056,0.9
3.176795537066329e-5,0.6094560707883974,0.4759872981750547,1.0,2.3855,0.536,1.0,0.966,0.0056,0.9
3.3514405838746417e-6,0.6094217811835418,0.47595212715365415,1.0,2.3855,0.536,1.0,0.966,0.0056,0.9
0.03811896876507951,0.340850003365036,0.46836826515015056,1.0,2.3855,0.536,1.0,0.966,0.0056,0.9
0.0038821920265522487,0.5388930961665436,0.4742707111165732,1.0,2.3855,0.536,1.0,0.966,0.0056,0.9
4.532950121645881e-6,0.6073983785666008,0.47592187727060825,1.0,2.3855,0.536,1.0,0.966,0.0056,0.9
3.1011408220506427e-6,0.6075567634861219,0.47591544357385634,1.0,2.3855,0.536,1.0,0.966,0.0056,0.9
2.2811236052322697e-5,0.6141334429622325,0.4760618875964144,1.0,2.3855,0.536,1.0,0.966,0.0056,0.9
2.365902699904315e-5,0.6142366195364385,0.47606778435293207,1.0,2.3855,0.536,1.0,0.966,0.0056,0.9
5.634647739971223e-5,0.6063970565396373,0.4758611230815344,1.0,2.3855,0.536,1.0,0.966,0.0056,0.9
0.018782176528555947,0.4339890661220564,0.47153647759207845,1.0,2.3855,0.536,1.0,0.966,0.0056,0.9
6.93032686855608e-5,0.6115265800677883,0.4760437320693053,1.0,2.3855,0.536,1.0,0.966,0.0056,0.9
3.246120429914943e-7,0.6095610012838096,0.4759656055408884,1.0,2.3855,0.536,1.0,0.966,0.0056,0.9
0.004051331180748715,0.5370177097376863,0.47434620219589824,1.0,2.3855,0.536,1.0,0.966,0.0056,0.9
2.4938141317509927e-5,0.6085422335239943,0.47596408773097937,1.0,2.3855,0.536,1.0,0.966,0.0056,0.9
0.05014829524810586,0.2935886504060739,0.4662273620028916,1.0,2.3855,0.536,1.0,0.966,0.0056,0.9
0.007495939120865504,0.5060515279512413,0.47351236966022975,1.0,2.3855,0.536,1.0,0.966,0.0056,0.9
2.0322687319564317e-5,0.611640115705905,0.475991653590476,1.0,2.3855,0.536,1.0,0.966,0.0056,0.9
6.230296476941129e-5,0.6065175259218373,0.4759312308688209,1.0,2.3855,0.536,1.0,0.966,0.0056,0.9
3.7553742621711855e-6,0.6075790811076331,0.47591430955191494,1.0,2.3855,0.536,1.0,0.966,0.0056,0.9
4.509561378298033e-6,0.6070863512306934,0.4759055345868691,1.0,2.3855,0.536,1.0,0.966,0.0056,0.9
0.0002148033773601959,0.604846097568621,0.4759252447927406,1.0,2.3855,0.536,1.0,0.966,0.0056,0.9
2.253573711849142e-6,0.608352459229803,0.47594286159160176,1.0,2.3855,0.536,1.0,0.966,0.0056,0.9
0.03197470378635893,0.3680766991319942,0.46937894634706717,1.0,2.3855,0.536,1.0,0.966,0.0056,0.9
3.396345832826557e-6,0.6109200800222798,0.475997152834442,1.0,2.3855,0.536,1.0,0.966,0.0056,0.9
6.370304294449844e-5,0.6172353227132531,0.4761402656938732,1.0,2.3855,0.536,1.0,0.966,0.0056,0.9
9.878385786292017e-5,0.6039132744170417,0.4758790357139803,1.0,2.3855,0.536,1.0,0.966,0.0056,0.9
4.0785775059072834e-7,0.6086134861636716,0.4759411126217214,1.0,2.3855,0.536,1.0,0.966,0.0056,0.9
4.076827540205979e-6,0.6078342413983181,0.4759327501418566,1.0,2.3855,0.536,1.0,0.966,0.0056,0.9
1.4598405152827386e-5,0.6071958518442063,0.4758959927659855,1.0,2.3855,0.536,1.0,0.966,0.0056,0.9
2.418399859441706e-6,0.6086767991071006,0.4759509420919735,1.0,2.3855,0.536,1.0,0.966,0.0056,0.9
7.760857791717406e-6,0.609774665201317,0.4759557027330972,1.0,2.3855,0.536,1.0,0.966,0.0056,0.9
9.00828720042581e-6,0.6091496043707402,0.4759406517750564,1.0,2.3855,0.536,1.0,0.966,0.0056,0.9
4.354853911365439e-5,0.608078518569926,0.4759007449124093,1.0,2.3855,0.536,1.0,0.966,0.0056,0.9
9.601751427247402e-5,0.6170552999588024,0.476099798247377,1.0,2.3855,0.536,1.0,0.966,0.0056,0.9
0.02633069881640273,0.39477748368805027,0.47030817788506746,1.0,2.3855,0.536,1.0,0.966,0.0056,0.9
6.684342368310758e-5,0.6019459369030058,0.4758162483415608,1.0,2.3855,0.536,1.0,0.966,0.0056,0.9
4.8570931867720254e-5,0.6099739973748781,0.47594074857938545,1.0,2.3855,0.536,1.0,0.966,0.0056,0.9
2.1478733152223797e-6,0.6087609901470347,0.47593942821486834,1.0,2.3855,0.536,1.0,0.966,0.0056,0.9
0.0009187098751224644,0.5759345545729441,0.47521159452997164,1.0,2.3855,0.536,1.0,0.966,0.0056,0.9
1.232350700535256e-5,0.607685554305079,0.4759073474649665,1.0,2.3855,0.536,1.0,0.966,0.0056,0.9
0.0562617292722317,0.2691944839508755,0.46519025875408265,1.0,2.3855,0.536,1.0,0.966,0.0056,0.9
4.800114710235004e-6,0.609721414046058,0.47595728802943216,1.0,2.3855,0.536,1.0,0.966,0.0056,0.9
0.0008102986552303475,0.6378164287173763,0.47658075745415657,1.0,2.3855,0.536,1.0,0.966,0.0056,0.9
9.673576416149307e-6,0.6086210360466437,0.4759570527336189,1.0,2.3855,0.536,1.0,0.966,0.0056,0.9
0.04122630564348823,0.3279621211261867,0.46797147505392334,1.0,2.3855,0.536,1.0,0.966,0.0056,0.9
1.1358418276111762e-6,0.6096538610375362,0.4759611705535294,1.0,2.3855,0.536,1.0,0.966,0.0056,0.9
4.961346274421748e-5,0.6091177181430989,0.4759864094236064,1.0,2.3855,0.536,1.0,0.966,0.0056,0.9
7.801047608723086e-6,0.6067731295259474,0.47589461282137935,1.0,2.3855,0.536,1.0,0.966,0.0056,0.9
1.4102244726324373e-5,0.6089985551038133,0.475933853574545,1.0,2.3855,0.536,1.0,0.966,0.0056,0.9
6.67685066382364e-5,0.6117124215934795,0.4760468198491642,1.0,2.3855,0.536,1.0,0.966,0.0056,0.9
4.333998485417766e-6,0.608197184331285,0.47592490296099427,1.0,2.3855,0.536,1.0,0.966,0.0056,0.9
0.04418265267713026,0.3154904838249795,0.4673742553365267,1.0,2.3855,0.536,1.0,0.966,0.0056,0.9
0.0001453296257559898,0.5989996174824039,0.4756948303315163,1.0,2.3855,0.536,1.0,0.966,0.0056,0.9
0.00016144228258007932,0.5959540911554022,0.4756476878301922,1.0,2.3855,0.536,1.0,0.966,0.0056,0.9
0.0009852715868163236,0.5752148230546683,0.4752174803726839,1.0,2.3855,0.536,1.0,0.966,0.0056,0.9
1.650498748388162e-5,0.6059615397243973,0.47587165485917976,1.0,2.3855,0.536,1.0,0.966,0.0056,0.9
4.411266056978503e-7,0.6091364772063351,0.4759511633365661,1.0,2.3855,0.536,1.0,0.966,0.0056,0.9
0.0005666037178733602,0.5834402170299776,0.4753673893073242,1.0,2.3855,0.536,1.0,0.966,0.0056,0.9
1.1410919669864717e-5,0.6109560871917762,0.4760077356985676,1.0,2.3855,0.536,1.0,0.966,0.0056,0.9
0.009191189883150395,0.4941004901394327,0.47326124670215697,1.0,2.3855,0.536,1.0,0.966,0.0056,0.9
1.8170597938621156e-5,0.606978442286173,0.47592387213678444,1.0,2.3855,0.536,1.0,0.966,0.0056,0.9
7.76293303705999e-6,0.6099159421836912,0.4759589611385694,1.0,2.3855,0.536,1.0,0.966,0.0056,0.9
8.658297374038454e-5,0.5997064277002349,0.4757325635855499,1.0,2.3855,0.536,1.0,0.966,0.0056,0.9
0.0017011225533964168,0.6498696519462388,0.4768420079911258,1.0,2.3855,0.536,1.0,0.966,0.0056,0.9
0.004446367993683665,0.5320690134679343,0.4741803518584511,1.0,2.3855,0.536,1.0,0.966,0.0056,0.9
2.4900973493154556e-5,0.6112737647006887,0.47598025413949174,1.0,2.3855,0.536,1.0,0.966,0.0056,0.9
0.00013322766879936496,0.597684451831988,0.47571966602886795,1.0,2.3855,0.536,1.0,0.966,0.0056,0.9
1.71547913101826e-5,0.6083380381134135,0.4759178202124911,1.0,2.3855,0.536,1.0,0.966,0.0056,0.9
3.555652167209282e-5,0.6054683221777124,0.4758507976189478,1.0,2.3855,0.536,1.0,0.966,0.0056,0.9
0.00037338995880678333,0.6283933522143207,0.47639333766386793,1.0,2.3855,0.536,1.0,0.966,0.0056,0.9
2.0981402104628797e-5,0.6060364857804806,0.47590197819328495,1.0,2.3855,0.536,1.0,0.966,0.0056,0.9
9.701045891372833e-5,0.5986972150089691,0.4757212520427227,1.0,2.3855,0.536,1.0,0.966,0.0056,0.9
2.1304444329354422e-6,0.6097594350883904,0.47596171685523225,1.0,2.3855,0.536,1.0,0.966,0.0056,0.9
5.5142492064399645e-5,0.6162392752528302,0.4761237439910361,1.0,2.3855,0.536,1.0,0.966,0.0056,0.9
4.1281278100409956e-5,0.6045377374273466,0.4758745094198792,1.0,2.3855,0.536,1.0,0.966,0.0056,0.9
1.7589431912629665e-5,0.6124671226977687,0.4760147663783492,1.0,2.3855,0.536,1.0,0.966,0.0056,0.9
0.006397440810397793,0.5149075025008948,0.47372000832751493,1.0,2.3855,0.536,1.0,0.966,0.0056,0.9
5.986633645448974e-5,0.6011181145607407,0.4757697467511277,1.0,2.3855,0.536,1.0,0.966,0.0056,0.9
1.3630718873193852e-5,0.6075408637629098,0.47593456607062024,1.0,2.3855,0.536,1.0,0.966,0.0056,0.9
7.403670479105755e-6,0.6063701788312574,0.4758906429532551,1.0,2.3855,0.536,1.0,0.966,0.0056,0.9
0.028797620481046036,0.38302830108279057,0.46987710888301454,1.0,2.3855,0.536,1.0,0.966,0.0056,0.9
2.7501214844211703e-5,0.6143807867627666,0.47607677766953643,1.0,2.3855,0.536,1.0,0.966,0.0056,0.9
0.0028302088640630415,0.548885762371527,0.4745600161180926,1.0,2.3855,0.536,1.0,0.966,0.0056,0.9
0.027910405258380483,0.38724421256823205,0.47002322728032137,1.0,2.3855,0.536,1.0,0.966,0.0056,0.9
8.572296336753185e-6,0.6061024004427318,0.4758862103486947,1.0,2.3855,0.536,1.0,0.966,0.0056,0.9
6.03848943427311e-5,0.6024484907742815,0.4757852827433324,1.0,2.3855,0.536,1.0,0.966,0.0056,0.9
9.211459202811901e-5,0.6078127039251676,0.47588102021743545,1.0,2.3855,0.536,1.0,0.966,0.0056,0.9
8.336299242619758e-6,0.6065668413444287,0.4759043846723111,1.0,2.3855,0.536,1.0,0.966,0.0056,0.9
9.528759669730609e-5,0.6000963391612602,0.4757761767637603,1.0,2.3855,0.536,1.0,0.966,0.0056,0.9
1.1535716646927869e-5,0.6113871563349245,0.47601600566939883,1.0,2.3855,0.536,1.0,0.966,0.0056,0.9
2.2905906860838324e-5,0.6044412990114788,0.4758582719184327,1.0,2.3855,0.536,1.0,0.966,0.0056,0.9
4.021406904847572e-5,0.6024763617759602,0.4758088165385996,1.0,2.3855,0.536,1.0,0.966,0.0056,0.9
0.006290031307281225,0.5158454313987737,0.473787389385977,1.0,2.3855,0.536,1.0,0.966,0.0056,0.9
0.00024713894963933466,0.5922995747955984,0.4755776648734795,1.0,2.3855,0.536,1.0,0.966,0.0056,0.9
0.00013208129192133488,0.5974634782216391,0.47567915332938543,1.0,2.3855,0.536,1.0,0.966,0.0056,0.9
2.1739638470341866e-5,0.610221479353429,0.4759991427814741,1.0,2.3855,0.536,1.0,0.966,0.0056,0.9
0.0003064329863450816,0.5922536029378839,0.47554182060132366,1.0,2.3855,0.536,1.0,0.966,0.0056,0.9
0.000117954907489301,0.5976602064734694,0.47569427281278515,1.0,2.3855,0.536,1.0,0.966,0.0056,0.9
0.00507649963387168,0.5261807814273013,0.47401557580622916,1.0,2.3855,0.536,1.0,0.966,0.0056,0.9
0.00012768243046399448,0.6027546598041074,0.4757684381358436,1.0,2.3855,0.536,1.0,0.966,0.0056,0.9
3.5865318084595697e-6,0.6073370338648008,0.47591118310498737,1.0,2.3855,0.536,1.0,0.966,0.0056,0.9
0.005378459664705344,0.5234971154310154,0.47396295463267224,1.0,2.3855,0.536,1.0,0.966,0.0056,0.9
3.285241828936457e-5,0.6150915026237618,0.47608849755539423,1.0,2.3855,0.536,1.0,0.966,0.0056,0.9
6.780539720381552e-6,0.6118938625110515,0.47601396776226934,1.0,2.3855,0.536,1.0,0.966,0.0056,0.9
0.00021640225945759742,0.5937005100582187,0.47562431206256744,1.0,2.3855,0.536,1.0,0.966,0.0056,0.9
0.027867924819002212,0.38754112569082977,0.4700218622218485,1.0,2.3855,0.536,1.0,0.966,0.0056,0.9
2.1648506862820907e-5,0.6042661871350905,0.4758457927777549,1.0,2.3855,0.536,1.0,0.966,0.0056,0.9
6.436481435209143e-5,0.617235148220903,0.4761410406678228,1.0,2.3855,0.536,1.0,0.966,0.0056,0.9
0.0047398403049887395,0.5293496695897962,0.4741176401286654,1.0,2.3855,0.536,1.0,0.966,0.0056,0.9
6.750547826969823e-5,0.6163134439131318,0.47613226356822136,1.0,2.3855,0.536,1.0,0.966,0.0056,0.9
0.00011156187433132605,0.6060321519851037,0.475838618284172,1.0,2.3855,0.536,1.0,0.966,0.0056,0.9
7.323679577061386e-6,0.6077769355817494,0.47593516355768356,1.0,2.3855,0.536,1.0,0.966,0.0056,0.9
0.04246167594302495,0.32252846063618,0.46765958001878033,1.0,2.3855,0.536,1.0,0.966,0.0056,0.9
7.465191815227934e-6,0.611590639885389,0.4760149758889464,1.0,2.3855,0.536,1.0,0.966,0.0056,0.9
2.2203469948641577e-5,0.6122729170089989,0.4760400551993962,1.0,2.3855,0.536,1.0,0.966,0.0056,0.9
0.02097601954821869,0.42210479062028483,0.4711814144688323,1.0,2.3855,0.536,1.0,0.966,0.0056,0.9
5.008725436921614e-6,0.6084990793208594,0.4759500947658265,1.0,2.3855,0.536,1.0,0.966,0.0056,0.9
1.8394634206244972e-5,0.6093086508302108,0.4759778434711335,1.0,2.3855,0.536,1.0,0.966,0.0056,0.9
6.323973852937787e-5,0.6073652054423194,0.4759512226515087,1.0,2.3855,0.536,1.0,0.966,0.0056,0.9
1.7069363150409292e-5,0.6068284301647682,0.47588715431938033,1.0,2.3855,0.536,1.0,0.966,0.0056,0.9
4.0024891683411124e-5,0.6103318737427644,0.47595186060710665,1.0,2.3855,0.536,1.0,0.966,0.0056,0.9
1.7695245231619966e-5,0.6117090189762764,0.47602665900855196,1.0,2.3855,0.536,1.0,0.966,0.0056,0.9
0.027362560801437598,0.38977540855606063,0.4701676292183517,1.0,2.3855,0.536,1.0,0.966,0.0056,0.9
1.3108756461909235e-6,0.610347283398047,0.47598209959849874,1.0,2.3855,0.536,1.0,0.966,0.0056,0.9
6.338040865959461e-6,0.6106762682813247,0.4759976792345042,1.0,2.3855,0.536,1.0,0.966,0.0056,0.9
0.009618522278260861,0.4904377114644825,0.47309935744942827,1.0,2.3855,0.536,1.0,0.966,0.0056,0.9
1.0843491654193018e-5,0.6080521504969135,0.47594474907870543,1.0,2.3855,0.536,1.0,0.966,0.0056,0.9
6.558462091643989e-6,0.6088265191543584,0.47593565757418366,1.0,2.3855,0.536,1.0,0.966,0.0056,0.9
0.023252963443429787,0.41022952368323595,0.470796499129104,1.0,2.3855,0.536,1.0,0.966,0.0056,0.9
0.0012627458950588792,0.5705521412191293,0.47511504120414255,1.0,2.3855,0.536,1.0,0.966,0.0056,0.9
7.6832968365797e-6,0.606296364776972,0.47589359784151986,1.0,2.3855,0.536,1.0,0.966,0.0056,0.9
4.614966797575368e-6,0.6073414791007392,0.4759204320668265,1.0,2.3855,0.536,1.0,0.966,0.0056,0.9
0.017786029050476587,0.43967080917095963,0.4717319373939675,1.0,2.3855,0.536,1.0,0.966,0.0056,0.9
0.0008068059229063509,0.6376568464899679,0.4765841529455865,1.0,2.3855,0.536,1.0,0.966,0.0056,0.9
0.0015120705203305416,0.5660217084542476,0.47498723592587844,1.0,2.3855,0.536,1.0,0.966,0.0056,0.9
9.76536190929642e-6,0.6065233907187292,0.4759051371711351,1.0,2.3855,0.536,1.0,0.966,0.0056,0.9
1.6559739792395873e-5,0.6049084221640086,0.4758587647249435,1.0,2.3855,0.536,1.0,0.966,0.0056,0.9
0.0203502579689592,0.42865723024793634,0.4715402413908325,1.0,2.3855,0.536,1.0,0.966,0.0056,0.9
3.7562187694208094e-5,0.6047159162932174,0.47583585391011746,1.0,2.3855,0.536,1.0,0.966,0.0056,0.9
0.017867520257086492,0.43910021696897694,0.47169449209081565,1.0,2.3855,0.536,1.0,0.966,0.0056,0.9
4.174321468178747e-5,0.6023370457679464,0.4758046600078384,1.0,2.3855,0.536,1.0,0.966,0.0056,0.9
0.0026358172181450124,0.5523412351146435,0.4746022683223288,1.0,2.3855,0.536,1.0,0.966,0.0056,0.9
6.511081697796811e-5,0.6175399776248478,0.47613683474859175,1.0,2.3855,0.536,1.0,0.966,0.0056,0.9
0.00012920417035135255,0.606421978472136,0.4759458413635846,1.0,2.3855,0.536,1.0,0.966,0.0056,0.9
6.42414235914705e-6,0.6101871559347263,0.47598818545639976,1.0,2.3855,0.536,1.0,0.966,0.0056,0.9
0.007041039358967674,0.5096649809679684,0.4736215858738922,1.0,2.3855,0.536,1.0,0.966,0.0056,0.9
1.7494451894781342e-5,0.6097764757001516,0.47594921294892784,1.0,2.3855,0.536,1.0,0.966,0.0056,0.9
0.023608754163754724,0.4085517727367457,0.47071631875202197,1.0,2.3855,0.536,1.0,0.966,0.0056,0.9
0.00024748486737673144,0.5923320608472621,0.47558577744815655,1.0,2.3855,0.536,1.0,0.966,0.0056,0.9
0.001692592219730983,0.6495692923630704,0.47684600285799067,1.0,2.3855,0.536,1.0,0.966,0.0056,0.9
1.0471068231235398e-5,0.606549534217461,0.4758875646928145,1.0,2.3855,0.536,1.0,0.966,0.0056,0.9
5.1259757137619316e-5,0.6078635733179205,0.4759588686001998,1.0,2.3855,0.536,1.0,0.966,0.0056,0.9
3.501554701650825e-7,0.6085677419752968,0.47594120531515277,1.0,2.3855,0.536,1.0,0.966,0.0056,0.9
3.163379147164988e-6,0.6105024591190138,0.47599007758336087,1.0,2.3855,0.536,1.0,0.966,0.0056,0.9
0.021856510112259663,0.4175218478267268,0.47106026644810006,1.0,2.3855,0.536,1.0,0.966,0.0056,0.9
1.2099364145900969e-5,0.6083459138114011,0.4759524877084657,1.0,2.3855,0.536,1.0,0.966,0.0056,0.9
8.164460089751294e-6,0.6100870771515698,0.47598772920632126,1.0,2.3855,0.536,1.0,0.966,0.0056,0.9
2.722908008253777e-5,0.6039491917724142,0.4758318065838247,1.0,2.3855,0.536,1.0,0.966,0.0056,0.9
6.523188989355667e-5,0.6056391985263767,0.4758428205157379,1.0,2.3855,0.536,1.0,0.966,0.0056,0.9
1.2701522488025863e-5,0.6072284398854088,0.47592626718476005,1.0,2.3855,0.536,1.0,0.966,0.0056,0.9
0.0010784506240873381,0.573125067901924,0.475155315850185,1.0,2.3855,0.536,1.0,0.966,0.0056,0.9
0.001083553929039122,0.5729227544309772,0.47513961591893916,1.0,2.3855,0.536,1.0,0.966,0.0056,0.9
0.00010521469591162246,0.6013788941396292,0.47581614274165596,1.0,2.3855,0.536,1.0,0.966,0.0056,0.9
9.417091977781152e-6,0.6114415801741552,0.475994945278032,1.0,2.3855,0.536,1.0,0.966,0.0056,0.9
1.877943783207256e-5,0.6108527283328581,0.475973474451193,1.0,2.3855,0.536,1.0,0.966,0.0056,0.9
1.1531246471037619e-5,0.6076395072143888,0.47590700741366143,1.0,2.3855,0.536,1.0,0.966,0.0056,0.9
1.427767784077066e-5,0.6062467598653052,0.475878552102373,1.0,2.3855,0.536,1.0,0.966,0.0056,0.9
6.55978012462903e-5,0.6156030616701034,0.4761200842803951,1.0,2.3855,0.536,1.0,0.966,0.0056,0.9
1.1759462896195604e-5,0.608004820245088,0.4759142574289269,1.0,2.3855,0.536,1.0,0.966,0.0056,0.9
7.339727653856965e-5,0.6088642124083586,0.4759086841621121,1.0,2.3855,0.536,1.0,0.966,0.0056,0.9
7.222855697650418e-5,0.6178249185102132,0.4761372852862146,1.0,2.3855,0.536,1.0,0.966,0.0056,0.9
4.382380156895857e-5,0.612975014296361,0.476064003087497,1.0,2.3855,0.536,1.0,0.966,0.0056,0.9
0.008322195268224102,0.5001008317602056,0.47332345986675584,1.0,2.3855,0.536,1.0,0.966,0.0056,0.9
2.975353290056896e-6,0.6086113713641831,0.47593507431181103,1.0,2.3855,0.536,1.0,0.966,0.0056,0.9
5.3150776407492874e-5,0.6038049172262043,0.4758119385462702,1.0,2.3855,0.536,1.0,0.966,0.0056,0.9
1.5924636114554804e-5,0.6133391759645003,0.47604580384345463,1.0,2.3855,0.536,1.0,0.966,0.0056,0.9
7.028570341612942e-5,0.6171269852217592,0.47614499190997633,1.0,2.3855,0.536,1.0,0.966,0.0056,0.9
6.410168665850356e-5,0.6060470500758661,0.4759206614318965,1.0,2.3855,0.536,1.0,0.966,0.0056,0.9
0.008824189537689946,0.6951188308162493,0.4777875124009024,1.0,2.3855,0.536,1.0,0.966,0.0056,0.9
1.4336784712823491e-5,0.6124598363192997,0.4760370323866624,1.0,2.3855,0.536,1.0,0.966,0.0056,0.9
3.53159130237831e-6,0.6091173466235404,0.47596249051166806,1.0,2.3855,0.536,1.0,0.966,0.0056,0.9
6.697168635684138e-6,0.6080048960119504,0.4759400941403193,1.0,2.3855,0.536,1.0,0.966,0.0056,0.9
1.556128399818524e-5,0.6050744209989893,0.475867573064305,1.0,2.3855,0.536,1.0,0.966,0.0056,0.9
0.023607001606766088,0.40857326224554485,0.4707154602955707,1.0,2.3855,0.536,1.0,0.966,0.0056,0.9
1.1539108027295167e-5,0.607292094642832,0.47590015580569656,1.0,2.3855,0.536,1.0,0.966,0.0056,0.9
3.143670424143676e-5,0.6084488632249845,0.4759133371833962,1.0,2.3855,0.536,1.0,0.966,0.0056,0.9
0.0019958233466040786,0.5592531289673734,0.47480268841266027,1.0,2.3855,0.536,1.0,0.966,0.0056,0.9
7.2142567103491e-5,0.6003757584843361,0.47575137373382914,1.0,2.3855,0.536,1.0,0.966,0.0056,0.9
0.00019097707127846335,0.604452292249757,0.4759119092136734,1.0,2.3855,0.536,1.0,0.966,0.0056,0.9
1.9364424761145696e-5,0.6136495439240157,0.47605798226407126,1.0,2.3855,0.536,1.0,0.966,0.0056,0.9
9.655314542327743e-7,0.6082460006520546,0.4759326480955726,1.0,2.3855,0.536,1.0,0.966,0.0056,0.9
5.608002914729705e-6,0.6071852144876458,0.4759045854302672,1.0,2.3855,0.536,1.0,0.966,0.0056,0.9
5.488881439131532e-7,0.609801869385675,0.475970931408459,1.0,2.3855,0.536,1.0,0.966,0.0056,0.9
0.0015271368479694088,0.5658343846472519,0.47498599433147703,1.0,2.3855,0.536,1.0,0.966,0.0056,0.9
2.063163449012571e-5,0.6055031292775156,0.4758604185222665,1.0,2.3855,0.536,1.0,0.966,0.0056,0.9
5.132032669926532e-5,0.6037444003220467,0.4758116952011021,1.0,2.3855,0.536,1.0,0.966,0.0056,0.9
5.11992677331488e-6,0.6072164576837242,0.4759178134687117,1.0,2.3855,0.536,1.0,0.966,0.0056,0.9
0.023618543481076865,0.41012612862355124,0.47093727751729075,1.0,2.3855,0.536,1.0,0.966,0.0056,0.9
0.006682154781549297,0.5127966972219381,0.4737215588500187,1.0,2.3855,0.536,1.0,0.966,0.0056,0.9
3.5550163672384365e-5,0.6075263950373735,0.47589205772510396,1.0,2.3855,0.536,1.0,0.966,0.0056,0.9
0.0001691528849239683,0.622156963256257,0.4762244473808883,1.0,2.3855,0.536,1.0,0.966,0.0056,0.9
5.886596436075897e-5,0.6114199812381617,0.47597064042669973,1.0,2.3855,0.536,1.0,0.966,0.0056,0.9
1.377520402247404e-5,0.6115702410133801,0.4760212333136097,1.0,2.3855,0.536,1.0,0.966,0.0056,0.9
1.7039729421222557e-5,0.6059350257568662,0.47589635394200114,1.0,2.3855,0.536,1.0,0.966,0.0056,0.9
2.2120006080788327e-5,0.6059444040826836,0.4759003500332237,1.0,2.3855,0.536,1.0,0.966,0.0056,0.9
3.7849462293396865e-5,0.6028049260136736,0.4758201055468397,1.0,2.3855,0.536,1.0,0.966,0.0056,0.9
0.0022814918912705284,0.6556752108525579,0.4769319861192419,1.0,2.3855,0.536,1.0,0.966,0.0056,0.9
2.1833611211112317e-5,0.6138648616797655,0.47606399420169687,1.0,2.3855,0.536,1.0,0.966,0.0056,0.9
0.009835332946999727,0.48892524228112805,0.47308000818379237,1.0,2.3855,0.536,1.0,0.966,0.0056,0.9
5.3822139985492044e-5,0.606932029720358,0.47587302119956126,1.0,2.3855,0.536,1.0,0.966,0.0056,0.9
7.817811270968644e-5,0.6108954461625141,0.4760330114065796,1.0,2.3855,0.536,1.0,0.966,0.0056,0.9
1.5242542363652774e-5,0.6073337369774182,0.4759306531099132,1.0,2.3855,0.536,1.0,0.966,0.0056,0.9
1.762974469281098e-5,0.6107024442574237,0.47597057299846146,1.0,2.3855,0.536,1.0,0.966,0.0056,0.9
0.0011345164942765044,0.6428306003431346,0.47668134990233896,1.0,2.3855,0.536,1.0,0.966,0.0056,0.9
1.549342034477531e-5,0.605224517459509,0.4758622086228432,1.0,2.3855,0.536,1.0,0.966,0.0056,0.9
1.1718281974227286e-5,0.6102637565842641,0.4759640158040872,1.0,2.3855,0.536,1.0,0.966,0.0056,0.9
0.0030139379664276705,0.5467721454421908,0.47451222977962426,1.0,2.3855,0.536,1.0,0.966,0.0056,0.9
0.018849991461668564,0.43383397321678724,0.47157100486992876,1.0,2.3855,0.536,1.0,0.966,0.0056,0.9
5.864080288267668e-6,0.6109061654585799,0.4760013514318503,1.0,2.3855,0.536,1.0,0.966,0.0056,0.9
2.6432245932559304e-5,0.6073932891829377,0.4759383082250733,1.0,2.3855,0.536,1.0,0.966,0.0056,0.9
0.020053452341063767,0.42718897729790345,0.4712947406233647,1.0,2.3855,0.536,1.0,0.966,0.0056,0.9
0.015932206372526844,0.4502136154514812,0.4720194630685227,1.0,2.3855,0.536,1.0,0.966,0.0056,0.9
1.7684147201719274e-5,0.6112062578901223,0.47598261921438123,1.0,2.3855,0.536,1.0,0.966,0.0056,0.9
0.019198273968455193,0.43173931128306575,0.4714848935863877,1.0,2.3855,0.536,1.0,0.966,0.0056,0.9
0.0068083366354680375,0.5114718062407746,0.4736564951715821,1.0,2.3855,0.536,1.0,0.966,0.0056,0.9
8.146637498798371e-5,0.605889615228387,0.47584316458851794,1.0,2.3855,0.536,1.0,0.966,0.0056,0.9
0.014516901292315627,0.4589642689983226,0.4722046739354968,1.0,2.3855,0.536,1.0,0.966,0.0056,0.9
0.0001512146491808541,0.6217501531468121,0.47622300917393384,1.0,2.3855,0.536,1.0,0.966,0.0056,0.9
0.009315262093768603,0.492677975764526,0.47319116572736697,1.0,2.3855,0.536,1.0,0.966,0.0056,0.9
7.3325480416945964e-6,0.6117174007146364,0.4760165388416832,1.0,2.3855,0.536,1.0,0.966,0.0056,0.9
9.482245971656112e-6,0.6083052843632663,0.4759496368488475,1.0,2.3855,0.536,1.0,0.966,0.0056,0.9
1.2251882849893612e-5,0.6123240916170964,0.4760325467490106,1.0,2.3855,0.536,1.0,0.966,0.0056,0.9
0.0003427643805049021,0.615249157316776,0.47616880436328957,1.0,2.3855,0.536,1.0,0.966,0.0056,0.9
0.004579840565208229,0.5307568456221687,0.47412803095054623,1.0,2.3855,0.536,1.0,0.966,0.0056,0.9
0.013456915233599405,0.4651112455259405,0.4724243885736319,1.0,2.3855,0.536,1.0,0.966,0.0056,0.9
2.0638097927529324e-5,0.6116427133796725,0.4759915303682379,1.0,2.3855,0.536,1.0,0.966,0.0056,0.9
6.314290532041946e-5,0.6028966814434293,0.4758409910546205,1.0,2.3855,0.536,1.0,0.966,0.0056,0.9
1.9950809859219773e-6,0.6106494580046888,0.47598827202038846,1.0,2.3855,0.536,1.0,0.966,0.0056,0.9
1.9273418456748253e-5,0.6128549687843605,0.47602397156381526,1.0,2.3855,0.536,1.0,0.966,0.0056,0.9
1.1951583717335296e-5,0.6068990170739768,0.47589234415402254,1.0,2.3855,0.536,1.0,0.966,0.0056,0.9
0.006431742508146214,0.5147865875753856,0.4737684825286536,1.0,2.3855,0.536,1.0,0.966,0.0056,0.9
1.4299363219685047e-6,0.6079708224199528,0.47592699851706066,1.0,2.3855,0.536,1.0,0.966,0.0056,0.9
0.00012573773939255806,0.6139861931522729,0.47601413555653843,1.0,2.3855,0.536,1.0,0.966,0.0056,0.9
0.011168975755048766,0.4799283198531374,0.47285390840744407,1.0,2.3855,0.536,1.0,0.966,0.0056,0.9
8.233113338395395e-8,0.6092208137577945,0.47595477235416733,1.0,2.3855,0.536,1.0,0.966,0.0056,0.9
0.02050440175258649,0.4246190931631795,0.471254713741872,1.0,2.3855,0.536,1.0,0.966,0.0056,0.9
3.3754000811813185e-6,0.6072526867133157,0.47591336905051207,1.0,2.3855,0.536,1.0,0.966,0.0056,0.9
0.0020477309776407836,0.5596378856586333,0.4747793889145942,1.0,2.3855,0.536,1.0,0.966,0.0056,0.9
6.874547879100824e-5,0.6048003679777658,0.4758919689414939,1.0,2.3855,0.536,1.0,0.966,0.0056,0.9
4.143656074512365e-5,0.606726640805367,0.4758731876601544,1.0,2.3855,0.536,1.0,0.966,0.0056,0.9
0.001027039332363319,0.5768251466838625,0.4752897079701553,1.0,2.3855,0.536,1.0,0.966,0.0056,0.9
2.3282982320716706e-6,0.6107595033930631,0.47599100843050945,1.0,2.3855,0.536,1.0,0.966,0.0056,0.9
9.671038377920768e-6,0.6066505865795917,0.4759085519775418,1.0,2.3855,0.536,1.0,0.966,0.0056,0.9
8.323197907455709e-6,0.6078122835437346,0.47591308941628907,1.0,2.3855,0.536,1.0,0.966,0.0056,0.9
4.640665932736155e-6,0.6110940073147495,0.47599207888617884,1.0,2.3855,0.536,1.0,0.966,0.0056,0.9
0.00926063299480139,0.4931066680041798,0.47315180308136273,1.0,2.3855,0.536,1.0,0.966,0.0056,0.9
4.7240217194761134e-5,0.6083466919332011,0.4759684628024127,1.0,2.3855,0.536,1.0,0.966,0.0056,0.9
8.454602083484695e-5,0.6172537866211001,0.4761545125929834,1.0,2.3855,0.536,1.0,0.966,0.0056,0.9
1.5994809901101323e-5,0.6119536299078503,0.47600246769700716,1.0,2.3855,0.536,1.0,0.966,0.0056,0.9
0.004181041643943481,0.5346341687844387,0.4742148942187987,1.0,2.3855,0.536,1.0,0.966,0.0056,0.9
2.5343607765286835e-6,0.6093679762992047,0.47595202227198175,1.0,2.3855,0.536,1.0,0.966,0.0056,0.9
0.00029961080737658037,0.5957420069736922,0.4757134121854993,1.0,2.3855,0.536,1.0,0.966,0.0056,0.9
0.012517876721148537,0.4713438923036293,0.47255266071857494,1.0,2.3855,0.536,1.0,0.966,0.0056,0.9
8.323174809544486e-5,0.6012147094834964,0.4758032354857648,1.0,2.3855,0.536,1.0,0.966,0.0056,0.9
1.6399366057196156e-6,0.6098772255266396,0.47596549584883224,1.0,2.3855,0.536,1.0,0.966,0.0056,0.9
0.00011195769341891384,0.6065941326473325,0.47594604049495304,1.0,2.3855,0.536,1.0,0.966,0.0056,0.9
1.70337287517503e-5,0.6080831012597484,0.4759125113140316,1.0,2.3855,0.536,1.0,0.966,0.0056,0.9
0.008260503097261127,0.5002753889286737,0.4733543691412913,1.0,2.3855,0.536,1.0,0.966,0.0056,0.9
2.205600548689019e-5,0.6128234365933686,0.47604971594583256,1.0,2.3855,0.536,1.0,0.966,0.0056,0.9
5.041217591902301e-6,0.6090359245516499,0.47596237613700454,1.0,2.3855,0.536,1.0,0.966,0.0056,0.9
0.0020858710948215117,0.5579325172531066,0.47479299595434027,1.0,2.3855,0.536,1.0,0.966,0.0056,0.9
9.459727345851563e-6,0.6097655994954293,0.47598205316850084,1.0,2.3855,0.536,1.0,0.966,0.0056,0.9
9.356302000877327e-6,0.6108007989921502,0.47600302149685286,1.0,2.3855,0.536,1.0,0.966,0.0056,0.9
2.9445963072758325e-5,0.6059185857886809,0.4758624382946579,1.0,2.3855,0.536,1.0,0.966,0.0056,0.9
0.02026680825246925,0.4259805813395103,0.47132082018381516,1.0,2.3855,0.536,1.0,0.966,0.0056,0.9
1.0204457218113809e-5,0.6124592362585611,0.4760300165457091,1.0,2.3855,0.536,1.0,0.966,0.0056,0.9
1.2944268043492633e-5,0.6107678845195149,0.47597512688282895,1.0,2.3855,0.536,1.0,0.966,0.0056,0.9
3.76111495045983e-5,0.6090539574185645,0.4759807842632428,1.0,2.3855,0.536,1.0,0.966,0.0056,0.9
0.013579978488841217,0.4651886497758889,0.47249997265851357,1.0,2.3855,0.536,1.0,0.966,0.0056,0.9
0.0003134977791271046,0.5906346363259305,0.47556154200666384,1.0,2.3855,0.536,1.0,0.966,0.0056,0.9
0.00042041599311566316,0.5870067267574133,0.47545793634122996,1.0,2.3855,0.536,1.0,0.966,0.0056,0.9
1.672973968094579e-5,0.6064710764953118,0.47591019525331796,1.0,2.3855,0.536,1.0,0.966,0.0056,0.9
0.002663661105909836,0.5507557365721388,0.4746220444464568,1.0,2.3855,0.536,1.0,0.966,0.0056,0.9
3.2558069391888804e-6,0.610733451201881,0.47598465914880683,1.0,2.3855,0.536,1.0,0.966,0.0056,0.9
0.00967913289519648,0.4902434953542418,0.4730682448047943,1.0,2.3855,0.536,1.0,0.966,0.0056,0.9
6.694828741561479e-6,0.6078593904849674,0.47593655335870644,1.0,2.3855,0.536,1.0,0.966,0.0056,0.9
0.001087475697303288,0.5730256161538604,0.47512452582143333,1.0,2.3855,0.536,1.0,0.966,0.0056,0.9
6.823423928729162e-6,0.6069112704599764,0.4759119881795066,1.0,2.3855,0.536,1.0,0.966,0.0056,0.9
0.0002965144832249983,0.5907824168969484,0.4755551728637715,1.0,2.3855,0.536,1.0,0.966,0.0056,0.9
3.421759347667872e-5,0.6030443112332551,0.4758231752331939,1.0,2.3855,0.536,1.0,0.966,0.0056,0.9
0.00035969574837250664,0.6144922624880068,0.4761555705063371,1.0,2.3855,0.536,1.0,0.966,0.0056,0.9
1.8361549918120436e-5,0.613008271604012,0.4760292056262754,1.0,2.3855,0.536,1.0,0.966,0.0056,0.9
1.4524552737943217e-5,0.6051653398118828,0.4758653852831172,1.0,2.3855,0.536,1.0,0.966,0.0056,0.9
4.3139108197769335e-5,0.6125858478922117,0.4760562623200572,1.0,2.3855,0.536,1.0,0.966,0.0056,0.9
0.0018187938835488896,0.5615327522910811,0.4748761493663782,1.0,2.3855,0.536,1.0,0.966,0.0056,0.9
5.3295071741487924e-5,0.605884937949671,0.47591318377592656,1.0,2.3855,0.536,1.0,0.966,0.0056,0.9
3.687340650580449e-7,0.6086473225701917,0.47594499302484145,1.0,2.3855,0.536,1.0,0.966,0.0056,0.9
4.607412114065493e-5,0.6124165026450268,0.4759986842893425,1.0,2.3855,0.536,1.0,0.966,0.0056,0.9
3.177575919618251e-5,0.6071960003850805,0.4758867760661141,1.0,2.3855,0.536,1.0,0.966,0.0056,0.9
8.386631137886452e-6,0.607084025421155,0.4759187108639141,1.0,2.3855,0.536,1.0,0.966,0.0056,0.9
7.832961438700691e-7,0.6094987782828873,0.47595837163280913,1.0,2.3855,0.536,1.0,0.966,0.0056,0.9
9.961442806635577e-5,0.5985500220824329,0.47571948018383453,1.0,2.3855,0.536,1.0,0.966,0.0056,0.9
1.5888421064947897e-5,0.6101110587119518,0.47599362492206254,1.0,2.3855,0.536,1.0,0.966,0.0056,0.9
2.96686310204857e-5,0.6048647147752645,0.47584305706310703,1.0,2.3855,0.536,1.0,0.966,0.0056,0.9
2.7959575059549114e-5,0.6145274229986667,0.47607843046715664,1.0,2.3855,0.536,1.0,0.966,0.0056,0.9
1.1278335565750945e-5,0.6058044016166904,0.4758853854580052,1.0,2.3855,0.536,1.0,0.966,0.0056,0.9
4.475805113718317e-5,0.6021204774284772,0.47579601365460883,1.0,2.3855,0.536,1.0,0.966,0.0056,0.9
7.521872302803364e-5,0.6127020222063785,0.47606932548579073,1.0,2.3855,0.536,1.0,0.966,0.0056,0.9
9.659012625007623e-5,0.6044728159947462,0.4758921369403682,1.0,2.3855,0.536,1.0,0.966,0.0056,0.9
5.85030202251973e-5,0.6130101748965026,0.4760701852510127,1.0,2.3855,0.536,1.0,0.966,0.0056,0.9
6.442231932365723e-5,0.615628459294809,0.4761199846782594,1.0,2.3855,0.536,1.0,0.966,0.0056,0.9
8.447960594397223e-5,0.59949448468273,0.4757345978845837,1.0,2.3855,0.536,1.0,0.966,0.0056,0.9
5.911779628926468e-5,0.6091753526580722,0.4759906655815175,1.0,2.3855,0.536,1.0,0.966,0.0056,0.9
2.761558199257804e-5,0.6133867349182404,0.47606309324749,1.0,2.3855,0.536,1.0,0.966,0.0056,0.9
6.528221992589502e-5,0.6009615526521916,0.47576231060371665,1.0,2.3855,0.536,1.0,0.966,0.0056,0.9
0.00015815035441704361,0.5957351742866245,0.4756566978310159,1.0,2.3855,0.536,1.0,0.966,0.0056,0.9
5.8568127457125406e-5,0.6106012920939785,0.4760212228188051,1.0,2.3855,0.536,1.0,0.966,0.0056,0.9
6.08506673428101e-5,0.612961186259257,0.476070021693387,1.0,2.3855,0.536,1.0,0.966,0.0056,0.9
5.5159110823477495e-5,0.6072944982538149,0.4759470820753398,1.0,2.3855,0.536,1.0,0.966,0.0056,0.9
2.262254667802291e-5,0.6129758853421841,0.4760527014218343,1.0,2.3855,0.536,1.0,0.966,0.0056,0.9
7.607483511276325e-5,0.6003753733921512,0.4757473300313649,1.0,2.3855,0.536,1.0,0.966,0.0056,0.9
7.848099531791895e-8,0.6088886604495654,0.4759489583711415,1.0,2.3855,0.536,1.0,0.966,0.0056,0.9
4.885313241606517e-5,0.6099545655259887,0.47600435141553965,1.0,2.3855,0.536,1.0,0.966,0.0056,0.9
5.6230750976473805e-5,0.6012323427118119,0.47577746229829726,1.0,2.3855,0.536,1.0,0.966,0.0056,0.9
7.599050549093055e-5,0.6169637179211308,0.47610575042994335,1.0,2.3855,0.536,1.0,0.966,0.0056,0.9
8.342938431254089e-5,0.5994683536585139,0.47573862749453105,1.0,2.3855,0.536,1.0,0.966,0.0056,0.9
7.121254979089393e-5,0.6002355991637787,0.4757598586156231,1.0,2.3855,0.536,1.0,0.966,0.0056,0.9
5.9797562137242716e-5,0.6013557170404948,0.4757929053526724,1.0,2.3855,0.536,1.0,0.966,0.0056,0.9
7.0425640031799e-5,0.617878481253078,0.4761464341356015,1.0,2.3855,0.536,1.0,0.966,0.0056,0.9
1.8743837302331364e-5,0.6066293509348551,0.4758822233980029,1.0,2.3855,0.536,1.0,0.966,0.0056,0.9
9.724776610186943e-6,0.6106326252922306,0.47600004099705756,1.0,2.3855,0.536,1.0,0.966,0.0056,0.9
9.62512563578361e-5,0.6193280385583231,0.47617684692287876,1.0,2.3855,0.536,1.0,0.966,0.0056,0.9
7.564147933543964e-5,0.6181914441411289,0.4761530346853164,1.0,2.3855,0.536,1.0,0.966,0.0056,0.9
9.536419266098061e-6,0.6059258607277905,0.47588385109687653,1.0,2.3855,0.536,1.0,0.966,0.0056,0.9
5.644386997232595e-5,0.613195490345549,0.47607305111343523,1.0,2.3855,0.536,1.0,0.966,0.0056,0.9
9.351145818391294e-5,0.5988957260475533,0.47572512878567486,1.0,2.3855,0.536,1.0,0.966,0.0056,0.9
9.180574720060099e-5,0.6175816153182963,0.47611622656048297,1.0,2.3855,0.536,1.0,0.966,0.0056,0.9
5.165361934449439e-5,0.6132281435111503,0.4760719173033927,1.0,2.3855,0.536,1.0,0.966,0.0056,0.9
6.744496548843197e-5,0.6004558669609972,0.4757619012594851,1.0,2.3855,0.536,1.0,0.966,0.0056,0.9
5.89572461416463e-5,0.615648103205944,0.4761177025860046,1.0,2.3855,0.536,1.0,0.966,0.0056,0.9
9.195499276110597e-5,0.6184766675011775,0.476174221424637,1.0,2.3855,0.536,1.0,0.966,0.0056,0.9
5.240124602864934e-6,0.6088007261910625,0.4759363744625854,1.0,2.3855,0.536,1.0,0.966,0.0056,0.9
8.497442603734417e-5,0.5993770269988472,0.47573911034406385,1.0,2.3855,0.536,1.0,0.966,0.0056,0.9
4.608727688621684e-5,0.6074524304077094,0.475947673621174,1.0,2.3855,0.536,1.0,0.966,0.0056,0.9
5.641343892646785e-5,0.6132391736580872,0.47607387928516326,1.0,2.3855,0.536,1.0,0.966,0.0056,0.9
4.890470188844077e-5,0.6128246149053668,0.47606313420394164,1.0,2.3855,0.536,1.0,0.966,0.0056,0.9
0.0004806602820610112,0.5854318648247647,0.4754278907525473,1.0,2.3855,0.536,1.0,0.966,0.0056,0.9
8.847799696207248e-5,0.6188901341603604,0.4761648036736145,1.0,2.3855,0.536,1.0,0.966,0.0056,0.9
3.8338386019086506e-5,0.6109208904157631,0.47602099508994994,1.0,2.3855,0.536,1.0,0.966,0.0056,0.9
3.903893294362006e-5,0.6089376626123871,0.4759787482918939,1.0,2.3855,0.536,1.0,0.966,0.0056,0.9
9.135362226556569e-5,0.6181754810851341,0.4761704941947163,1.0,2.3855,0.536,1.0,0.966,0.0056,0.9
6.299606885850182e-5,0.6127701669732071,0.47606696961173545,1.0,2.3855,0.536,1.0,0.966,0.0056,0.9
8.64432845171567e-5,0.5995773379526377,0.47573188311004355,1.0,2.3855,0.536,1.0,0.966,0.0056,0.9
0.0005027447559871286,0.5848619904520038,0.47541279497140565,1.0,2.3855,0.536,1.0,0.966,0.0056,0.9
4.3536494126951925e-5,0.614884165967647,0.4760972475090364,1.0,2.3855,0.536,1.0,0.966,0.0056,0.9
9.002919086878157e-5,0.6131716547072981,0.4760827739756954,1.0,2.3855,0.536,1.0,0.966,0.0056,0.9
9.637972614323737e-5,0.5987678759029047,0.47572020615122157,1.0,2.3855,0.536,1.0,0.966,0.0056,0.9
4.2657678656380755e-5,0.61279542545924,0.4760600984353938,1.0,2.3855,0.536,1.0,0.966,0.0056,0.9
8.702993304120996e-5,0.6187380929822685,0.476170714266119,1.0,2.3855,0.536,1.0,0.966,0.0056,0.9
4.801114801396687e-5,0.6071191604774195,0.47594061210741334,1.0,2.3855,0.536,1.0,0.966,0.0056,0.9
5.8760760708441476e-5,0.6010451832734938,0.47577580780454226,1.0,2.3855,0.536,1.0,0.966,0.0056,0.9
5.792946450058704e-5,0.6016907177687049,0.47577607725787524,1.0,2.3855,0.536,1.0,0.966,0.0056,0.9
9.558900998721423e-5,0.5988029159320932,0.4757287237054498,1.0,2.3855,0.536,1.0,0.966,0.0056,0.9
9.819908149156033e-6,0.6062639687569876,0.47588397436258323,1.0,2.3855,0.536,1.0,0.966,0.0056,0.9
9.255517666114577e-5,0.6190780929634913,0.47616736191902903,1.0,2.3855,0.536,1.0,0.966,0.0056,0.9
3.378369152745211e-5,0.6146291394219515,0.4760633275858096,1.0,2.3855,0.536,1.0,0.966,0.0056,0.9
5.592408310773157e-5,0.6033706526294265,0.4758505150886073,1.0,2.3855,0.536,1.0,0.966,0.0056,0.9
4.584226972555469e-5,0.6139994070655863,0.47608371962658974,1.0,2.3855,0.536,1.0,0.966,0.0056,0.9
8.882569309016012e-5,0.5991619253183137,0.4757309657267995,1.0,2.3855,0.536,1.0,0.966,0.0056,0.9
9.606574830967878e-5,0.599043626495585,0.47571950977143135,1.0,2.3855,0.536,1.0,0.966,0.0056,0.9
6.754351718914795e-5,0.61420090519271,0.47609596292632317,1.0,2.3855,0.536,1.0,0.966,0.0056,0.9
6.192552962816893e-5,0.6172688598633976,0.4761277353240476,1.0,2.3855,0.536,1.0,0.966,0.0056,0.9
7.113794528403842e-5,0.6007824645559032,0.4757830104599421,1.0,2.3855,0.536,1.0,0.966,0.0056,0.9
5.166197595247018e-5,0.6161048302867779,0.47609490284631795,1.0,2.3855,0.536,1.0,0.966,0.0056,0.9
5.518234231663309e-5,0.6127069550641218,0.47606311758435355,1.0,2.3855,0.536,1.0,0.966,0.0056,0.9
9.899368719781678e-5,0.5985839211823507,0.4757198729640963,1.0,2.3855,0.536,1.0,0.966,0.0056,0.9
8.727278148396142e-5,0.6187903759193877,0.4761610256619544,1.0,2.3855,0.536,1.0,0.966,0.0056,0.9
9.670462581934945e-5,0.598723548516517,0.475725771172853,1.0,2.3855,0.536,1.0,0.966,0.0056,0.9
1.9873856500573717e-6,0.6091340614453667,0.47596068855597595,1.0,2.3855,0.536,1.0,0.966,0.0056,0.9
4.2240359007878136e-5,0.615321809051641,0.4760776499517091,1.0,2.3855,0.536,1.0,0.966,0.0056,0.9
8.228798274980439e-5,0.6158340304051684,0.47613054682809675,1.0,2.3855,0.536,1.0,0.966,0.0056,0.9
6.46447396639144e-6,0.6081738355192201,0.47594391667111174,1.0,2.3855,0.536,1.0,0.966,0.0056,0.9
2.723552397015409e-5,0.606185363537751,0.4758687269638937,1.0,2.3855,0.536,1.0,0.966,0.0056,0.9
2.862549380656006e-5,0.6134479292122148,0.4760332233557403,1.0,2.3855,0.536,1.0,0.966,0.0056,0.9
8.645944805466129e-5,0.6122278264893131,0.47606281703454734,1.0,2.3855,0.536,1.0,0.966,0.0056,0.9
9.446340777537737e-5,0.5988325983508523,0.47572596879776335,1.0,2.3855,0.536,1.0,0.966,0.0056,0.9
3.45246870679427e-5,0.6030354012325707,0.4758235573199338,1.0,2.3855,0.536,1.0,0.966,0.0056,0.9
6.924051646931906e-5,0.6003406306365617,0.47575863655782036,1.0,2.3855,0.536,1.0,0.966,0.0056,0.9
7.168180262565738e-5,0.60278783106882,0.475785989224352,1.0,2.3855,0.536,1.0,0.966,0.0056,0.9
7.448163026249209e-5,0.6001821255001291,0.47576371152844843,1.0,2.3855,0.536,1.0,0.966,0.0056,0.9
6.860050829080322e-5,0.6005406179399178,0.47577118485062303,1.0,2.3855,0.536,1.0,0.966,0.0056,0.9
6.692577103044374e-5,0.6010604606866754,0.47578904029851404,1.0,2.3855,0.536,1.0,0.966,0.0056,0.9
3.735759708379356e-5,0.6153269105721739,0.4760830172245343,1.0,2.3855,0.536,1.0,0.966,0.0056,0.9
4.825380462900675e-5,0.6130949732909459,0.4760680704393971,1.0,2.3855,0.536,1.0,0.966,0.0056,0.9
3.425880501836506e-5,0.6029844776678103,0.47581861282650745,1.0,2.3855,0.536,1.0,0.966,0.0056,0.9
2.391831121407521e-5,0.6097079435863874,0.4759443780209773,1.0,2.3855,0.536,1.0,0.966,0.0056,0.9
7.993313949026571e-5,0.6124794904937454,0.47606617917463584,1.0,2.3855,0.536,1.0,0.966,0.0056,0.9
4.7755836675984916e-5,0.6116295275969632,0.4759792330049273,1.0,2.3855,0.536,1.0,0.966,0.0056,0.9
9.837897283779432e-5,0.618805963257455,0.47618174134965374,1.0,2.3855,0.536,1.0,0.966,0.0056,0.9
8.577937965662036e-5,0.6183724557555735,0.4761686770576769,1.0,2.3855,0.536,1.0,0.966,0.0056,0.9
3.660410064419918e-5,0.6131984555200586,0.47602216891574467,1.0,2.3855,0.536,1.0,0.966,0.0056,0.9
5.83600516188627e-5,0.601097349203127,0.475779064201572,1.0,2.3855,0.536,1.0,0.966,0.0056,0.9
9.536380633131418e-5,0.6192594342793741,0.47617296682582116,1.0,2.3855,0.536,1.0,0.966,0.0056,0.9
5.4837750794703484e-5,0.601939475932928,0.47580838828705185,1.0,2.3855,0.536,1.0,0.966,0.0056,0.9
7.598674330353691e-5,0.6139478013442152,0.4760939314957291,1.0,2.3855,0.536,1.0,0.966,0.0056,0.9
1.0271776414538265e-5,0.6058037178880983,0.47588133508530545,1.0,2.3855,0.536,1.0,0.966,0.0056,0.9
9.561884328687305e-5,0.6145900625062376,0.4761119067054145,1.0,2.3855,0.536,1.0,0.966,0.0056,0.9
3.762772497578043e-5,0.6092440602644777,0.47592828186565,1.0,2.3855,0.536,1.0,0.966,0.0056,0.9
7.978445484083244e-5,0.6018006206363669,0.4757655751729746,1.0,2.3855,0.536,1.0,0.966,0.0056,0.9
1.1454818512196107e-5,0.6077740364873875,0.4759097704476945,1.0,2.3855,0.536,1.0,0.966,0.0056,0.9
8.569638915615613e-5,0.6153679976014275,0.4761234231988851,1.0,2.3855,0.536,1.0,0.966,0.0056,0.9
3.3782965076815666e-5,0.6130287103136035,0.4760604071196839,1.0,2.3855,0.536,1.0,0.966,0.0056,0.9
4.784179526054519e-5,0.6019041447258302,0.4757982105213204,1.0,2.3855,0.536,1.0,0.966,0.0056,0.9
9.112306968205378e-5,0.5990635934838501,0.47573506187593034,1.0,2.3855,0.536,1.0,0.966,0.0056,0.9
5.393656408945376e-5,0.6067017957404703,0.4758682033823036,1.0,2.3855,0.536,1.0,0.966,0.0056,0.9
5.8963004332631995e-5,0.601135134884324,0.47578282575354075,1.0,2.3855,0.536,1.0,0.966,0.0056,0.9
5.732338838281685e-5,0.6011562909433439,0.47577943119254745,1.0,2.3855,0.536,1.0,0.966,0.0056,0.9
8.300816254294577e-5,0.6002093428834709,0.4757726049890355,1.0,2.3855,0.536,1.0,0.966,0.0056,0.9
5.436335552415391e-5,0.6165549669368443,0.4761079780450976,1.0,2.3855,0.536,1.0,0.966,0.0056,0.9
7.307287701946083e-5,0.6000965099561398,0.47575472573705346,1.0,2.3855,0.536,1.0,0.966,0.0056,0.9
6.450305896609904e-5,0.6175048036028709,0.47613645482187467,1.0,2.3855,0.536,1.0,0.966,0.0056,0.9
0.0002599764848045515,0.6069468750896683,0.47598034923703153,1.0,2.3855,0.536,1.0,0.966,0.0056,0.9
9.254230272193821e-5,0.599416756441332,0.4757251676569181,1.0,2.3855,0.536,1.0,0.966,0.0056,0.9
6.149323988723146e-5,0.6132020702387985,0.4760749234188114,1.0,2.3855,0.536,1.0,0.966,0.0056,0.9
2.644631455126442e-5,0.6040493036852993,0.4758497278089432,1.0,2.3855,0.536,1.0,0.966,0.0056,0.9
9.155786469385321e-5,0.6001717174314485,0.4757765438471146,1.0,2.3855,0.536,1.0,0.966,0.0056,0.9
9.538462276656433e-5,0.5990715929208766,0.47572032776232764,1.0,2.3855,0.536,1.0,0.966,0.0056,0.9
2.4988780667243393e-5,0.6077207875572133,0.4759452891882749,1.0,2.3855,0.536,1.0,0.966,0.0056,0.9
0.00012218026572703245,0.5996525362225662,0.4757135083251172,1.0,2.3855,0.536,1.0,0.966,0.0056,0.9
2.163693553390197e-5,0.6064784545875141,0.4759136159026174,1.0,2.3855,0.536,1.0,0.966,0.0056,0.9
3.7221078860547055e-5,0.6154068899947679,0.4760972756658508,1.0,2.3855,0.536,1.0,0.966,0.0056,0.9
8.454988799841718e-5,0.5995042396981568,0.47574706699367453,1.0,2.3855,0.536,1.0,0.966,0.0056,0.9
8.335092081208341e-5,0.6162595940642912,0.4761382173910315,1.0,2.3855,0.536,1.0,0.966,0.0056,0.9
0.00025069412314790977,0.6253869417878566,0.476304721003622,1.0,2.3855,0.536,1.0,0.966,0.0056,0.9
0.005556653284231547,0.521934650447211,0.4739236917366376,1.0,2.3855,0.536,1.0,0.966,0.0056,0.9
1.6564275676209642e-6,0.6078811399855966,0.4759282232432487,1.0,2.3855,0.536,1.0,0.966,0.0056,0.9
3.5487406218213805e-5,0.6148797183044691,0.4760910817406012,1.0,2.3855,0.536,1.0,0.966,0.0056,0.9
4.962773453989615e-5,0.6162674390989052,0.4761027127637036,1.0,2.3855,0.536,1.0,0.966,0.0056,0.9
3.938462435797274e-5,0.6144765200394618,0.47608834736714817,1.0,2.3855,0.536,1.0,0.966,0.0056,0.9
3.576935189897513e-6,0.6073365093393558,0.4759112081888482,1.0,2.3855,0.536,1.0,0.966,0.0056,0.9
3.580883796718358e-5,0.6153699256348645,0.4760881875531879,1.0,2.3855,0.536,1.0,0.966,0.0056,0.9
2.221449884721141e-6,0.6105239302711405,0.47598128572697684,1.0,2.3855,0.536,1.0,0.966,0.0056,0.9
6.23818514162233e-5,0.6008023186248428,0.475767956061822,1.0,2.3855,0.536,1.0,0.966,0.0056,0.9
2.9187381530071554e-5,0.6145753872872212,0.47608070347645914,1.0,2.3855,0.536,1.0,0.966,0.0056,0.9
3.133081810549128e-5,0.6149453695794037,0.4760854929643583,1.0,2.3855,0.536,1.0,0.966,0.0056,0.9
6.445739716069836e-6,0.6097142623710371,0.4759784415180258,1.0,2.3855,0.536,1.0,0.966,0.0056,0.9
9.815903902830726e-5,0.6192635272058615,0.4761680421237511,1.0,2.3855,0.536,1.0,0.966,0.0056,0.9
5.321708956769384e-5,0.6015320227733126,0.4757911006244802,1.0,2.3855,0.536,1.0,0.966,0.0056,0.9
1.6025736401006707e-6,0.6078735271331784,0.47592524170284645,1.0,2.3855,0.536,1.0,0.966,0.0056,0.9
0.0007260984799437,0.5797572596226716,0.47529468618712284,1.0,2.3855,0.536,1.0,0.966,0.0056,0.9
9.412225694160602e-5,0.6113461183363698,0.4759593310749896,1.0,2.3855,0.536,1.0,0.966,0.0056,0.9
5.33499991534528e-7,0.6086505213499731,0.4759410676317689,1.0,2.3855,0.536,1.0,0.966,0.0056,0.9
7.262769450510368e-5,0.6009730527624038,0.475756579582959,1.0,2.3855,0.536,1.0,0.966,0.0056,0.9
6.941945954113496e-6,0.6085871005658284,0.4759302113508159,1.0,2.3855,0.536,1.0,0.966,0.0056,0.9
0.0002818157122880269,0.5911211972737953,0.47555285875673203,1.0,2.3855,0.536,1.0,0.966,0.0056,0.9
8.196524371567742e-5,0.618530374548699,0.47615705787096235,1.0,2.3855,0.536,1.0,0.966,0.0056,0.9
8.899111495261469e-5,0.601398935796529,0.4757550530217793,1.0,2.3855,0.536,1.0,0.966,0.0056,0.9
4.315757604087141e-5,0.6106805520675228,0.47601778709144194,1.0,2.3855,0.536,1.0,0.966,0.0056,0.9
6.178581801951598e-5,0.617304792025574,0.47613643835156333,1.0,2.3855,0.536,1.0,0.966,0.0056,0.9
6.334303196812089e-5,0.6008062965059187,0.4757646890726441,1.0,2.3855,0.536,1.0,0.966,0.0056,0.9
1.637454372088746e-5,0.6122852635794318,0.47603609845842376,1.0,2.3855,0.536,1.0,0.966,0.0056,0.9
0.00010055956036319337,0.6195111569615956,0.47617750536139464,1.0,2.3855,0.536,1.0,0.966,0.0056,0.9
6.219259586147723e-5,0.6008212788218603,0.4757722634434872,1.0,2.3855,0.536,1.0,0.966,0.0056,0.9
8.16043232875047e-5,0.6004640061872514,0.4757799293202165,1.0,2.3855,0.536,1.0,0.966,0.0056,0.9
5.3675412055027486e-5,0.6015864805969081,0.4757944071819383,1.0,2.3855,0.536,1.0,0.966,0.0056,0.9
0.0002967524471141421,0.5906600809029526,0.47554654366747695,1.0,2.3855,0.536,1.0,0.966,0.0056,0.9
8.035860647554192e-6,0.6117129289669155,0.4760041537795511,1.0,2.3855,0.536,1.0,0.966,0.0056,0.9
0.00022797501469705396,0.624679259771984,0.4762934351791608,1.0,2.3855,0.536,1.0,0.966,0.0056,0.9
2.6869156904984617e-5,0.6101447798846701,0.47599997950394296,1.0,2.3855,0.536,1.0,0.966,0.0056,0.9
1.0933896133643364e-5,0.6122476534235857,0.4760296467359923,1.0,2.3855,0.536,1.0,0.966,0.0056,0.9
3.22679490808754e-5,0.613256482687219,0.47606369892709277,1.0,2.3855,0.536,1.0,0.966,0.0056,0.9
4.8439139418408914e-5,0.6018077849077251,0.47579349852891667,1.0,2.3855,0.536,1.0,0.966,0.0056,0.9
3.0116419982995078e-5,0.6082181903924532,0.47595906418875544,1.0,2.3855,0.536,1.0,0.966,0.0056,0.9
2.858044954972673e-5,0.6035248409539582,0.4758298891165422,1.0,2.3855,0.536,1.0,0.966,0.0056,0.9
4.626126562648129e-6,0.6071030000276433,0.47590538356483264,1.0,2.3855,0.536,1.0,0.966,0.0056,0.9
8.830415725479617e-5,0.5994443861636327,0.47572932981050964,1.0,2.3855,0.536,1.0,0.966,0.0056,0.9
7.42466545441825e-5,0.6005509390472894,0.4757775812980014,1.0,2.3855,0.536,1.0,0.966,0.0056,0.9
4.6042996354666277e-5,0.6161757973290661,0.4761048556892375,1.0,2.3855,0.536,1.0,0.966,0.0056,0.9
9.41972129088297e-5,0.598847618190638,0.47572570637876166,1.0,2.3855,0.536,1.0,0.966,0.0056,0.9
7.112490854869432e-5,0.6081047827486252,0.47589274982729307,1.0,2.3855,0.536,1.0,0.966,0.0056,0.9
4.955733866740185e-5,0.6026765279955012,0.4757951861118837,1.0,2.3855,0.536,1.0,0.966,0.0056,0.9
0.004057799598585967,0.5357779767536889,0.4742595467495372,1.0,2.3855,0.536,1.0,0.966,0.0056,0.9
9.909106954671004e-5,0.6105142933130829,0.47603013426505836,1.0,2.3855,0.536,1.0,0.966,0.0056,0.9
0.003956332644837145,0.5367856838243851,0.47428373984630867,1.0,2.3855,0.536,1.0,0.966,0.0056,0.9
8.585376793157829e-5,0.5993530717357904,0.4757408139497097,1.0,2.3855,0.536,1.0,0.966,0.0056,0.9
0.002229772103682629,0.5560637560339209,0.474745916478009,1.0,2.3855,0.536,1.0,0.966,0.0056,0.9
0.002805775392994219,0.5490972003648648,0.47457482233258413,1.0,2.3855,0.536,1.0,0.966,0.0056,0.9
0.0013947396556829418,0.5677738030821816,0.4750183599089418,1.0,2.3855,0.536,1.0,0.966,0.0056,0.9
0.00010294725894054254,0.6196681719393651,0.4761859654718348,1.0,2.3855,0.536,1.0,0.966,0.0056,0.9
6.478089095683293e-5,0.6172992792509292,0.4761417892706783,1.0,2.3855,0.536,1.0,0.966,0.0056,0.9
8.204212574351785e-5,0.6148857410371557,0.47604762647605264,1.0,2.3855,0.536,1.0,0.966,0.0056,0.9
3.9266537579285814e-5,0.6147272872607367,0.4760920966109938,1.0,2.3855,0.536,1.0,0.966,0.0056,0.9
6.33117688236852e-5,0.6068145160061175,0.4758675685487197,1.0,2.3855,0.536,1.0,0.966,0.0056,0.9
9.985819512430688e-5,0.6189934353849487,0.4761559371660952,1.0,2.3855,0.536,1.0,0.966,0.0056,0.9
0.005773837257457867,0.5200424898087483,0.4738684557665166,1.0,2.3855,0.536,1.0,0.966,0.0056,0.9
4.709903551845264e-5,0.6126644466000322,0.47605934230045455,1.0,2.3855,0.536,1.0,0.966,0.0056,0.9
4.8370712980416344e-5,0.6095066262769828,0.4759303313847776,1.0,2.3855,0.536,1.0,0.966,0.0056,0.9
9.28656461855858e-5,0.6191380990043512,0.47617562273857106,1.0,2.3855,0.536,1.0,0.966,0.0056,0.9
8.350953066205541e-5,0.6009700798112121,0.475796306424962,1.0,2.3855,0.536,1.0,0.966,0.0056,0.9
5.6541010941703936e-5,0.6012004449853937,0.4757787538562993,1.0,2.3855,0.536,1.0,0.966,0.0056,0.9
1.0875152366445128e-5,0.6095150614519804,0.47594741839712845,1.0,2.3855,0.536,1.0,0.966,0.0056,0.9
3.6213192636757295e-5,0.6154272659173693,0.4760906067397306,1.0,2.3855,0.536,1.0,0.966,0.0056,0.9
1.1500028287804794e-5,0.6063418006421579,0.47590212597393944,1.0,2.3855,0.536,1.0,0.966,0.0056,0.9
1.3919606519794382e-5,0.6130729865842303,0.47604112335231036,1.0,2.3855,0.536,1.0,0.966,0.0056,0.9
0.0031448352145185426,0.5452747857352408,0.47448580334429025,1.0,2.3855,0.536,1.0,0.966,0.0056,0.9
9.192845690273024e-5,0.6190367864659515,0.47616615301511234,1.0,2.3855,0.536,1.0,0.966,0.0056,0.9
0.001135938492794502,0.5720118419514684,0.47511744323722804,1.0,2.3855,0.536,1.0,0.966,0.0056,0.9
0.0018737418757753571,0.5607675042145973,0.474855645081496,1.0,2.3855,0.536,1.0,0.966,0.0056,0.9
4.383106051589997e-5,0.6023989974740179,0.4758130997373198,1.0,2.3855,0.536,1.0,0.966,0.0056,0.9
5.313982228836042e-5,0.608631272243514,0.4759767770371297,1.0,2.3855,0.536,1.0,0.966,0.0056,0.9
4.3191645992056445e-5,0.6112542041268786,0.47602969369985104,1.0,2.3855,0.536,1.0,0.966,0.0056,0.9
0.0012890472011146072,0.5694578312962687,0.4750573697909277,1.0,2.3855,0.536,1.0,0.966,0.0056,0.9
0.0025242835056078603,0.552418937314227,0.47465384166512764,1.0,2.3855,0.536,1.0,0.966,0.0056,0.9
9.567674912019143e-5,0.5987667889470636,0.47572505932487436,1.0,2.3855,0.536,1.0,0.966,0.0056,0.9
8.178288554178209e-5,0.5999524391458693,0.4757626838630346,1.0,2.3855,0.536,1.0,0.966,0.0056,0.9
9.991773526434462e-5,0.5986372726386271,0.4757148525255738,1.0,2.3855,0.536,1.0,0.966,0.0056,0.9
5.875181048648524e-5,0.616956284814713,0.4761331271780824,1.0,2.3855,0.536,1.0,0.966,0.0056,0.9
8.835848153576128e-5,0.5992143962598937,0.4757380688389823,1.0,2.3855,0.536,1.0,0.966,0.0056,0.9
0.003066670340073146,0.5461383091656186,0.4745069707052598,1.0,2.3855,0.536,1.0,0.966,0.0056,0.9
3.0697013932677875e-5,0.6034221691895836,0.4758327360686562,1.0,2.3855,0.536,1.0,0.966,0.0056,0.9
2.9738091758037724e-5,0.6037932030541553,0.47584520770227234,1.0,2.3855,0.536,1.0,0.966,0.0056,0.9
5.505821852630642e-5,0.6074927842180945,0.4759516190781301,1.0,2.3855,0.536,1.0,0.966,0.0056,0.9
1.1032936621319944e-6,0.6081281617623199,0.4759305089126653,1.0,2.3855,0.536,1.0,0.966,0.0056,0.9
4.70698171462804e-5,0.6128047016505674,0.4760077855869218,1.0,2.3855,0.536,1.0,0.966,0.0056,0.9
2.4151413572421206e-5,0.6047716896761999,0.475869898837902,1.0,2.3855,0.536,1.0,0.966,0.0056,0.9
6.423646382727024e-5,0.6010314609099268,0.4757855873049998,1.0,2.3855,0.536,1.0,0.966,0.0056,0.9
9.949920738101422e-5,0.6058859316629768,0.4759266281513777,1.0,2.3855,0.536,1.0,0.966,0.0056,0.9
9.49627135313685e-5,0.6111122087626047,0.4760418191860401,1.0,2.3855,0.536,1.0,0.966,0.0056,0.9
4.554957720541041e-5,0.6044622491654953,0.475827319085525,1.0,2.3855,0.536,1.0,0.966,0.0056,0.9
3.756207711480243e-5,0.6031860353259635,0.47583360391749285,1.0,2.3855,0.536,1.0,0.966,0.0056,0.9
8.345503651352082e-5,0.5994752335982656,0.475737876152801,1.0,2.3855,0.536,1.0,0.966,0.0056,0.9
8.815966033870065e-5,0.6188977813399626,0.47616881253064636,1.0,2.3855,0.536,1.0,0.966,0.0056,0.9
6.570412150770226e-5,0.6008995634793509,0.47578220153797823,1.0,2.3855,0.536,1.0,0.966,0.0056,0.9
3.559346944352012e-5,0.6032654410808467,0.47581462157167725,1.0,2.3855,0.536,1.0,0.966,0.0056,0.9
6.358134024405271e-5,0.6007133227532844,0.4757671062952568,1.0,2.3855,0.536,1.0,0.966,0.0056,0.9
0.0007501595966770387,0.636795892045967,0.4765545988192315,1.0,2.3855,0.536,1.0,0.966,0.0056,0.9
0.0007469875354460212,0.5794456974175319,0.475275663178394,1.0,2.3855,0.536,1.0,0.966,0.0056,0.9
0.00019296785621407208,0.6234649225227245,0.4762672661635122,1.0,2.3855,0.536,1.0,0.966,0.0056,0.9
1.931630747950754e-5,0.6120993582734788,0.47600383447127365,1.0,2.3855,0.536,1.0,0.966,0.0056,0.9
2.6201006409807908e-5,0.6137453685290137,0.4760676538970162,1.0,2.3855,0.536,1.0,0.966,0.0056,0.9
4.4159923664475155e-5,0.6021413733142438,0.47580054190471294,1.0,2.3855,0.536,1.0,0.966,0.0056,0.9
1.614026778289752e-5,0.6076749164006929,0.47593941010835245,1.0,2.3855,0.536,1.0,0.966,0.0056,0.9
4.270746975191538e-5,0.6127033153345022,0.4760583531010455,1.0,2.3855,0.536,1.0,0.966,0.0056,0.9
6.409790718173297e-5,0.6080956579478332,0.47596810752492136,1.0,2.3855,0.536,1.0,0.966,0.0056,0.9
9.693590827187304e-5,0.5989753474031309,0.4757395327378176,1.0,2.3855,0.536,1.0,0.966,0.0056,0.9
5.6123251644020405e-5,0.6107038317062323,0.4759549268177634,1.0,2.3855,0.536,1.0,0.966,0.0056,0.9
5.831732793223553e-5,0.6022278182122344,0.4758197058986553,1.0,2.3855,0.536,1.0,0.966,0.0056,0.9
3.740924742360086e-5,0.6153906661438449,0.4760976051404612,1.0,2.3855,0.536,1.0,0.966,0.0056,0.9
8.021279401762725e-5,0.6000886105968557,0.4757662695113247,1.0,2.3855,0.536,1.0,0.966,0.0056,0.9
1.3917782995936376e-5,0.6128785138373769,0.47603115188867645,1.0,2.3855,0.536,1.0,0.966,0.0056,0.9
8.367423097514713e-5,0.5995783830105268,0.47573542049204215,1.0,2.3855,0.536,1.0,0.966,0.0056,0.9
9.92221755642049e-5,0.5987017212955947,0.4757155135051283,1.0,2.3855,0.536,1.0,0.966,0.0056,0.9
4.408975096301028e-5,0.6021521786286675,0.4758012950423749,1.0,2.3855,0.536,1.0,0.966,0.0056,0.9
4.476493597432482e-5,0.60594477535918,0.475911461224206,1.0,2.3855,0.536,1.0,0.966,0.0056,0.9
9.583485629789131e-5,0.5992143894733118,0.475747735263816,1.0,2.3855,0.536,1.0,0.966,0.0056,0.9
9.472885328612315e-5,0.5988177382898695,0.47572535465068777,1.0,2.3855,0.536,1.0,0.966,0.0056,0.9
1.2543938072931615e-5,0.6114743258054025,0.4760184675139484,1.0,2.3855,0.536,1.0,0.966,0.0056,0.9
1.2892610981558735e-6,0.6090501022686416,0.4759575429595788,1.0,2.3855,0.536,1.0,0.966,0.0056,0.9
7.110095388345242e-5,0.6053556318184845,0.4758352792057344,1.0,2.3855,0.536,1.0,0.966,0.0056,0.9
8.862505774007582e-5,0.599176753924195,0.47573583628115923,1.0,2.3855,0.536,1.0,0.966,0.0056,0.9
9.408878527224642e-5,0.6192156805125238,0.4761746654120111,1.0,2.3855,0.536,1.0,0.966,0.0056,0.9
8.194379615204624e-5,0.6099538778871945,0.47601392060220826,1.0,2.3855,0.536,1.0,0.966,0.0056,0.9
1.9646720752518223e-5,0.6044990698125042,0.47585117016727374,1.0,2.3855,0.536,1.0,0.966,0.0056,0.9
6.502942237840507e-5,0.6092696436892687,0.47599447228725644,1.0,2.3855,0.536,1.0,0.966,0.0056,0.9
8.506430256425983e-6,0.6062013429618746,0.47588607583889253,1.0,2.3855,0.536,1.0,0.966,0.0056,0.9
3.602483575216111e-5,0.615138824063471,0.4760778309616354,1.0,2.3855,0.536,1.0,0.966,0.0056,0.9
0.0009692376256645382,0.5750024775642172,0.4751917255680187,1.0,2.3855,0.536,1.0,0.966,0.0056,0.9
3.763338484986195e-5,0.6083818986223736,0.4759658040981138,1.0,2.3855,0.536,1.0,0.966,0.0056,0.9
6.676820550031792e-5,0.6133566672546931,0.4760144173767044,1.0,2.3855,0.536,1.0,0.966,0.0056,0.9
1.984688498052739e-6,0.6106475012558807,0.47598815010003315,1.0,2.3855,0.536,1.0,0.966,0.0056,0.9
8.867976011788513e-6,0.6061686671223139,0.4758847990441737,1.0,2.3855,0.536,1.0,0.966,0.0056,0.9
4.3452763078075174e-6,0.6075363043878743,0.47592533435444556,1.0,2.3855,0.536,1.0,0.966,0.0056,0.9
1.051925235106268e-5,0.6075380629286458,0.4759057869486239,1.0,2.3855,0.536,1.0,0.966,0.0056,0.9
4.477587019139744e-5,0.613021134525336,0.47606527102885,1.0,2.3855,0.536,1.0,0.966,0.0056,0.9
7.657611382311834e-5,0.600231892261254,0.4757457257223829,1.0,2.3855,0.536,1.0,0.966,0.0056,0.9
3.830915933950772e-5,0.6141402822910852,0.47604609845031165,1.0,2.3855,0.536,1.0,0.966,0.0056,0.9
8.930069338225107e-6,0.6123011452217847,0.47602350036537716,1.0,2.3855,0.536,1.0,0.966,0.0056,0.9
9.991981241634952e-5,0.6144318291614759,0.4761100439637644,1.0,2.3855,0.536,1.0,0.966,0.0056,0.9
0.00014165996087922447,0.6214549497577061,0.4762238705038656,1.0,2.3855,0.536,1.0,0.966,0.0056,0.9
7.048105882238398e-5,0.6020680740917873,0.47577412839350564,1.0,2.3855,0.536,1.0,0.966,0.0056,0.9
1.71216805009438e-5,0.6118169703487767,0.4760282838746262,1.0,2.3855,0.536,1.0,0.966,0.0056,0.9
0.0006450661285539356,0.5815107586745333,0.4753344790062646,1.0,2.3855,0.536,1.0,0.966,0.0056,0.9
7.249718835955127e-5,0.6002859127766996,0.47576549648062977,1.0,2.3855,0.536,1.0,0.966,0.0056,0.9
0.0007047589900813438,0.5802127387153116,0.47530347510614696,1.0,2.3855,0.536,1.0,0.966,0.0056,0.9
5.052387568218003e-6,0.607522586734039,0.4759260679193532,1.0,2.3855,0.536,1.0,0.966,0.0056,0.9
3.6270602034939245e-5,0.6144745899954575,0.4760567481002649,1.0,2.3855,0.536,1.0,0.966,0.0056,0.9
0.0002984925081366016,0.5906190208491544,0.4755362851762847,1.0,2.3855,0.536,1.0,0.966,0.0056,0.9
8.394863567980536e-5,0.599452426829119,0.4757422627850641,1.0,2.3855,0.536,1.0,0.966,0.0056,0.9
6.86864169745806e-5,0.6167468688778796,0.47613913720990286,1.0,2.3855,0.536,1.0,0.966,0.0056,0.9
0.0006224032627990871,0.5820189383589307,0.4753466826987975,1.0,2.3855,0.536,1.0,0.966,0.0056,0.9
7.333445671476224e-5,0.600230203910303,0.4757642074228233,1.0,2.3855,0.536,1.0,0.966,0.0056,0.9
0.0002525939907618097,0.6249000490301763,0.4763173563450388,1.0,2.3855,0.536,1.0,0.966,0.0056,0.9
9.229212563155285e-5,0.618910478577965,0.4761773495268002,1.0,2.3855,0.536,1.0,0.966,0.0056,0.9
8.710858043092162e-5,0.5993413614585013,0.475731139941427,1.0,2.3855,0.536,1.0,0.966,0.0056,0.9
0.0013189764817351493,0.5689748848007081,0.47504618911225854,1.0,2.3855,0.536,1.0,0.966,0.0056,0.9
7.758289181517605e-5,0.6008102200567991,0.4757513307809862,1.0,2.3855,0.536,1.0,0.966,0.0056,0.9
4.1720965495669905e-5,0.6122101644634301,0.4760483608434843,1.0,2.3855,0.536,1.0,0.966,0.0056,0.9
2.530086209046707e-6,0.6075089922677409,0.4759187503612661,1.0,2.3855,0.536,1.0,0.966,0.0056,0.9
2.2337910716132583e-5,0.6055945627859549,0.4758913163898162,1.0,2.3855,0.536,1.0,0.966,0.0056,0.9
1.082245382767722e-6,0.6082657128576783,0.47593767291460554,1.0,2.3855,0.536,1.0,0.966,0.0056,0.9
4.633616842068445e-5,0.6022790405291691,0.47581178657723866,1.0,2.3855,0.536,1.0,0.966,0.0056,0.9
2.2127970590451628e-5,0.6122600339829984,0.4760397713162634,1.0,2.3855,0.536,1.0,0.966,0.0056,0.9
2.666450218821981e-5,0.6109912413547718,0.47601746922932586,1.0,2.3855,0.536,1.0,0.966,0.0056,0.9
1.6460021672389433e-5,0.6050615426409763,0.47585901636538486,1.0,2.3855,0.536,1.0,0.966,0.0056,0.9
7.137384079853711e-6,0.6110248361484825,0.47600503782526254,1.0,2.3855,0.536,1.0,0.966,0.0056,0.9
9.733629508587165e-5,0.5993617704458729,0.4757210852966653,1.0,2.3855,0.536,1.0,0.966,0.0056,0.9
5.923663122450828e-5,0.6036533250469902,0.4758065850060471,1.0,2.3855,0.536,1.0,0.966,0.0056,0.9
4.868320678050298e-5,0.6021578523919039,0.47578953092064585,1.0,2.3855,0.536,1.0,0.966,0.0056,0.9
5.442689387928553e-5,0.601363179114254,0.4757803207761761,1.0,2.3855,0.536,1.0,0.966,0.0056,0.9
3.235469181773675e-5,0.6102457213076026,0.47600448364830916,1.0,2.3855,0.536,1.0,0.966,0.0056,0.9
9.525509402012691e-5,0.5989050375131458,0.4757342035721246,1.0,2.3855,0.536,1.0,0.966,0.0056,0.9
1.4258200412791737e-5,0.6069345984538574,0.4759201224288334,1.0,2.3855,0.536,1.0,0.966,0.0056,0.9
1.5499630353026878e-5,0.605025799839577,0.4758628312847445,1.0,2.3855,0.536,1.0,0.966,0.0056,0.9
3.279918757186465e-5,0.6076202633708494,0.47594646318316003,1.0,2.3855,0.536,1.0,0.966,0.0056,0.9
0.0003517113566471798,0.5889473228227272,0.47550382605100394,1.0,2.3855,0.536,1.0,0.966,0.0056,0.9
7.342541350684276e-5,0.6158419620084481,0.47612734525784345,1.0,2.3855,0.536,1.0,0.966,0.0056,0.9
7.03941797125859e-5,0.6156476373296731,0.476071533997198,1.0,2.3855,0.536,1.0,0.966,0.0056,0.9
3.255696696824262e-5,0.6031956339869026,0.4758192630705531,1.0,2.3855,0.536,1.0,0.966,0.0056,0.9
0.0010874459091678088,0.5747412739391391,0.47512873988831317,1.0,2.3855,0.536,1.0,0.966,0.0056,0.9
3.118238947355503e-5,0.6033141371723719,0.4758223197318845,1.0,2.3855,0.536,1.0,0.966,0.0056,0.9
9.761761965766882e-5,0.5986792317423778,0.47571942200127104,1.0,2.3855,0.536,1.0,0.966,0.0056,0.9
0.00026884597987522076,0.5915590356027208,0.4755649371996068,1.0,2.3855,0.536,1.0,0.966,0.0056,0.9
4.860150955025617e-6,0.607022845741456,0.475911371380042,1.0,2.3855,0.536,1.0,0.966,0.0056,0.9
4.432422162678237e-6,0.6107111175103317,0.4759958728078222,1.0,2.3855,0.536,1.0,0.966,0.0056,0.9
9.423940661694695e-6,0.6113709619560019,0.47601373001120495,1.0,2.3855,0.536,1.0,0.966,0.0056,0.9
4.59610740288845e-5,0.6029597287094792,0.47583346234687607,1.0,2.3855,0.536,1.0,0.966,0.0056,0.9
5.4420615922291025e-5,0.6020635017168513,0.4758120562630109,1.0,2.3855,0.536,1.0,0.966,0.0056,0.9
0.00010516564123942468,0.6197817735661695,0.47618731207884385,1.0,2.3855,0.536,1.0,0.966,0.0056,0.9
8.664440689880121e-5,0.5993424674472312,0.47574217363427707,1.0,2.3855,0.536,1.0,0.966,0.0056,0.9
9.108028292163033e-5,0.5993274303516404,0.47572589121411557,1.0,2.3855,0.536,1.0,0.966,0.0056,0.9
4.039582208542658e-5,0.6031879858125071,0.4758091524619351,1.0,2.3855,0.536,1.0,0.966,0.0056,0.9
2.90675453768891e-6,0.6076095401983705,0.4759243688872645,1.0,2.3855,0.536,1.0,0.966,0.0056,0.9
6.162699896546671e-5,0.6074403876621254,0.4759524635495385,1.0,2.3855,0.536,1.0,0.966,0.0056,0.9
5.837162108083805e-6,0.6066835367410708,0.4759022744136903,1.0,2.3855,0.536,1.0,0.966,0.0056,0.9
9.846399972236111e-5,0.6192980643417301,0.47616926118743025,1.0,2.3855,0.536,1.0,0.966,0.0056,0.9
1.8480272412820575e-5,0.613303231399115,0.4760535744422505,1.0,2.3855,0.536,1.0,0.966,0.0056,0.9
1.59979278594715e-5,0.6055408261011526,0.4758842551043883,1.0,2.3855,0.536,1.0,0.966,0.0056,0.9
8.689424887578573e-5,0.5992744566750428,0.47573784066039865,1.0,2.3855,0.536,1.0,0.966,0.0056,0.9
0.0004524489639686487,0.5861487665335284,0.47543918543546415,1.0,2.3855,0.536,1.0,0.966,0.0056,0.9
6.335152761650352e-5,0.6010204672756391,0.47578421885600264,1.0,2.3855,0.536,1.0,0.966,0.0056,0.9
8.938568553827153e-5,0.5991223796619572,0.47573094961494367,1.0,2.3855,0.536,1.0,0.966,0.0056,0.9
3.682354426673284e-5,0.6070452550235965,0.4758815517552146,1.0,2.3855,0.536,1.0,0.966,0.0056,0.9
1.2435773343241831e-5,0.605505197493671,0.47587659836921337,1.0,2.3855,0.536,1.0,0.966,0.0056,0.9
9.291448397362539e-5,0.5990507049885985,0.47572338393643643,1.0,2.3855,0.536,1.0,0.966,0.0056,0.9
2.771342556207724e-5,0.6140302941767812,0.47607301993786066,1.0,2.3855,0.536,1.0,0.966,0.0056,0.9
6.773873087388922e-5,0.60091040453349,0.47578456522270685,1.0,2.3855,0.536,1.0,0.966,0.0056,0.9
7.886086781426966e-5,0.5997384398363886,0.47574663329269706,1.0,2.3855,0.536,1.0,0.966,0.0056,0.9
8.548628240598948e-5,0.5996485634017391,0.4757546668331347,1.0,2.3855,0.536,1.0,0.966,0.0056,0.9
4.543286851807441e-5,0.602373206128277,0.47581415185429843,1.0,2.3855,0.536,1.0,0.966,0.0056,0.9
6.691658164163872e-5,0.6006661050895584,0.4757742750912076,1.0,2.3855,0.536,1.0,0.966,0.0056,0.9
8.392422008571469e-5,0.6010817396892516,0.47579974031519,1.0,2.3855,0.536,1.0,0.966,0.0056,0.9
9.024591201717459e-5,0.599233159074359,0.47574267540423654,1.0,2.3855,0.536,1.0,0.966,0.0056,0.9
1.67778699180977e-5,0.6050467089492709,0.4758694950633414,1.0,2.3855,0.536,1.0,0.966,0.0056,0.9
7.19033260859372e-5,0.6001686886439184,0.4757553689349582,1.0,2.3855,0.536,1.0,0.966,0.0056,0.9
1.996383365536611e-5,0.6044604368559201,0.47585134246753347,1.0,2.3855,0.536,1.0,0.966,0.0056,0.9
5.956499042415908e-5,0.6170846533681879,0.4761229140267811,1.0,2.3855,0.536,1.0,0.966,0.0056,0.9
0.002316200020913746,0.5549721005025543,0.47472008066841814,1.0,2.3855,0.536,1.0,0.966,0.0056,0.9
3.4903353080435116e-5,0.6067448141366032,0.47592673247956396,1.0,2.3855,0.536,1.0,0.966,0.0056,0.9
7.25060705474799e-5,0.6001306604075318,0.4757544153127093,1.0,2.3855,0.536,1.0,0.966,0.0056,0.9
1.8915191154285354e-5,0.6047226092310302,0.475861604734986,1.0,2.3855,0.536,1.0,0.966,0.0056,0.9
5.121055559881421e-5,0.6015917534944294,0.47578798261916355,1.0,2.3855,0.536,1.0,0.966,0.0056,0.9
4.237700696574828e-5,0.6022842393927595,0.4758017999903659,1.0,2.3855,0.536,1.0,0.966,0.0056,0.9
5.6965652020455125e-5,0.6077466266678409,0.47595803497412725,1.0,2.3855,0.536,1.0,0.966,0.0056,0.9
8.816423842896577e-5,0.5991912825362513,0.4757348329248583,1.0,2.3855,0.536,1.0,0.966,0.0056,0.9
6.712222403712074e-5,0.6004857192306141,0.4757608794307632,1.0,2.3855,0.536,1.0,0.966,0.0056,0.9
9.663910707798504e-5,0.5987991548571721,0.4757190657029952,1.0,2.3855,0.536,1.0,0.966,0.0056,0.9
2.229575822844948e-5,0.6047830346844543,0.4758684384713198,1.0,2.3855,0.536,1.0,0.966,0.0056,0.9
3.850827982812988e-5,0.6028341230608304,0.4758223628498507,1.0,2.3855,0.536,1.0,0.966,0.0056,0.9
9.908143268760459e-5,0.598583775519012,0.4757216072752873,1.0,2.3855,0.536,1.0,0.966,0.0056,0.9
2.6272230010989264e-5,0.6075967263227094,0.4758975581982762,1.0,2.3855,0.536,1.0,0.966,0.0056,0.9
7.030081464704523e-5,0.60508398694049,0.47589941313188455,1.0,2.3855,0.536,1.0,0.966,0.0056,0.9
9.468490829166426e-5,0.598824390603033,0.47572425973637017,1.0,2.3855,0.536,1.0,0.966,0.0056,0.9
8.422748675689066e-5,0.600058234885774,0.4757684157671107,1.0,2.3855,0.536,1.0,0.966,0.0056,0.9
8.050021358635465e-5,0.5996382796468048,0.4757435833119559,1.0,2.3855,0.536,1.0,0.966,0.0056,0.9
7.109972511686219e-5,0.6004545661006756,0.4757708873765751,1.0,2.3855,0.536,1.0,0.966,0.0056,0.9
6.551426251531685e-5,0.6083097467252356,0.4758987653954372,1.0,2.3855,0.536,1.0,0.966,0.0056,0.9
8.706822832662037e-5,0.5998286102422186,0.47573326453502285,1.0,2.3855,0.536,1.0,0.966,0.0056,0.9
9.651289918323263e-5,0.5988293536825404,0.47571899864610484,1.0,2.3855,0.536,1.0,0.966,0.0056,0.9
3.641431267119956e-6,0.6107924279996497,0.4759958723290309,1.0,2.3855,0.536,1.0,0.966,0.0056,0.9
3.818195884793424e-5,0.6087520227262122,0.4759172590477809,1.0,2.3855,0.536,1.0,0.966,0.0056,0.9
