1.7513773872810325,0.05320849907872806,0.32574234337278263,0.6699423797236981,1.6971576141881346,0.3
0.6397155378401032,0.3718579555186421,0.6072393806452754,0.6450377623981743,2.013559779426667,0.3
1.5643283500767808,0.020680011267588002,0.524768311032646,0.649281087067049,1.9766598933536592,0.3
2.5734244446496644,0.389954946591493,-0.21266646792867516,0.7656136201074177,0.7102420434329395,0.3
2.1361343663656656,0.352602869594672,-0.09953576148196891,0.733690459074244,0.9873221600857343,0.3
0.9999188719310916,0.15354799512477627,0.6012333131137511,0.5965849960864944,2.8254313679005705,0.3
1.1604903758835519,0.16864989582892087,0.48302496277411944,0.6654483398143889,1.739018636019816,0.3
1.2930738799476083,0.29683183536850893,0.19783560306382686,0.5967530049841443,2.549144338327859,0.3
2.0610921630381394,0.16287436676526879,0.05265533699599623,0.7210507981794758,1.20211341281868,0.3
0.9752887299055962,0.17693996988699967,0.5140358466048475,0.5942017054068924,2.848919142150742,0.3
3.129754831875606,0.17509242507347708,-0.6304338834206306,0.5993727381039637,2.4294002073144734,0.3
1.0955748006364792,0.19812273551268575,0.40434323008086803,0.5603329473481369,3.6432512328381157,0.3
3.208304752193135,0.32470764202351104,-0.6736243103997125,0.40388259190549947,0.3330057133936207,0.3
3.0276294114705435,0.2776060211963113,-0.4067215481521548,0.42372058367470083,2.838082247639867,0.3
1.2188441811675526,0.2084842595910327,0.3816328025565583,0.5966542937790481,2.8123785782717863,0.3
3.2004716149022676,0.20519241200093502,-0.48231151516289666,0.37568200553106257,2.418065037142757,0.3
0.9226210360430458,0.22293213980927343,0.5965924218751227,0.7106919250093876,1.352841819869113,0.3
1.4996722900394959,0.27974705919257836,0.032301779404621866,0.561890346731886,3.4258522728193506,0.3
3.1974439084883834,0.3506216883531271,-0.5963270228868918,0.2934810817782726,2.313569527382362,0.3
1.7779884873503369,0.20340272474769913,0.08397643014950029,0.6384035523589763,1.8790936032723615,0.3
1.3814780614329472,0.12846233156238654,0.31469744071675076,0.6034291082583312,2.5788058313899254,0.3
2.425683006458576,0.23291213607905037,0.8962508489428331,0.6608015255401968,1.9106013870635645,0.3
1.480350952129581,0.029442233477163265,0.6487334309259382,0.7080902216719506,1.3901525304314086,0.3
3.1296602091337973,0.28867375492797576,-0.5277479146532048,0.3604083855822157,1.847493747396642,0.3
2.167110495130284,0.2598531213727714,-0.1452822812332686,0.6779983583336289,1.5399720456156536,0.3
2.8463130023974768,0.2107026357958281,-0.3009532483604641,0.5096799599327555,2.856640190983563,0.3
0.9555288645858063,0.2607608523311805,0.4091428452312237,0.6320207226715716,2.160949341843409,0.3
3.374308838256427,0.3060784862254803,-0.42594733999879336,0.6559775224010463,0.3922150499267796,0.3
2.986441889631754,0.17726834988088336,-0.888463246227478,0.15817202520699583,3.71142431353896,0.3
0.7659773458674777,0.23022055113993367,0.5535788355821917,0.549020942087078,3.9456772778490667,0.3
2.7944460800425004,0.2778258326873388,-0.30906913381129675,0.5176596019673879,2.7075127074439114,0.3
3.1239500917225747,0.30359283511855034,-0.46925400193392863,0.41210588918205426,1.788448697964281,0.3
3.561856096357426,0.15833637412431129,-0.4958744200856905,0.49193936809082445,0.6992475607762447,0.3
3.016489068279749,0.4507805557392483,-0.7941062338324799,0.5449759242504794,3.474742390350808,0.3
3.0877251377006916,0.21418369473700236,-0.5333249962841303,0.29933810360752966,3.9265698391690775,0.3
1.07089237876421,0.15910110457281013,0.5926241762328722,0.7001567255408627,1.441262321457319,0.3
2.711264077579269,0.2910278329072455,-0.6066602330409497,0.5612695976272469,3.1993530486982875,0.3
0.978472102855692,0.43908264284765475,0.3191807701815278,0.6213663253647957,2.2047080254940195,0.3
3.2400671906015077,0.17260684586713043,-0.5488013254193871,0.32109797887662583,2.5923607445938317,0.3
2.1282906220144495,0.2677330626230366,-0.16953575153280015,0.6492738558836202,1.8411067732197188,0.3
1.404384434506002,0.10236859256576145,0.43219648503478036,0.6787817323601977,1.6019787048118412,0.3
1.8481242897298331,0.29482242266219005,-0.006669969145891574,0.6884469890072884,1.383654731313194,0.3
1.7184218112320886,0.17251668040295687,0.2076534206005417,0.6677126032548855,1.736896505939674,0.3
3.0059304122816455,0.19141735572883395,-0.7944087011750428,0.18246972290271224,3.9330130899607307,0.3
3.1836052634771126,0.37496171152707497,-0.49105246608239095,0.46619530570930495,0.8579230139313424,0.3
0.9833940385257604,0.294033244233409,0.34245787778160064,0.6196277620475134,2.3218520484743963,0.3
1.5813071624413462,0.24819941796205816,0.12325370745377834,0.6400546257900599,1.8861096734983218,0.3
3.1224278636183844,0.2906220781494292,-0.5507748810629054,0.34071714244079865,1.908280809509416,0.3
1.9856281145258563,0.378747651328992,0.035568509049858255,0.851317509741546,0.5506717690130365,0.3
1.2002713502580844,0.12302353220789818,0.5753852962456156,0.7057420973934008,1.3875853338289987,0.3
2.0429360690185834,0.28743111270606736,-0.2039053594764483,0.6041146584195818,2.480625034827545,0.3
2.457257896256289,0.2648221191616713,-0.24503342512233767,0.5169894450334555,3.3843491641524612,0.3
1.7029582971189965,0.05348954145393255,0.435227340731853,0.6479298795404135,1.911781946424773,0.3
3.459199302392848,0.11789658130283105,-0.7261203798030451,0.5705098014714906,2.9525775774495133,0.3
3.4364853650836795,0.2176115449449778,-0.8112098503801424,0.6017771103749839,2.321587694426737,0.3
3.063771646222906,0.2421597335277378,-0.4048252749605348,0.40879882570706677,3.2686740354736714,0.3
2.7036901280800034,0.3193649159213102,-0.6032871012051029,0.5705623731564825,2.980260647345684,0.3
2.0573453496132723,0.2432820214890452,-0.09192925141499228,0.6610552626884469,1.7179279315380822,0.3
3.1345618050107604,0.3053101493233287,-0.6077694873131801,0.26905394338582195,3.090040082096748,0.3
3.169084737483094,0.24868753732356455,-0.42045966406419594,0.4624214981906244,1.768965112561915,0.3
1.8021163347599831,0.26877062604077934,-0.051645413393050565,0.6122381011269808,2.399483134464516,0.3
2.900746376070676,0.29837356592395453,-0.4494038416526519,0.7360130413031551,1.0367795057476263,0.3
1.1141203589384572,0.1349692061860308,0.5151621667359834,0.6139157698456077,2.468726427555933,0.3
3.1001406625026298,0.28231427244442786,-0.5657212177923131,0.3077371827393239,2.56113451187551,0.3
3.011585269879278,0.2726946367872893,-0.3671044343995642,0.48490502480775133,2.247102752158342,0.3
1.553785892620444,0.16249615191082084,0.4011283334086524,0.7922234983313073,0.8550036433466647,0.3
2.8632223124224607,0.08988937889590999,-0.2784110876909538,0.6557434664637688,1.7385839280299253,0.3
3.7186228242798243,0.19711852184153258,-0.40126712960867994,0.8334039773288433,0.18383043562175305,0.3
1.3109195849877535,0.3069623367139937,0.20492880957929893,0.6693310523716072,1.6301353880172844,0.3
2.21930458918319,0.37060421289424905,-0.1607296724581887,0.7490589603077429,1.0004360046842011,0.3
3.281787320787336,0.19510207565612261,-0.45693994923191095,0.4221240952787972,1.8675004524302374,0.3
0.7979130319037658,0.24494264539253507,0.4904324030749002,0.5726436843309305,3.2815840060972143,0.3
2.81347090410645,0.3044223584078616,-0.3434871874430367,0.44825319720211343,3.697663653356494,0.3
3.156596370892982,0.3915735335506685,-0.459217558535711,0.3787431591125187,2.6003099595710726,0.3
1.6582455753503622,0.17170111606506314,0.15177086729230604,0.6046136729138973,2.3997792314489037,0.3
2.0127436060729154,0.21932769071410674,-0.0861121576932451,0.6294494011694557,2.120273425493987,0.3
3.4817819186824357,0.4283948370358348,-0.565577669828385,0.2891765454507439,2.996690630440724,0.3
1.547778067294175,0.011759928189832581,0.6120891299361377,0.6647244947715893,1.8060623129989153,0.3
0.7298999199927412,0.29545377661853944,0.5991041302239735,0.6463406900227249,2.0034884002180835,0.3
1.024306154450409,0.14862916279321217,0.6086289353234728,0.6109316760520612,2.5562786861023445,0.3
2.076231155450162,0.258609051909642,-0.02896303079418744,0.7441637385991434,1.0057970826809794,0.3
0.6244887608818515,0.4934931465237581,0.5880448855727154,0.6443553201121034,2.0069668791174067,0.3
3.253637570519247,0.07728229705722578,-0.42151793117728575,0.6895402358317878,1.3837563937705661,0.3
1.1979455463734696,0.4939491682363354,0.2500955814867314,0.7473439999822653,1.0286611617270602,0.3
1.1911720000488462,0.10929263803521617,0.6197501297363961,0.6796781137100347,1.6403216826273956,0.3
0.9174101637153982,0.22760724501033489,0.49238103591992444,0.6333633017491269,2.1682232418529757,0.3
2.281782531755099,0.3606483395204802,-0.2098735069478291,0.574928048944238,2.5026485416360504,0.3
1.9653151890482923,0.39917348886459125,0.018729438351708427,0.8435077298196973,0.5725878855513953,0.3
1.62141161332424,0.22352960465458865,0.10760321643203591,0.6225948582091474,2.1132768046549377,0.3
1.8405235207611517,0.272458994995896,-0.12063256937644884,0.5699503012408479,3.1673755779261903,0.3
2.1038813298243673,0.14337214816491545,-0.13553820320632687,0.5531098892990016,3.649156664969443,0.3
0.9912510330639512,0.17149298078576664,0.48448325042066276,0.5848661432987435,3.0149528359154787,0.3
1.6469849994957595,0.3848336426184879,-0.052174609797171756,0.5950307542264368,2.642245751000789,0.3
0.656441718470113,0.3077708509275006,0.5549278070828417,0.5618396643931787,3.5691857686903785,0.3
1.3007027268040299,0.2101864224537661,0.28177555832239376,0.6465382212137292,1.9124089747985635,0.3
1.292486373790081,0.09913871070791755,0.5276964509860448,0.6508486156115174,1.9278255133309528,0.3
1.4252618177195946,0.12793333889563918,0.4172841107688213,0.7381891117712627,1.127066461018814,0.3
1.4737469923589848,0.1942864143920568,0.28855441184863384,0.6298647703404877,2.2341407261136363,0.3
1.9843841558715505,0.2730021278334288,-0.18062335156107423,0.5958428180351909,2.648316974083851,0.3
2.946156707565579,0.21365088470060817,-0.31595101614175647,0.522942163155899,2.3764707681733657,0.3
2.06222314170705,0.14483867234710832,-0.07849091444683987,0.5811567045992532,2.999647182535691,0.3
1.0446203036123551,0.1726026772644455,0.6072533512567968,0.7196769791644659,1.285467593680558,0.3
2.4035874771452974,0.11920767622432149,-0.15773397881278878,0.6259533238646608,2.1698413810108517,0.3
0.621413405299189,0.3894162140720586,0.5784594423968379,0.6191717387442003,2.3770031593788197,0.3
2.483067936140937,0.33969588122925326,-0.25753714462549554,0.5317378364824553,3.062355394376604,0.3
1.08613690466917,0.1750628694388298,0.6679783851871026,0.815707930740778,0.7668197573500453,0.3
1.3032663361547623,0.08030495571637998,0.5966513309151661,0.693012722677326,1.5080142694204608,0.3
1.2757368001713456,0.2089539577468222,0.36485392190841726,0.6982323610056096,1.3954968067805196,0.3
3.2289878397547875,0.13709545830794098,-0.5243369743006571,0.6756100845515481,1.4878146501211418,0.3
0.8816891957124874,0.19915072938805192,0.5598500297824761,0.591554371857575,2.892983760751508,0.3
0.6253234029779304,0.36418076058002646,0.6113166019129547,0.5999873707506673,2.7230128807882714,0.3
3.0967885468359073,0.28144593402594376,-0.5324374315971475,0.32783352199163945,2.6352465381687287,0.3
1.6797800554822422,0.2529219944967971,0.0822429211010002,0.6597725070914983,1.6548284532451143,0.3
1.002870045717079,0.1942102745091151,0.6521555258599534,0.7556465511813389,1.0526106898384535,0.3
0.8500374354929864,0.23146010165922976,0.585608625574238,0.647710270373922,1.9902976078184134,0.3
1.6673819021954654,0.15100474826404786,0.11120872176434718,0.5814166643716925,2.8679795303069424,0.3
1.2407364747842333,0.14687510088118294,0.4028668153049516,0.6094904334854356,2.549598504591853,0.3
2.179405773206814,0.11754195066202511,-0.10626830930235973,0.5682393001651169,3.2632940267840667,0.3
0.643321487013267,0.32275026329832196,0.5850211688855126,0.5707057111089364,3.3545506693744813,0.3
0.943904746350786,0.22185878715361124,0.6639441802895992,0.7613150344869423,1.0205406755441735,0.3
0.9177127321132134,0.18879805206467887,0.5832590972362435,0.6128449627360859,2.509396051897924,0.3
0.7527838061013283,0.36978282522660844,0.6312866895957681,0.8152212155261853,0.7579305224533284,0.3
0.8032125619222301,0.2580580067033247,0.5159354793670625,0.6116784795370659,2.4982033035060667,0.3
1.2513220748395149,0.09340957912198602,0.5980145791044833,0.6821332368528987,1.6129908504674588,0.3
1.0018834096880012,0.15832083163883842,0.5850011702814464,0.6157745859691002,2.4649369394681138,0.3
1.1741719432225188,0.12931481047931787,0.5638061922033797,0.6984778138826812,1.45314554792405,0.3
0.7001942873965196,0.30953660709722697,0.6209377637931954,0.6363324412543311,2.144827320873616,0.3
1.3011361071936067,0.14074540669230967,0.3807961870286352,0.6369858791683548,2.099557117931858,0.3
0.6709892891442012,0.3395115278461802,0.5901917660334766,0.6385863672324197,2.0972912050643693,0.3
0.823714068570284,0.2375345228473477,0.5402190692847333,0.6115121717345514,2.517419980019351,0.3
0.6595617957217581,0.32724506454818914,0.5776750955760677,0.6021483055856018,2.6807929349919695,0.3
1.0726085194216501,0.28202956129463935,0.2849602497686834,0.607196089084388,2.493618910599954,0.3
1.2697473643262618,0.08842718017189548,0.5654243568137388,0.6294020355888827,2.2346996840804554,0.3
0.7904223237930986,0.3279150045688159,0.5768834557031177,0.7436008939321179,1.1080156166517081,0.3
0.9103698227306191,0.27921304447721806,0.5735242530991389,0.7834657323595399,0.8920884058836093,0.3
1.192637257843674,0.2664779366310186,0.4634908142328382,0.8371641682578991,0.6614969874572816,0.3
0.7712215541747228,0.24330550488908417,0.5914595211670108,0.5875068359340868,2.9883998674006547,0.3
0.8943882122384099,0.23771274490956928,0.6117887717109453,0.695015946513602,1.4784822795455268,0.3
2.8443970201857267,0.1616566757246598,-0.2580407144375472,0.5631851463380706,2.3090108017073954,0.3
0.879861427199411,0.206103255285353,0.5806219867183657,0.6179323910225544,2.424007171653497,0.3
0.884971985345136,0.21922076043138106,0.5951280990540095,0.6606528832196655,1.8371175020963628,0.3
1.1382395651890926,0.1345693649373252,0.5303176774801026,0.6486601055297693,1.9683630210016392,0.3
0.6336052968142033,0.3670129075705571,0.6250127601079111,0.6157199110304561,2.446417089745793,0.3
1.8767497614435005,0.2661548769696265,-0.037551089490990605,0.6507975426039743,1.8572830787980845,0.3
1.1228208129398232,0.13521556197738416,0.5302880977308193,0.6377294678907227,2.1185938506906488,0.3
0.8683818268984426,0.2076423142372334,0.5694792033114561,0.6032234555704858,2.6830953713356025,0.3
0.9244752157428311,0.19993936022029363,0.47108050347249353,0.5808005342344534,3.0983763481720703,0.3
1.0116167905963795,0.23909366638845433,0.7584708691563516,0.7160138582027704,1.33785539350099,0.3
0.8158621334336646,0.23302288107516905,0.5953414004072897,0.6162570269244428,2.4517414106731863,0.3
0.7260481560617134,0.31182981163241524,0.5999879040170901,0.6638203887433167,1.798088254367764,0.3
0.9358059662626058,0.19057599802786201,0.6086554245023762,0.644860026680086,2.039314426108102,0.3
3.054661713931156,0.31024676786426136,-0.42330210941794566,0.4258385508319528,2.3649256076934506,0.3
0.722137605928383,0.3158908046023985,0.6001216837529829,0.673331655439257,1.6877211835881258,0.3
0.9478901555500799,0.2561095503599835,0.5702745274477704,0.7785291015028348,0.918051503166422,0.3
0.6505178969592418,0.38419161565514137,0.6159752962074216,0.6808164073790148,1.6060204599620227,0.3
3.1200694174068935,0.36388757363989876,-0.47524202868819526,0.37566640376286775,2.402487826047778,0.3
0.9128253404928207,0.2323898514314331,0.4521308079210235,0.6063946371249029,2.5671633924127093,0.3
0.6843943980643141,0.3250872614538096,0.6026781997552753,0.6404568007134599,2.0819396911467636,0.3
0.698314565708176,0.3245824066839205,0.6286243628274519,0.6639322625886082,1.7963743045137741,0.3
1.188952049379358,0.25156561134688293,0.25732402571559276,0.5977588441350931,2.6086300754413596,0.3
0.8354857497339372,0.22238214409133356,0.5111632653620778,0.5785893495848005,3.159147330435421,0.3
1.1170850721141274,0.15046194751810973,0.6016777928430422,0.7336833979585837,1.1864558380992813,0.3
1.5895304131046826,0.14716991108733468,0.2974674449836618,0.7320390734193009,1.1406894963699579,0.3
1.0078492102519205,0.16285053379874348,0.5748061601668327,0.6328241044361592,2.1967371374927285,0.3
1.7347586126114916,0.439126142791213,-0.13282920369874396,0.5758858930075952,3.0380427219096906,0.3
0.7034470548575931,0.3247460722801568,0.5529243134063637,0.6375284305203842,2.107228051091855,0.3
1.4002728726875298,0.1177401045448375,0.38431591812949206,0.634595197512948,2.089613224280942,0.3
0.7345506851612706,0.2916844567730669,0.5987493499452436,0.6408069215765902,2.084122547408358,0.3
2.785979879812993,0.15496772476724696,-0.24481064437624883,0.5610335335755641,2.628594028574597,0.3
0.6991920891549966,0.345102212624537,0.6430374222900261,0.7058118660997531,1.3928744522057297,0.3
0.7977034938876622,0.2692971932293637,0.5836518899926232,0.6662044970628143,1.7632095532708452,0.3
1.2730413039812636,0.07905548221239085,0.5505604633782726,0.6053889664726417,2.634964863719213,0.3
0.8409428952185894,0.26472389087350456,0.6270415703869362,0.724388634318547,1.2539399200131174,0.3
0.8984556309019218,0.21887086166903955,0.6489405403983115,0.6841225481761767,1.597206848160973,0.3
0.7779143179269573,0.24473186051532558,0.5724556261487285,0.5956230453987319,2.8165819372813585,0.3
1.0878666109314261,0.14827207142526455,0.5861295467319338,0.6786046361195901,1.6468492498273157,0.3
1.741518955202021,0.31326854458923914,0.024412963760656686,0.6766743056453023,1.5797380864420378,0.3
0.7936987412842762,0.2536005721653751,0.4825574156421668,0.5759121379734321,3.196445130745841,0.3
1.2042606930290123,0.11525504379293344,0.608471768021675,0.7168197267531112,1.313469719381005,0.3
0.9582247464806922,0.1987307851588062,0.5393478842805883,0.652489125168976,1.9229221029354764,0.3
0.907740759981126,0.20995320522328645,0.5941335364566437,0.6621981562883829,1.817918899937751,0.3
0.9417023390270901,0.2045077389677042,0.6256701399148163,0.6931511751996416,1.5048282892820655,0.3
0.6963603955102116,0.32325233787907,0.6313244480535485,0.6565912302042818,1.8807315830609366,0.3
0.9606872111829272,0.1801994210616518,0.5744785780546418,0.6306498850404862,2.231605643456933,0.3
0.7717245011427188,0.26683552315633313,0.5746506787635481,0.6322121575863852,2.1943732097856787,0.3
0.7197433576190889,0.446933823698783,0.4996792141965746,0.699603675737061,1.409569666896189,0.3
0.6361340528380154,0.3651789237646464,0.5354794273800589,0.5883707487397932,2.9220899091393226,0.3
0.7751753768701203,0.2734863148808137,0.6197797053443744,0.663573087059183,1.8021702760616383,0.3
0.7919925455856262,0.27688248391679404,0.5468415290916326,0.6472552735150665,1.976097833672192,0.3
1.000881758922493,0.19277655432366833,0.550510121248298,0.6850143465646606,1.5727168550351807,0.3
3.1123094557827287,0.2830088259298704,-0.3775869948851441,0.5333998065850615,1.416392688072545,0.3
0.9518590092462333,0.20885359337703618,0.5652753432603719,0.6848214900075892,1.5715488051956092,0.3
0.8909243722917507,0.23924706490149658,0.5769059120873166,0.697310636226259,1.457186862103185,0.3
2.109429887312255,0.16051996732105112,-0.06267502827131037,0.629298255661808,2.1465121547680095,0.3
0.9194186123520759,0.21615974165146462,0.6230923521042525,0.7031202365723164,1.4189553435729167,0.3
0.642993323202921,0.3570447183229004,0.5543591267538062,0.6040080612349261,2.6291696836304883,0.3
1.3957334992092387,0.2314652512637269,0.2020335062050355,0.6315914504327445,2.135523869659747,0.3
0.7417944690087225,0.27035660339905265,0.5830566761484841,0.6093318027256827,2.564027128556955,0.3
1.1994416977066056,0.11043118811618305,0.5896462775973205,0.6785333770234779,1.6434358073885438,0.3
0.7882285990457952,0.27398058330202457,0.5466735079353757,0.6350352751446875,2.137269476027854,0.3
0.7786043475946542,0.249802822363634,0.5839770624473184,0.6060241985487255,2.6312478683550418,0.3
0.7297983650139447,0.27433343659153797,0.5485851659841597,0.5906502629534918,2.9019205268005135,0.3
0.8119734206748995,0.2410594846775372,0.5834046794873722,0.6275757871721386,2.270218601478991,0.3
1.4916059675645221,0.08016276873930689,0.318563318844664,0.5550690313459061,3.620184967459224,0.3
0.9289880623314479,0.21788012898804823,0.569078630819296,0.6870917846903678,1.5543262713252455,0.3
1.0072805504656774,0.16528640315715942,0.5970621363501186,0.6481701870100186,1.9950608715225093,0.3
0.7937979440735625,0.2511632675300305,0.5023216642496915,0.5859507778193355,2.9870482955255713,0.3
2.966120652196673,0.32563189632348283,-0.3717023427242672,0.47535390042285963,2.3209686038974056,0.3
0.7324442333751731,0.32422728398015427,0.5856436458143595,0.6782768492083752,1.627577966123484,0.3
0.7048661024664188,0.3129987633767108,0.5610186076150149,0.6273502450505142,2.253936594666033,0.3
0.9144015339287793,0.2724965498877135,0.41847314315981077,0.629786640649418,2.18757144345005,0.3
1.0118962155859799,0.17625821607274864,0.5359990458657046,0.6333524506811189,2.164977093265125,0.3
0.7774281930701786,0.2832337716630831,0.5324513363767638,0.6381748928783811,2.0972895880374804,0.3
0.7287129120373241,0.3213163294323729,0.5735637213127,0.669794764258678,1.7158291071193896,0.3
0.922073113696876,0.2206416543082281,0.5300810548891548,0.6578052873603463,1.8544310915137034,0.3
1.4578897404185964,0.21860378470066155,0.17277393878199782,0.612630834395808,2.310428547349463,0.3
0.631480747620647,0.3840734159707373,0.5910018504736397,0.6383177443449018,2.0954183080065465,0.3
1.04041376007472,0.16490253264824892,0.5620809167460504,0.6641178364602287,1.7919488086451345,0.3
0.7913472986042158,0.25723100288705497,0.63534994547281,0.6445536541587065,2.041776806341714,0.3
1.35389549016917,0.29784007712611243,0.2855124808742712,0.767856889668293,0.9259813073817864,0.3
0.9664196906597754,0.22151496917417118,0.4196566130012065,0.5949975215513745,2.7958121804604623,0.3
1.042021571833962,0.16407440388819666,0.46389847724111777,0.5916481770381746,2.8674232689153505,0.3
1.1155376826017884,0.16724225514038416,0.5494450157766665,0.7068095611369933,1.3882434347115105,0.3
0.71389653398596,0.3408858607935493,0.5926275367932503,0.6975400732560597,1.4547088417352818,0.3
0.7113469778265757,0.3797136175485134,0.5951250028860031,0.7088213268875034,1.3475037634237284,0.3
1.4939358459072192,0.3227508912900326,0.04285235874585977,0.581380749959024,2.7653254358762696,0.3
1.0537671150697079,0.16452400895348257,0.4911111589770454,0.6212378207900683,2.3452083769317564,0.3
1.1639168692371453,0.11680302320446663,0.5904318418854364,0.6614492016113274,1.8332642275798,0.3
1.139991206684864,0.3187701268214066,0.35271343400152666,0.744174370690773,1.0734233496915637,0.3
1.1742002708262096,0.18100658137843942,0.3716443137580662,0.6187485240269504,2.367038136237573,0.3
1.1061819060163744,0.22033029270690557,0.32009724111392734,0.5817145999767449,2.966374028639938,0.3
0.6722080192658733,0.3712784510602058,0.6031967594663501,0.693583326642749,1.4883350008180263,0.3
0.701446668637147,0.2905780793323456,0.5889243683459489,0.5996962975244642,2.7357064999367093,0.3
1.0098540341679028,0.20456704117472427,0.4579750822227383,0.6263302056941327,2.271943864528178,0.3
1.9795765493758948,0.3061047717178324,-0.23405921322444895,0.574849201646879,3.0509705495132398,0.3
0.9942541725951749,0.16541221011906718,0.5916451077012094,0.6299524243470908,2.240117941998389,0.3
0.6720555658361014,0.35099373424061664,0.5873550746592572,0.656091203102643,1.8729290389971778,0.3
1.0170134269735276,0.16454567774643786,0.5432309837294049,0.6275775822947522,2.269588891599996,0.3
0.9658821354784752,0.19458193531596907,0.5797433188479213,0.6775623244115269,1.6500281998399458,0.3
0.8934507988926258,0.20067901363672905,0.5691284404253989,0.6144467954670731,2.4786458008199794,0.3
0.7348692214211335,0.26957328629381133,0.5439749595792946,0.5844746219976997,3.0264582126779658,0.3
0.8158697499978977,0.25379423633899656,0.5510475084018149,0.6391910778178048,2.0912799632607078,0.3
1.3437825642347259,0.151080535929682,0.3742442564277213,0.6758389253505218,1.6362904461327277,0.3
0.8452946940658478,0.2461113111576252,0.5733531483579877,0.6665203317593972,1.7638672033226115,0.3
1.1809426103669116,0.18028605981174914,0.43250960223824353,0.6866387084020891,1.5342125261404678,0.3
0.9136951311682145,0.2854103357735883,0.49691495885884096,0.718144962497243,1.2737322129418749,0.3
0.6794436882666738,0.33868992431166467,0.6466899653104423,0.653783561148289,1.9183836170987953,0.3
1.019452519143823,0.20715783226842976,0.432154358019972,0.6245434891333941,2.2788331910571538,0.3
2.024025412338347,0.270814298122338,-0.10381593453176219,0.6559614941319096,1.7609273462180932,0.3
0.8192064674050091,0.22557644816516387,0.5682721687588699,0.5967628660104342,2.7977825755263335,0.3
0.760605047947496,0.2562309888616443,0.5891873577633905,0.5973120748332855,2.780306019854441,0.3
1.1037595943203005,0.1597943541012921,0.5427796918606478,0.6913092649297132,1.5074573763302364,0.3
1.9900301006812073,0.29857869217359856,-0.09314790806542307,0.6737933774277461,1.5879556807004087,0.3
1.1279432678718306,0.19940067712943288,0.4381105324780127,0.6839972126474407,1.5498223274436893,0.3
0.874800844251331,0.2218325489597313,0.5631360448448103,0.6407537990192066,2.0776909149473783,0.3
0.921644020042383,0.181495260581288,0.5270035357379189,0.5763681582130364,3.2184193874490186,0.3
0.8086046129340254,0.2649450043247398,0.6396088237535795,0.6900668649994052,1.5358559000434229,0.3
2.9157061314271733,0.23647319156616792,-0.33640384006376756,0.48100763812646913,2.9575050022355702,0.3
0.6458494632302089,0.34187201639344345,0.5981573666698696,0.6081058695812268,2.5765062495337694,0.3
0.9298196409341691,0.22647668200431983,0.4772417245678099,0.6302532808862624,2.1959469194946664,0.3
0.7945084766896173,0.2674861407160004,0.5876703144891395,0.6621754248623455,1.8156805832099208,0.3
0.8137486059034189,0.2792276067304077,0.607707258992144,0.7171278222517882,1.3024635026830178,0.3
1.5272040250937038,0.3035183660558901,0.03047532561772874,0.590428944003895,2.7271292792271247,0.3
0.9865821168233505,0.20228699587411758,0.5225752059773996,0.6693590261153649,1.726350217436587,0.3
0.8561388760126789,0.21981904210407244,0.5986063028010858,0.6310718096548145,2.224279652181497,0.3
0.7214505454354171,0.27720908343990514,0.5755229346235038,0.596003928041308,2.8024225715776656,0.3
0.9301981887973849,0.19905743347958935,0.5915426057236209,0.6577944996180416,1.8703552699800337,0.3
0.6319606120914352,0.39268982558634635,0.5743594333031211,0.6363088072161951,2.11622632189704,0.3
0.6395291635128374,0.3578677018431259,0.5933987696526394,0.6206623883337846,2.362255955480923,0.3
1.251393881158376,0.1954284407981548,0.341357552516943,0.6588509867131797,1.7869684067824987,0.3
0.6393485083676469,0.36714936693188294,0.6139443330553089,0.6380124925173987,2.1115977825965317,0.3
0.9053539958822185,0.2036423066666531,0.5868476383812223,0.6386747680477205,2.118309161394312,0.3
0.9095857726783503,0.196572145804081,0.600235910095776,0.6302992551209674,2.239583381952255,0.3
0.6633321180943352,0.31183089703641564,0.599537024557611,0.5802093793835665,3.144978818016094,0.3
0.7176335271162846,0.28399294797339586,0.5293049006614763,0.5826504116531742,3.0588999208555037,0.3
0.9891278401868151,0.18976964580544353,0.47463334844584304,0.6110082062102693,2.508485315923076,0.3
0.7745715489439873,0.27070896232046215,0.6311630356449357,0.6550377031996302,1.909127606078692,0.3
0.9422781724894602,0.19068991665870497,0.5744254928677341,0.6410100781340543,2.0793988521862214,0.3
0.9838553666178927,0.2088422085753303,0.44630562036679156,0.6162777978919989,2.4063359031960094,0.3
0.7659462734134357,0.28553754580120194,0.5437092340646964,0.6371087321842861,2.12032657766355,0.3
0.6988860838657235,0.3327519189535347,0.5928694034646833,0.665691769379419,1.7647539077954544,0.3
0.8504787831349097,0.2609100776254586,0.6194228816642293,0.7287427951445982,1.219323036245348,0.3
1.246175234090409,0.19096027414150527,0.2979372003588068,0.6009497751087158,2.586951716287059,0.3
0.6905412031728356,0.3192741034630728,0.5979170329560745,0.6382399489115743,2.110673134526834,0.3
0.8888071237258803,0.21711209082207522,0.6154121368701514,0.6657957864979164,1.781196972942538,0.3
0.8308600950887429,0.2189020210475937,0.5949076134042706,0.5987411123791195,2.7684617059942385,0.3
0.9848577107246272,0.1735567897096085,0.5234814421233657,0.6094865413472464,2.5552880278308145,0.3
0.9057884138481053,0.2384160997585806,0.5756188625494498,0.7113866531148055,1.3437943028594401,0.3
0.7716944671718968,0.300773057011452,0.6519300482077972,0.7221771363248616,1.2705544218651932,0.3
0.6327634256699061,0.3978744136277566,0.6546444101826124,0.6569439509308945,1.8742443455851086,0.3
0.7929810103421295,0.2518300530490517,0.5925692172750092,0.6318948925780425,2.205055026687146,0.3
0.6245613352075724,0.3665582646697679,0.6018864208319974,0.6010542926366472,2.7047858288796696,0.3
1.0434999420808861,0.2268407192098701,0.38860489581443775,0.6118444824771503,2.432389896961125,0.3
0.7036595946105906,0.2915300858302792,0.5363463803485576,0.5820732418072292,3.070364799356887,0.3
0.8591964612156204,0.22830346608338847,0.6114178159352682,0.6590243923179462,1.8585381725293977,0.3
0.6829236952318316,0.36623491905608374,0.5527708542683242,0.6620557505911617,1.7946545830790603,0.3
0.8056993546208998,0.25285056129076083,0.5786627525389004,0.6424305490547836,2.05421748869067,0.3
1.3028077492701047,0.2428064252429861,0.2160633429040101,0.61442110659189,2.3189531043774694,0.3
0.8121859258833731,0.24201176759905327,0.5749246903312439,0.625959675460456,2.294283987294622,0.3
0.7670962076006629,0.27515324353881343,0.6158416923008981,0.6531483796876045,1.9296477740682796,0.3
0.6036513872331064,0.4029505831739509,0.5882693105838868,0.5890575754531571,2.9225752893369408,0.3
1.0553803589913069,0.22797420913430924,0.32946897777557194,0.5858433348302478,2.9214069917394165,0.3
0.9524201625700592,0.19006833814517665,0.5411246842206269,0.6234424996472552,2.3357101574313837,0.3
0.9949405365707373,0.19420306881800087,0.5178948066628155,0.6571589776256823,1.859481261040269,0.3
0.83491544146607,0.28119526282816226,0.5917794890458659,0.7080831606028786,1.3777812605784474,0.3
0.6759942914300408,0.3884876917843824,0.5296131004422033,0.6519642009434528,1.9073409050748826,0.3
0.6663457979280786,0.3847956151591625,0.6220001877060928,0.7143649618800162,1.316641470138231,0.3
0.7702517108626411,0.27734155422215967,0.5163445170368145,0.6049881672913863,2.6286343944567667,0.3
0.7641572648048991,0.26825293188570126,0.6172773841028998,0.6368873489473462,2.1392524013628194,0.3
0.6868097869750194,0.3061549540914529,0.5899359843539111,0.6087637874515304,2.56841893068654,0.3
1.0382256387348412,0.20844064729111866,0.5140611898840193,0.7138676182137171,1.3125473575221973,0.3
0.6644464322762487,0.3339143383787846,0.6089208874529579,0.6252997456254901,2.296433702773125,0.3
0.9671431092117915,0.17852043710846144,0.5580372329915827,0.6240804594394228,2.3275081178038484,0.3
2.290655566115009,0.3289597505984588,-0.19456014216800271,0.5932812992942855,2.112443465854532,0.3
0.8231174854539411,0.28118369860738734,0.6109809654673236,0.7303453647511282,1.2082753675692888,0.3
0.6613887090000897,0.3572945062031031,0.6078422778523617,0.6596910965491553,1.83766192975629,0.3
0.7626390255933329,0.2673712538977488,0.5298031881355134,0.5993392644781895,2.7320531980454827,0.3
0.6219334486214549,0.41955512010903157,0.6254713589863159,0.6771237623078619,1.6419113430061982,0.3
0.6815590122886246,0.3413147169276773,0.5967970466856476,0.6606565717495912,1.825012708993411,0.3
2.057829284516437,0.3413195609322431,-0.1826300277009146,0.641664068894137,1.9083810513115154,0.3
1.8708216406693687,0.2613988214710103,-0.14353428330906615,0.5728189653204776,3.147706388261683,0.3
0.7028559936200676,0.3392279708593458,0.6316532647983618,0.6995427707141282,1.4437068213898903,0.3
0.7337593331384694,0.29061196698350883,0.5846322300758882,0.6374979113604621,2.1220781209139927,0.3
0.6476001527060187,0.36382334290915663,0.6120326773523739,0.6477943685435346,1.9797681861251686,0.3
0.7709835423771694,0.2576199978520041,0.6063746945264559,0.6203147177697554,2.3904270469730746,0.3
0.7961469401230037,0.2414370464835341,0.6097039224527302,0.6122124171530352,2.521868690958544,0.3
0.6345450227694754,0.35829856782843394,0.5821449106887815,0.6087918602881829,2.556545381464799,0.3
0.6699459482285309,0.33191421948890476,0.6206447474102734,0.6312376592409522,2.215294222891481,0.3
0.7067692775314666,0.3183407736196367,0.5899061668463496,0.6527239632409862,1.917317825229168,0.3
0.7125646965335021,0.2932819626259805,0.6126976480077303,0.6196717872077955,2.3917339610063335,0.3
1.0070653868042558,0.2007559141134038,0.46667559833771627,0.6353082551488541,2.124971723087169,0.3
1.1716030628879115,0.22890598196273568,0.25896018390785036,0.585011171744032,2.900631912660603,0.3
0.8784239544511637,0.25042345121464704,0.40300989580315194,0.5707333800200598,3.290813225727894,0.3
0.8002579859444569,0.2739482257108767,0.5606191762136302,0.6619398152088698,1.8046592582326935,0.3
1.0104511776348195,0.3071323284402454,0.36177798848037357,0.6632702320111606,1.733333663504269,0.3
0.7114931421163955,0.30628014137318055,0.5944918929027038,0.6415018234228999,2.068521418025943,0.3
0.8954614156855135,0.3430954472923456,0.3835740622755509,0.6063984891634515,2.491483392640572,0.3
0.6958402767961945,0.34454749779363714,0.6049839490563724,0.6884582089008269,1.5375667811681373,0.3
0.7272247630757446,0.3050742310656684,0.577762393718568,0.6507674921484362,1.942112936016972,0.3
0.6567422594985524,0.31385713778485635,0.5751961118440498,0.5744832260118707,3.2544550428253265,0.3
1.1517320110533096,0.37367783325459925,0.21170862281554448,0.620627411667513,2.2035607887702975,0.3
1.1260687837317354,0.24346833056876913,0.27171077946786737,0.5741696578193277,3.0972853379478895,0.3
0.7569407599967043,0.2683390409598147,0.5505528740455774,0.6085942086461951,2.5648419266780103,0.3
0.9038996337573255,0.2299404493057413,0.5705880141478891,0.6894116368762078,1.5308875724609292,0.3
0.637345705465796,0.3461358633618925,0.5907762526566701,0.5971303087122593,2.77217843125528,0.3
0.6378374550907838,0.37817364356423966,0.6182553199766563,0.6488060221672499,1.964501346429551,0.3
0.9849220698606983,0.2990113317976203,0.37365694536419813,0.6567395229245931,1.823234411473814,0.3
0.8976639604219121,0.27797463439821546,0.4648246918558811,0.6660976252835787,1.7439513320560518,0.3
1.0358732188978401,0.19507727476504363,0.4022584544767823,0.5905587925712725,2.8499485983733637,0.3
1.0974129634156768,0.256382807191356,0.33163175151944485,0.636592884331182,2.0525491892541883,0.3
0.6328998241227228,0.34295108628085297,0.5955651302293441,0.5849957814873754,3.0251134329615215,0.3
0.9220875866958594,0.194005715374499,0.5239016840649331,0.602349575178258,2.679200364223659,0.3
1.1802587283866175,0.22338838382905868,0.31628344114307505,0.6274581678644335,2.1716682088338777,0.3
0.6464312251334118,0.35210592548669223,0.6031684113938687,0.625330458845938,2.291901371402139,0.3
0.6367052273574059,0.3839356792294186,0.588672562468669,0.6471555437160437,1.9812045640798037,0.3
0.9867796933905731,0.20451670080164433,0.5458888919022256,0.6918660078302343,1.508645146473104,0.3
0.6655868794639098,0.3324284923769259,0.568034673002726,0.6132744632805042,2.4803264915850147,0.3
1.798132305875646,0.32530669972348125,-0.07213052481320208,0.6269301975725338,2.1532766581467584,0.3
0.6399587944088627,0.33960054737018613,0.5914375779680796,0.5933319372589632,2.851970807573591,0.3
0.6568007755590377,0.4009315025700476,0.6021145196701427,0.6843932003058667,1.5624540081838294,0.3
1.1210343462112946,0.18794660719585074,0.33490823167465306,0.5755777979302604,3.157429479061382,0.3
0.9087769972260523,0.2766559161440242,0.4431331162797183,0.6520953692929555,1.8919011114068534,0.3
0.7104411117051807,0.3123854916605273,0.5725070020689059,0.639715552538618,2.0866243243396654,0.3
0.809496434590644,0.2466501942122074,0.5545828447282245,0.6078842426020761,2.5676971555666483,0.3
0.7156341391781458,0.2875213636298482,0.5530195780179927,0.5971874029694225,2.76769774057682,0.3
1.1268240307650428,0.228263020231346,0.2875622506937463,0.5784859532222355,3.024568338087394,0.3
0.7676498255289838,0.3618251161276801,0.4422825676463107,0.627577012122369,2.209134410674278,0.3
0.6122032765044139,0.3841391318146306,0.5698072461283471,0.5864239929672374,2.978277742142585,0.3
0.785664192277474,0.35277862050916303,0.5076092167932522,0.7020447318740395,1.3966818325555501,0.3
0.6229064397685337,0.3896776404812708,0.6192098287132712,0.6347961403626171,2.151219721991258,0.3
0.6482705959860577,0.37307243370055476,0.6091668731078247,0.6603029668820886,1.830194404185511,0.3
1.7022109555888838,0.27235890108128424,-0.03432327947257445,0.5633984182751299,3.1107035860985355,0.3
0.6783339851863123,0.3449753899675495,0.6357566444677312,0.6704190947576446,1.7244795132847552,0.3
2.2642730989514614,0.3572386163397898,-0.3676928389310432,0.5965655580921714,2.546582570919794,0.3
0.6588143046694868,0.38987932936694586,0.5992126925154769,0.6954357427932271,1.4690515718220014,0.3
0.8321494431007731,0.2364814110941402,0.5027993843262348,0.5920462825690684,2.871846148798348,0.3
0.7870958141717834,0.25245508700804986,0.5667786255406012,0.6174545306727016,2.425321790962822,0.3
0.7174468944538864,0.3157670247646963,0.5991019694598543,0.666836234285247,1.7597252448526892,0.3
0.648139068094851,0.35762261724111943,0.6078606580344735,0.608289325856182,2.5857076035807314,0.3
0.7706286551000195,0.28977563208586316,0.5813231120707611,0.6659840787682852,1.7600185292233252,0.3
0.6287557311018505,0.35724431202573104,0.5693939635078167,0.592113149736667,2.8645176169612787,0.3
0.6824652171144288,0.32860387038802874,0.6324608791265398,0.6428175816591661,2.0538949844664596,0.3
0.8061904138705996,0.3632240547569895,0.4419383236160225,0.6573497711583814,1.8283054234745422,0.3
0.8459715123870859,0.3738734003778309,0.47961711935651485,0.6619353552459676,1.7507150386300652,0.3
0.8364452676394933,0.2549006019594497,0.47990290687920795,0.6076531037401479,2.5606170048957457,0.3
0.8184937357366531,0.2707481428372862,0.5033596024416807,0.6304960179273061,2.1936823615202674,0.3
0.9178928823645022,0.1995597699169118,0.5021665932732267,0.588550357098777,2.9259984443473774,0.3
0.9249817609666607,0.28062624347861387,0.40261956531212706,0.6089092610165506,2.4771880008106724,0.3
0.610187511337336,0.38180699212486535,0.5847443525037064,0.5866956315197758,2.9724524777706924,0.3
0.6614697246484033,0.36354727391012764,0.5625399738974712,0.6293174479276773,2.211356119087683,0.3
1.3757947833262392,0.34313611448885356,0.13315384214694176,0.6499561049266931,1.8249467121266971,0.3
0.7539572311000714,0.439765293212208,0.45754594836858264,0.666129202849149,1.711391806570433,0.3
0.8352461944363445,0.2476131832887635,0.5051953239686797,0.6141544739089143,2.454161299850826,0.3
0.7683946356375876,0.2660223011092279,0.5906859888840468,0.6335150328263398,2.1811766136836184,0.3
0.6801807858517571,0.3054891089027728,0.5974788464844267,0.5959964055135227,2.8035742055139665,0.3
0.6763093441572536,0.34539635639729926,0.5470591769491878,0.6279719916315254,2.23754800336425,0.3
0.7231635239069886,0.2997011503612784,0.5734120291000318,0.6356300901104951,2.141660855309685,0.3
0.6197578032322739,0.4125867160899188,0.6016636582131474,0.6508905691296768,1.9295715760297332,0.3
0.6556265180929883,0.34460499312029763,0.5813836686961718,0.6224652090794567,2.331660823046197,0.3
0.6614468482772706,0.405320253286989,0.5437343594669753,0.6535237328506955,1.88080059768126,0.3
0.9508662095614617,0.30415930127638696,0.4248316945391792,0.6903885757337306,1.4925468652277605,0.3
0.6525665349624574,0.34471586581756525,0.6143504064587627,0.6250839594865307,2.3016096992980053,0.3
0.6968212251160888,0.3565098182680454,0.6104900973297853,0.7076520994063917,1.3682099494457773,0.3
0.6480038349258582,0.38290320769913727,0.5529177640255089,0.6324365113049464,2.1651090671878235,0.3
0.7366042966759079,0.2928088151963485,0.6134685477775959,0.6538373596921936,1.9156705497013524,0.3
0.6169934058851995,0.4118799673453064,0.624766037605404,0.6495579230821843,1.9523635897328484,0.3
0.672753703479693,0.31657122566878876,0.6154533904074477,0.6059892209580894,2.623574381246932,0.3
0.7777730489409658,0.27861829880183997,0.5356904190503329,0.6342800239853846,2.1547901383878623,0.3
0.6047145353980016,0.4251452927960745,0.6072059905740401,0.622145382164105,2.3321657701976966,0.3
0.6092526535227752,0.4096272419473122,0.5992895398234239,0.6213365075795468,2.342253789434852,0.3
0.8427740767906126,0.25377005081461745,0.5000430080939403,0.6256969905564151,2.270309051662347,0.3
0.6663758023015751,0.3414353972776083,0.5681259628606321,0.6259856770053793,2.2760231740906303,0.3
0.6801221191296846,0.3091889480391589,0.5922994027480257,0.6051909857438905,2.633879147780165,0.3
0.7820311190758197,0.27401667681149156,0.6024517658595985,0.6688810926305832,1.741750078775241,0.3
0.7601497615827392,0.2797889075020942,0.49394595113814227,0.5907686876133903,2.8735820702259818,0.3
1.1615764331834681,0.17958541700508215,0.4374043195200906,0.6749250288985402,1.6415527341320004,0.3
0.9878189732240774,0.27385552542620517,0.3192029350837944,0.5849223663736755,2.9179834175661066,0.3
0.6098548053018475,0.39984175697569735,0.6000148684443951,0.6126724331049767,2.4864801985381586,0.3
0.7967945321813876,0.2963957546860068,0.47634236723800366,0.6249637186993333,2.2675558638522206,0.3
0.6136384074211464,0.3958801916340424,0.5951280076309795,0.6113545179169635,2.5037134909817054,0.3
0.9174583398295155,0.2203958746328416,0.4584907259008865,0.5945108008831348,2.7872449957692806,0.3
0.7050969378151195,0.30935212113256655,0.6016186077427534,0.6367394606406003,2.128522439789636,0.3
1.9825262195233893,0.34343071949316456,-0.20170582544388294,0.6051225732560958,2.450194332206663,0.3
1.9566661485287293,0.33109475897244406,-0.23840993553363843,0.5724767970954939,3.0961868202607694,0.3
0.748864847484545,0.28649846574641047,0.5924808963679666,0.649723299488156,1.9640574343127,0.3
0.6396447727573885,0.35425499500601154,0.5898211103697828,0.6138901046226573,2.4744454525790918,0.3
0.6080997578616855,0.3882886335618574,0.5803775105852096,0.5867621636416022,2.967843279837966,0.3
0.6497597430101056,0.32700125332469737,0.6011208520428002,0.5886683618168351,2.9541447697164545,0.3
0.6393521014615997,0.36578689507823936,0.6058085302168486,0.6346925330010713,2.1537483784119096,0.3
0.6644993936412252,0.34186268519711693,0.6094792188344813,0.6408016882972424,2.075542934136508,0.3
0.6540920351306829,0.3164218108570796,0.5552296858699256,0.5710145586468456,3.3318662127071508,0.3
0.7164639419480094,0.2931527442927418,0.5158087099575908,0.5833879501279906,3.0312945588512585,0.3
0.6480228959819968,0.35187602000636636,0.5371993237424577,0.5929490523929811,2.8407484323359506,0.3
0.6364057179303548,0.35344331016562486,0.6030923530460219,0.60954667453597,2.5509684867816738,0.3
0.7785120941906233,0.24490883792259455,0.5733828529869539,0.5967698730589752,2.7970971932832653,0.3
0.7255799307723667,0.31080530418267815,0.6058751755439681,0.6716794570329094,1.7076799400548177,0.3
0.6744954987382064,0.31478463495442394,0.576863376293926,0.602074073390807,2.6869375414618943,0.3
0.9508581433489693,0.21053651235161602,0.4985382931965293,0.637810900257775,2.1040007085398393,0.3
0.869568395024189,0.3586055862844653,0.38796346498907774,0.6427947893964726,1.9836762685955147,0.3
0.9858364165387395,0.209481468832019,0.4423976441962937,0.6088813651504523,2.5165345558566417,0.3
0.9330944933350971,0.20473225565336667,0.5091884460193858,0.6217610596536168,2.3385525630237805,0.3
0.6758993020975815,0.3159227801714766,0.5912820932748617,0.6105967378902649,2.5371628196573086,0.3
0.7198039789283356,0.2975705162883712,0.5703073135254519,0.6262275021805244,2.2763693859322816,0.3
0.6084558420408701,0.4253675946943273,0.6158869735879164,0.6426697972491131,2.039576151181317,0.3
0.7540790396967739,0.30176131941036527,0.5576302473784843,0.6525648147948148,1.9084898090736464,0.3
0.6477639114669863,0.3275716167309439,0.5798967237481929,0.5854022292235725,3.0116392315221137,0.3
0.6079596446390866,0.399014802540802,0.5978865373910878,0.604648327862319,2.6260235050325287,0.3
0.6104158250010939,0.37497511921390164,0.5811096734069903,0.5779333773299489,3.1690650148867734,0.3
0.7787170642707045,0.2889020528018141,0.5294544089021829,0.6431884295436572,2.025292474906708,0.3
0.6681044306336558,0.3517253678129712,0.602612986368896,0.6598683442591442,1.8331805622359083,0.3
0.6478039543522869,0.3971893828180428,0.6761143746669108,0.6343521208762499,2.1744596525435256,0.3
1.0856063898192632,0.2415725360671562,0.3267830202502793,0.6120584134622515,2.4211596872042227,0.3
0.6589980760998989,0.35262389258194604,0.5484752305728191,0.6163812693437772,2.416508859930353,0.3
0.6809654253077231,0.38762975501541713,0.5537014755249919,0.6766322160608103,1.6331389669409393,0.3
0.8613480047957253,0.28045854603241377,0.46445160858561707,0.6374303448580354,2.0788794724447026,0.3
0.6182524650447966,0.3886932538490858,0.5903313497726367,0.6166156900990921,2.42360344446696,0.3
0.641936101911318,0.34553409487270087,0.5722684107654913,0.5959791188828675,2.7853616942452746,0.3
0.8105571136914416,0.23011106856399413,0.5518329381272611,0.5916951610330231,2.8912854718381507,0.3
0.859263352858432,0.2325094684280766,0.5164543823782584,0.6178296738405954,2.4020504313214457,0.3
0.6959187171569722,0.29470502531869114,0.5878636882237374,0.5992949942237226,2.740694195368391,0.3
1.1482400876931673,0.22058133037001104,0.30583238320285716,0.5986902152771976,2.6362799188270998,0.3
0.671633793094128,0.34227854297829824,0.5882905379205963,0.6447744022258994,2.016948842290435,0.3
1.0876993784475486,0.1996460782138269,0.3921381018092822,0.6105280932234151,2.464596320731001,0.3
0.6367003779008841,0.43056049351245,0.5793094616849065,0.676632792932619,1.633508586150019,0.3
0.6664145674653998,0.3429278576514801,0.5799964247083429,0.6344990009659335,2.1535951534886917,0.3
0.7440835709099648,0.2626382188361109,0.5674690308638514,0.5926419567510978,2.869878062097792,0.3
0.6192774346019964,0.3882691345173744,0.6133032902927387,0.6248526207832364,2.297247109554691,0.3
0.8135790841757404,0.25724188034755957,0.5265905153298935,0.6243463143653345,2.294386434966408,0.3
0.7277143366808226,0.29455943963955444,0.5198657349752277,0.6002002357545398,2.699412305921372,0.3
0.6140981227677499,0.3839362614593028,0.582454954178663,0.5957730315098141,2.7854765972896742,0.3
0.7348038337711701,0.4029392351692625,0.4577041507611712,0.6370424833796459,2.0829485935943937,0.3
0.6604945542766878,0.42489393182412216,0.5427557469655817,0.6329575291117618,2.1681255625558706,0.3
0.636002534449411,0.35390445604313764,0.6015893856226373,0.6083340805133826,2.569027132639732,0.3
0.6343388735127594,0.3489459415111053,0.5925956387199312,0.5974629760326206,2.7706381300800214,0.3
0.9015454662371051,0.3009474242180667,0.39807059523325455,0.6289690795044695,2.179373576960774,0.3
0.7281695317121986,0.27718898646122436,0.5333388585148233,0.5818047206633299,3.074918460723509,0.3
0.6560280312251799,0.3139888652261391,0.592735161259982,0.5755258881020976,3.2466640328437366,0.3
0.6184176760298061,0.3615341345077808,0.5900505832675809,0.5823662311101508,3.075746222853216,0.3
0.6726815454077479,0.3528962355066348,0.5591330878218426,0.6401592079646455,2.066357144395576,0.3
0.7875676634579939,0.34182145298693534,0.4654700522667299,0.6520955635067666,1.8942546762187429,0.3
0.7284016252948671,0.33051676164222443,0.5099140723946466,0.6311766294665663,2.1778053966395703,0.3
0.6168364914793244,0.39041828980231774,0.5949973767742257,0.611596727179969,2.5000567986543554,0.3
0.754488279921106,0.2655719089857786,0.5360794539632692,0.594255014268793,2.8284355629261895,0.3
0.6496188592733417,0.34766044567722937,0.6035958878046945,0.6247669008719886,2.303419434280852,0.3
0.7562079170759779,0.251847634107208,0.5685845933015324,0.5856315654896428,3.022013428123478,0.3
0.6160330904268613,0.37627874933678584,0.5951572885246029,0.598254560684734,2.7488327029205912,0.3
0.656645317810607,0.3487002512549169,0.551359711432529,0.6112711359224711,2.5031336145901295,0.3
0.6084829379602289,0.3849883071744216,0.5923843022865755,0.5863217124051069,2.986737904644234,0.3
0.6264117279858498,0.37597988077054434,0.6089553297326928,0.6242171790729814,2.308412708635119,0.3
0.6460230926790289,0.34839465178373863,0.5608424908317364,0.6018397107035521,2.6797723592038714,0.3
0.6361181732917645,0.399549591658098,0.6125958311325534,0.6711917155346172,1.7008594353470983,0.3
0.7021989048919676,0.36461654205605437,0.512668891092438,0.6416890772297258,2.030263614252758,0.3
0.711753133821193,0.35766512629827574,0.5282065993413162,0.6527585430121725,1.891381175687295,0.3
0.6152064903868045,0.38447995078884045,0.6045369121411939,0.6078707777661061,2.5747099455205764,0.3
0.7708417605207013,0.33798004947665516,0.4089270947476582,0.5815193523876222,3.0251405419029602,0.3
0.6316518963156242,0.3633146858416482,0.5958270395554772,0.6130914273170547,2.4887272629725086,0.3
0.7937897604846742,0.35770629088670186,0.43699142224731186,0.6399438495165364,2.037192395314843,0.3
0.6837552561322879,0.3111082504356657,0.5862940868624952,0.6111268761383899,2.5228321069669404,0.3
0.8774732806510697,0.34109762846231034,0.3794200056039365,0.626631871785575,2.201566476346536,0.3
0.8141797951750097,0.2864388912416457,0.43135441041429773,0.5875891208184507,2.907707579226681,0.3
0.6061618781299472,0.3837008157717721,0.5809080432277708,0.5759575023500527,3.210163741106099,0.3
0.6093905757965334,0.3847209361998213,0.5917314657086101,0.5901366267198643,2.9055433697904594,0.3
0.6225840689213344,0.3613314039671162,0.5928023653927383,0.5921899058208062,2.8695406360304636,0.3
0.7329989397393972,0.2728132134867161,0.5921031081332191,0.6050089865383412,2.639955009608553,0.3
0.6236774460957748,0.3951830226326846,0.592985241285809,0.633450144508768,2.159848987820773,0.3
0.6407984775427283,0.38826807427903015,0.5397425832408931,0.6177630538825073,2.3854816008072777,0.3
0.7556769943694001,0.3031420756008729,0.45129529150987335,0.5807210288138452,3.067488879154546,0.3
0.625003057554224,0.3616123753490693,0.5940119175635,0.5959143160374881,2.7932604171432502,0.3
0.6964973030018744,0.2935071640283986,0.5590146091536607,0.5901088815024689,2.91584488951169,0.3
0.6023898654811829,0.42536762446029175,0.599968722208655,0.6078232153498272,2.5640402460532656,0.3
0.6013792907145328,0.41741110595365505,0.59027561269273,0.5887949719811423,2.923516003965725,0.3
0.6384136934282375,0.34909967841488665,0.5894950779560488,0.6049673625904253,2.6280018893205814,0.3
0.7277604034680336,0.36972518656837927,0.46014546057554895,0.6180913906014572,2.360359722352321,0.3
0.6059448273479829,0.3943483358185881,0.5885003389999184,0.5897000958528178,2.910871483941787,0.3
0.6558215361248044,0.3143469314362527,0.5779847636293827,0.5768489784765085,3.2056374751138006,0.3
0.7230503555311976,0.2818808566271678,0.5325223125449384,0.5847893191884375,3.010981658299252,0.3
0.8705158586659818,0.29764814328173494,0.41450439083731483,0.6231053102274574,2.2774673157798953,0.3
0.6245368819915361,0.35480436590412584,0.5877219849005653,0.5863990434308105,2.989669074234593,0.3
0.6308810677565935,0.3674250157710434,0.5684242436508993,0.606824170869171,2.5840662867149686,0.3
0.7007666575772068,0.28527156732804454,0.5531922421238141,0.5780941834048019,3.179708757093731,0.3
0.6428119926569713,0.35981647310002834,0.6281855430855976,0.6287160091109297,2.247610300967666,0.3
0.6447942595573555,0.37662790759430015,0.6280958796580459,0.6653088226577336,1.7753979496142205,0.3
0.7960690946796729,0.34395029728247767,0.49415237591406247,0.6841379204919593,1.550282053681736,0.3
0.6407860250934347,0.3346132404472339,0.5787355743955348,0.5844715980080702,3.029129192375282,0.3
0.7596763098774127,0.2829956354112781,0.5323283159007803,0.6220533609042748,2.3359176032679394,0.3
0.6996089192576832,0.3024441432592845,0.54145356384138,0.597241553731081,2.7626367504764997,0.3
0.6223968951122751,0.36945441343292573,0.5781532162549834,0.5990792548038156,2.7285359077255027,0.3
0.7208580343042288,0.36373131105053463,0.5077113633006046,0.6514532806491119,1.9032654275077885,0.3
0.6650110916431117,0.3612874041541307,0.5880991496039363,0.6612520796194084,1.814188128807027,0.3
0.6078124226626396,0.40482987828509176,0.5934524132994277,0.6096559139246608,2.5339547967047644,0.3
0.6788358378751134,0.34448147963807774,0.5461326662445032,0.6213676422940928,2.3485819504428265,0.3
0.6024580356601357,0.45151717074538245,0.5993701018010313,0.6199944394920645,2.3554222039203854,0.3
0.639257174396836,0.3566071404751576,0.5973198554835096,0.61903781276488,2.388614702110271,0.3
0.6177766685337094,0.3934627312162286,0.6033628633602659,0.6257298500787474,2.2831484033982745,0.3
0.6009276682729549,0.4209622729115621,0.5878570148265791,0.5819888545582688,3.0652868699713736,0.3
0.7053274091393713,0.3095555108990959,0.5285372045300931,0.6039881306401502,2.6316232081749065,0.3
0.7488218019459875,0.3627799464238295,0.47288045181342786,0.6337699491432546,2.118767518724332,0.3
0.6076983073829288,0.3879091869868697,0.5867742950849324,0.5879260899484516,2.948402306050208,0.3
0.6565979932670305,0.32853887024004114,0.6079539548683381,0.6000625681594319,2.725130762020428,0.3
0.6288836441784876,0.434134148596119,0.5577496537538849,0.634164401843462,2.1301218574842733,0.3
0.6835363017456283,0.3102222787029242,0.5492814509276995,0.5929501823099373,2.855894612279238,0.3
0.7710886725721062,0.3313388417767119,0.46593185458722036,0.6287185664984524,2.2007110493132935,0.3
0.7471985465946783,0.2932793319753876,0.5056119615416652,0.6022444833533499,2.650799530474245,0.3
0.6123780272013027,0.40264684195959954,0.6184366539923571,0.6236361279378236,2.3146669843948193,0.3
0.7259968083557143,0.3295179307612048,0.5007637619259656,0.6226195003819831,2.3059865332027703,0.3
0.6105612628662481,0.4314011413042412,0.5711227080614901,0.620005698021652,2.3519500980167014,0.3
0.6251169800619021,0.36506298212400473,0.6013791045945516,0.6027625289181345,2.6714378947042188,0.3
0.6645184307687207,0.3223438089944968,0.572564898551275,0.5990076286718504,2.7351244599083695,0.3
0.8048959857569844,0.3535830165063616,0.4190272338023893,0.6261408000454246,2.2226020791191616,0.3
0.6691550179045439,0.42783061114598053,0.49613369296339604,0.6252593491716455,2.2523742751730937,0.3
0.7535218941574129,0.3305512723395416,0.49429456425684043,0.6408571692881799,2.0418970266631065,0.3
0.6655973647665346,0.3178478099959582,0.5944961703665685,0.5994100424900618,2.739133564512072,0.3
0.6697613430749298,0.3535790702952747,0.5819949074561066,0.6476256504881132,1.9716611622496822,0.3
0.7546050371636276,0.31257638391998877,0.4678489785610239,0.6012202234613659,2.6679222737676276,0.3
0.7433301958007045,0.2871057063728233,0.5203410674435437,0.6052998989995809,2.6109077078448166,0.3
0.6838060631605708,0.3248430218089634,0.5668980802660719,0.6247055582272512,2.2973770899811408,0.3
0.693371709294857,0.2945959801873614,0.5754097510330449,0.5935901651058432,2.84806650352484,0.3
0.6076460978295889,0.3914494845161622,0.5882504737522833,0.5923897443123731,2.8569264820817186,0.3
0.630672566238538,0.4367356119579064,0.5356796408541308,0.6203632161971319,2.3321331900900524,0.3
0.6359490894852842,0.35386676382373433,0.5737526252389346,0.6017150935923135,2.6801251866394478,0.3
0.7100701948749026,0.36717014778277907,0.5107274619671176,0.6516952205233423,1.9065000427344034,0.3
0.6299304260521635,0.3718218019884201,0.5762416790577531,0.6141592676206236,2.4584527350253236,0.3
0.6714419122904729,0.3281955005810572,0.5596073916543898,0.6098315246506543,2.5339502493173365,0.3
0.6177788547324589,0.39197898221381006,0.5833941475474218,0.6176014539090062,2.4023072424619674,0.3
0.6070260330947821,0.38539069879324417,0.5911253335730424,0.581738440800013,3.0811630153352008,0.3
0.6175258279861964,0.38657066309578864,0.6081034494045005,0.6176541071873898,2.4092270760635817,0.3
0.6015539105205137,0.4117083285849031,0.5881584528604682,0.5828393013608308,3.04809551108352,0.3
0.6708769799271582,0.353344233085922,0.5231911954415273,0.6040232360798881,2.611818908955978,0.3
0.6408288896230653,0.33553174002079034,0.5732981890087592,0.585066755989093,3.01708128687114,0.3
0.622856261669626,0.3517337098939295,0.5931463538992716,0.5773974589478857,3.1897978688881814,0.3
0.6014967170599691,0.40879675890259576,0.5875451481528815,0.5816709628712078,3.076302554509406,0.3
0.7005142066617138,0.3090614775192505,0.5042159852340062,0.5805082920968238,3.0875624763151515,0.3
0.6468920555377242,0.3491374825358204,0.5494662019167325,0.5984343810987267,2.7345638395152676,0.3
0.6176383731976148,0.3627263342327437,0.5762593720107538,0.5793450842104589,3.133363372967604,0.3
0.6579814526600898,0.3408961256923773,0.5707846266716803,0.6158980020449333,2.4350801915303366,0.3
0.656210402299555,0.32971668939192,0.5557007231727139,0.5908522706259078,2.8875756128133996,0.3
0.6255527377777377,0.3712377058870239,0.6049634647592951,0.6147120465571367,2.46031799828517,0.3
0.638757595544596,0.3973660555714176,0.5401716103206085,0.6198332147819785,2.3482377454622996,0.3
0.6635249056590653,0.4260489926362105,0.4995179679507644,0.6219636200616614,2.30012445446698,0.3
0.6384352797606989,0.3427140262911089,0.5930109585170095,0.5946114170223268,2.823593180741168,0.3
0.7283268958973814,0.38842982315995783,0.451017235230394,0.6189907562323002,2.3409423745954068,0.3
0.6156212358562972,0.3670075552294111,0.5805034258920159,0.5820191635605808,3.0760483509211713,0.3
0.6855551745474249,0.3669191541839032,0.5023000152407683,0.6164440800041227,2.394548488105777,0.3
0.7118381421881222,0.41496038411165936,0.4418825139660651,0.599951226170271,2.650725665052388,0.3
0.6596175433269055,0.33328074503383837,0.53851822971763,0.589554696731084,2.9120208872721687,0.3
0.6120763317380716,0.37725910976133203,0.590905597599811,0.5882296298216315,2.946179550606675,0.3
0.7213996759800307,0.3132598456892137,0.5068112929625341,0.6073972164923505,2.5640088201868574,0.3
0.6601620275837734,0.31906069656999325,0.5812778689698066,0.5901388314312882,2.913473126467593,0.3
0.67932766915114,0.3400272404186137,0.5515200341914094,0.6228242564998433,2.311830427640477,0.3
0.6756823972838699,0.33132837141213317,0.5460703336757319,0.6091992586669939,2.5379199426102077,0.3
0.612912846121593,0.3823721124349768,0.5732437484878792,0.5908277209629164,2.8844358327043964,0.3
0.6473848347090095,0.3491646561710303,0.5978602457030693,0.6223253286300693,2.3394166614674323,0.3
0.7552130525744979,0.4027479386585502,0.4213962951351798,0.6132012734524868,2.414495430004252,0.3
0.6090207461946875,0.38519918214680793,0.5886381653654194,0.5887973300242514,2.9302761381562354,0.3
0.6042432265762875,0.40317739662176244,0.5842105058984834,0.590494946341687,2.8918352122720203,0.3
0.6165163843316034,0.3711945605013041,0.5795382178248719,0.5873734854066371,2.957739067017435,0.3
0.7213500775232911,0.34867578793818577,0.4756288572732714,0.6115508304708115,2.470179101952807,0.3
0.6146301259468689,0.40050979628494604,0.6105254211198365,0.6296482052997514,2.2221447678059336,0.3
0.6032103490465239,0.4177807764214303,0.5967176658684423,0.6050462845503163,2.614504202864363,0.3
0.605596093918435,0.39064158669534743,0.589425827926791,0.5836829633967918,3.0386516976364364,0.3
0.7140001707117836,0.39472018136120207,0.45690222661245244,0.6147786403466734,2.405365299245882,0.3
0.6248772546237102,0.3504232590313535,0.5838806559884113,0.5795950166783987,3.1345553497121763,0.3
0.6108788626062278,0.37394126475119394,0.5990174027526632,0.5663509375126419,3.4454346695717497,0.3
0.647991237609402,0.3305688529318588,0.566383433309388,0.5862183340194644,2.992374665977031,0.3
0.6549613593008725,0.3332906298546385,0.6079393798628925,0.6091177290869214,2.5630331433443465,0.3
0.6148323723672303,0.38611153135090925,0.5657598651183131,0.5941408675118466,2.8161459096974193,0.3
0.6147784735722762,0.3663817119626063,0.5647329887716008,0.5707900714289531,3.3236755310606587,0.3
0.6372142790054982,0.35660485651672713,0.5847585759251125,0.6120680344195137,2.500690516906408,0.3
0.7184296738893724,0.32721095830464036,0.48991211928004924,0.603699358037295,2.6272471785409945,0.3
0.6169152197441414,0.36221330625446574,0.5732176592771595,0.5762285217678633,3.2030448293439484,0.3
0.7311141959457477,0.3083506276483485,0.4847201790030734,0.5932598712098255,2.8187209358214522,0.3
0.7200816778506579,0.35206180813977017,0.4413942396043158,0.5810709230457968,3.042588095399327,0.3
0.6678355970620675,0.3417694006321242,0.532318854756147,0.6031927992047313,2.639195313025977,0.3
0.6818018707972684,0.31322169326244065,0.5436812233290256,0.593875219626073,2.830909941625093,0.3
0.6035058154872065,0.40534338732044956,0.5928732960935678,0.5917823181100645,2.8682716584157446,0.3
0.6437105167174167,0.34116132620126666,0.6038094308897878,0.6028028578198545,2.6737473272741963,0.3
0.6487123073367986,0.335993739159434,0.5813869443289607,0.600390260846479,2.7121171653810268,0.3
0.6016211541456329,0.43643559336289395,0.6017880862786616,0.6033434892497465,2.6428376060177814,0.3
0.6132625795315942,0.3685699789409952,0.5673967910817086,0.5737819397940371,3.256597880562247,0.3
0.6244262889955821,0.35678487558167754,0.5496207765985309,0.5731546770943995,3.266273548884456,0.3
0.6263170737755331,0.3650887355560873,0.5817357027413267,0.602684550520762,2.663611246784386,0.3
0.6325052478307782,0.40888641483879046,0.5384952835953485,0.616530305551967,2.39952937527596,0.3
0.6020823058988928,0.43086039445663876,0.6074005397139681,0.6075979185684057,2.569148989716897,0.3
0.6505715707822857,0.34099714754926264,0.581421077577081,0.6102391090826752,2.5330822420804875,0.3
0.6134887740318026,0.36948882519009607,0.5746804130521612,0.5785885310911475,3.1504674879659196,0.3
0.6341321518212575,0.3395417048057623,0.5665929518610021,0.5765110888666451,3.206387244729776,0.3
0.6318430508170912,0.3744989830915488,0.5767868236856368,0.6195740505750191,2.3748925307789746,0.3
0.6280187219495507,0.35483313600568817,0.5465027132324536,0.5750516522249732,3.2210351810627498,0.3
0.6091097246808979,0.42724297241773446,0.6068227416979316,0.6443981763689504,2.0145012141629444,0.3
0.6111486573455657,0.38692449091121955,0.6038485816879394,0.5970497156315432,2.7742361476234105,0.3
0.6026589357277455,0.4102069670437117,0.583144953887862,0.5886833836614539,2.9241699369494887,0.3
0.7172936531441099,0.410937919186383,0.4408755932931694,0.6040693454404407,2.578864881532963,0.3
0.6315227276826012,0.4332720712992705,0.5415492425276536,0.6199306321691117,2.3361210402066748,0.3
0.607815409154297,0.4306461816096088,0.579598154275955,0.6194019492515984,2.3622935820869904,0.3
0.706466088335427,0.4252179128186217,0.4501888101248812,0.6075833907779129,2.5193801637616464,0.3
0.6059788290857123,0.4000708824630805,0.592158950836126,0.5930830517723583,2.8387804535433405,0.3
0.6587543811365142,0.3483899218383353,0.5364573773656701,0.6032189079265455,2.640928807743062,0.3
0.6031046698810185,0.40082428061381814,0.5914241445892594,0.5835278424813394,3.038267350390316,0.3
0.6535849461377831,0.3267065268749691,0.5644625854430546,0.5882494459720264,2.9481074389818303,0.3
0.6291130147475698,0.36551621472190127,0.5744980669963528,0.6050341983215423,2.6187004066780153,0.3
0.6106794120142319,0.382980236947673,0.6017437800192378,0.5904888299061697,2.90274807845816,0.3
0.6390299453307268,0.36251194018540683,0.5522177702090976,0.6028430545040074,2.648897280900698,0.3
0.6257753704367881,0.3500242027581495,0.5845718990287515,0.581186762489192,3.099979162853868,0.3
0.6174066827900411,0.3889226777170448,0.5833462226026509,0.6127786885937138,2.4802382508713694,0.3
0.6103457223238715,0.38300038338105497,0.5795379994941587,0.5875228255298849,2.956801197880403,0.3
0.6353083639459272,0.3505789808965106,0.565941130621701,0.5928999825771907,2.8501049691241147,0.3
0.6449394916475142,0.3533785056870682,0.5276550357016127,0.5842489629920036,3.009787842204011,0.3
0.6047802347836273,0.3858742310834539,0.5810718896750496,0.5733211288469514,3.2688691410124058,0.3
0.6607987808576091,0.3567757226592131,0.5360826876568863,0.6052377612516353,2.5937688938568964,0.3
0.6019427170930639,0.41869791457665506,0.5915088817788042,0.595600351317969,2.7879325063391405,0.3
0.6039789362662761,0.4018749330789244,0.5978937446863635,0.5890634202034438,2.926323501702767,0.3
0.6385686959564664,0.3373742654401058,0.5663241912435061,0.5813237726847971,3.0925158337287777,0.3
0.6320996694035071,0.3804951365497894,0.5524547140475291,0.6101682807524359,2.517928270152717,0.3
0.6107672914043497,0.3773865181685369,0.5975975627908267,0.5823871849046058,3.0748774669158916,0.3
0.6758818257694705,0.3372839749263314,0.5359911372567934,0.6099566183983226,2.521635157323905,0.3
0.6128387227095953,0.36927819651325466,0.5783549202531211,0.5741440573812843,3.249271092983802,0.3
0.687659131739604,0.35410224383814587,0.49806697435773856,0.6042512644356528,2.6019452042663405,0.3
0.6801689403665686,0.34668437654665657,0.512881647519425,0.6063467710173641,2.5785391895728904,0.3
0.620483812374725,0.4224717425822746,0.5443644223594897,0.6069269356749294,2.5603086154275942,0.3
0.6604203803499336,0.3533373765933951,0.5297310612685172,0.6047534002652476,2.6100993764577036,0.3
0.6742388397408298,0.3920148746156314,0.48775951385341887,0.6072429101743905,2.5444280738810123,0.3
0.6206995178831849,0.3716541377361297,0.5911122678390802,0.6023991861519276,2.669727520871488,0.3
0.6194191101401407,0.3676789838173773,0.5913848725149781,0.5934613603610772,2.8445649979179892,0.3
0.6408101663820706,0.3622130890435261,0.5483734676609217,0.6026053877869935,2.656202477795909,0.3
0.6360865526581659,0.34567567684208245,0.5739006089028257,0.5915465292296891,2.8790111135406726,0.3
0.6052963179990666,0.3976565847731724,0.5907370564190301,0.59131139065645,2.8773272387734887,0.3
0.6170132154282539,0.3659103189048717,0.5788656647102942,0.5836613991754778,3.0410509698466996,0.3
0.6275477935212322,0.3810616998910822,0.5565756534875,0.606648206916724,2.5811581743144902,0.3
0.6305217232733358,0.354383172408759,0.5648482504852055,0.5894432550519593,2.9162248491296268,0.3
0.6760548029254384,0.3534624155189812,0.5059570550570383,0.6019074320843358,2.653946202023738,0.3
0.6081764732177547,0.385590509013539,0.5959223444808908,0.5865168814974716,2.9822073365845303,0.3
0.6138676100317363,0.37581035535489715,0.6049477553086225,0.5837562064448358,3.042935681817996,0.3
0.616446158289709,0.38333707170092157,0.5630821573079339,0.5905682582449139,2.881854410772634,0.3
0.6011284870530369,0.41863540722667897,0.5885901432041845,0.5857453442599161,2.985614003122412,0.3
0.6676570443751586,0.35566454265773795,0.5106747255411327,0.5988909028983975,2.7106718200292295,0.3
0.6128623079066929,0.3834482519260186,0.5968353641633224,0.599346433027779,2.727984320580429,0.3
0.6053031337697053,0.3920672266227889,0.5785586928631218,0.578181902978044,3.150851480655922,0.3
0.6019206086915458,0.4171203645470231,0.5956676087800442,0.5946262816870581,2.808914185653057,0.3
0.6686324653645656,0.3615775483948239,0.5149074945648351,0.6074360720554656,2.55289884168252,0.3
0.6368631596369965,0.34842719370519204,0.57809145185107,0.598016144625286,2.7529241253076426,0.3
0.6118527623790471,0.38645894538457554,0.5754902541153967,0.5914860684988976,2.8680608709312096,0.3
0.6070772060913157,0.38385091303555446,0.5807235081669582,0.5786236137408097,3.1503081968899758,0.3
0.6248521163959869,0.3797938942295901,0.5688233995861869,0.6097840065044804,2.5299226564474018,0.3
0.6642141983258967,0.3941041205536726,0.49739196563645416,0.6071180196443847,2.5479228463004566,0.3
0.6163141538749707,0.3729556516392099,0.5917115564602318,0.5931671629782138,2.845370744355507,0.3
0.6036459122891514,0.40172163624423896,0.5922372928623636,0.5885529104607021,2.9336246996867272,0.3
0.6204894593578594,0.3658380860804347,0.5735197872890506,0.5885884627353507,2.933333699426944,0.3
0.6403315716671567,0.35464545745781706,0.5496036812202193,0.5953807612833786,2.7915845236505588,0.3
0.6039953742221355,0.40411759988497253,0.595286815559707,0.5934693309595929,2.834952399834126,0.3
0.6210884086340299,0.3764608513844273,0.5733709047493847,0.6015442950333395,2.6774507275532575,0.3
0.6139110907900991,0.3772738174667411,0.5982388275868656,0.5934913661237139,2.8425557489769298,0.3
0.6106223737517351,0.40740001354023164,0.5743083669921139,0.6086003803796138,2.546099934036279,0.3
0.65097159287335,0.3495699416757102,0.5437391736817568,0.599932045245354,2.7070935276405463,0.3
0.6012537235526412,0.4195252451939466,0.5933570888992291,0.5888962521623966,2.9217602095247535,0.3
0.6115332653563732,0.38817887416493224,0.598075344582889,0.6007211468287375,2.702826378114701,0.3
0.6251561666136193,0.3491640713097097,0.5874438370451414,0.5791173926650361,3.1494595863442902,0.3
0.6271402789781179,0.3506520179075854,0.5772004488386476,0.5837174511757901,3.042567111490765,0.3
0.612335396957001,0.3725620351210736,0.5879033355441827,0.5822183858544813,3.0747310805794004,0.3
0.6275164391702371,0.35476671334502186,0.5845651219856942,0.5918846242158236,2.8756786589692194,0.3
0.6145635403048402,0.36557242298701687,0.5734613787261836,0.5758275988703768,3.2129654622556783,0.3
0.6031759850382561,0.4259169972999636,0.6134796023801442,0.6037520219047408,2.640918276702339,0.3
0.6025167887883865,0.4131311842059299,0.5946769386174391,0.5949473078812374,2.8038561250654404,0.3
0.6085014937448,0.38847073374252705,0.588631219085743,0.5916780729382775,2.8724156206621885,0.3
0.6207441694451941,0.4145766037679856,0.5513908757139261,0.6134466675268024,2.455989331354774,0.3
0.6167883513246293,0.3773268115575477,0.5974200746612093,0.6018642184618999,2.6820826613082587,0.3
0.6644557183879933,0.35889652178658477,0.4986955638093221,0.5867715041767473,2.943021087243975,0.3
0.6123958861046016,0.37043916443130454,0.5803745753100901,0.5785634574574094,3.1535293396700164,0.3
0.6100751295099573,0.3735159598696495,0.5851825625310298,0.5766199516533579,3.198741832202872,0.3
0.6008820989241688,0.4126110592533855,0.5873814738475606,0.5777127768944702,3.1629293282072624,0.3
0.6180717855375577,0.36514760734246504,0.590781471698169,0.5870379407963362,2.974425441869807,0.3
0.6121288171314451,0.38481323895489083,0.5623270824488256,0.5844403741623013,3.01410310490305,0.3
0.6022819450682839,0.4089687945682765,0.5856307673405386,0.582081216096423,3.0695987891261782,0.3
0.6208327929279905,0.3675335254898128,0.5826844461548539,0.5952102929249797,2.8048300573168663,0.3
0.6040118526713633,0.3925206950646852,0.5757828794269857,0.5759117405461788,3.2049272254963292,0.3
0.6037894968737605,0.39734226233294473,0.5812015983861734,0.5818054030778708,3.074756402206704,0.3
0.6034452117142207,0.39584997119108556,0.5844480225969173,0.5792492169190034,3.130830553880199,0.3
0.6529617858088853,0.3773584178648218,0.5124934687568738,0.5996566506679158,2.6918388387423104,0.3
0.6016020290471508,0.4269419937054939,0.5978073250960311,0.6006784013816664,2.691817844901784,0.3
0.6013438254844409,0.4320029223331188,0.5964954729919703,0.5930166424509855,2.8365036984986283,0.3
0.6011719478928904,0.42707465503421305,0.5934062056196212,0.5912978343635293,2.871151418045376,0.3
0.6118568247183686,0.3783823820126235,0.5718931212838257,0.5832183295978906,3.0433709603280104,0.3
0.6018473648981623,0.4147319681525641,0.5842326693024973,0.587983156090367,2.9384708500658228,0.3
0.6049329817628794,0.3956344299787951,0.5872456883128412,0.5868456116092087,2.969164573544923,0.3
0.601150389236662,0.4098964731111173,0.5857175090413206,0.5790491662540637,3.1330074426693155,0.3
0.601030253223718,0.42169329278470224,0.5901229136662967,0.5859974679116756,2.9804432711378133,0.3
0.6079636961794411,0.419051731796809,0.5880788425124198,0.6131660749453482,2.4658791676260745,0.3
0.6055397475785869,0.4175444209862646,0.5731277322356221,0.5969855981208863,2.7529370402513123,0.3
0.6028521708571823,0.40632472359452937,0.5875621945758066,0.5884533945059096,2.933395364825148,0.3
0.6223798251581489,0.3558250683538971,0.5912053922965889,0.5831792471163234,3.0587409807886923,0.3
0.6099187847144679,0.382301227572591,0.5873512220745831,0.5879359129955982,2.9487782181203266,0.3
0.6013501688797733,0.4228530468740459,0.5916022641112432,0.5926957919815999,2.844107091663097,0.3
0.6038090633275575,0.39175993055189,0.5832971538391045,0.5759140607291419,3.21020910971058,0.3
0.628362147226642,0.4046769232878767,0.5384423739830173,0.6014665654805177,2.6549204903665142,0.3
0.6040342904310293,0.3906830769055215,0.5813245423798786,0.5760322732036317,3.20529554300209,0.3
0.6310477817036908,0.4217467888797478,0.5231832100641877,0.5961683517051823,2.745824524456224,0.3
0.6052381433870093,0.39627506612662705,0.5838934273453968,0.5871740074924978,2.962201196585041,0.3
0.6013864278781291,0.40575790771251613,0.5808859523396123,0.5733073130292272,3.2664074167348818,0.3
0.6276910131726836,0.38627595983690877,0.5530242903522986,0.6063665176499556,2.5792000710787044,0.3
0.6135620652287803,0.36430414230869523,0.5843521436268367,0.573401142299777,3.2774098248842005,0.3
0.6022132760370167,0.40496718445593366,0.5892549411363842,0.5834331146794367,3.0397880203637033,0.3
0.6107417435984881,0.3698697779098173,0.5860300805550978,0.5734195530510671,3.27522144274995,0.3
0.6201668427781533,0.35903406828662265,0.5784421683522112,0.5815077536277681,3.090001559172619,0.3
0.6170890330778714,0.37199967742145656,0.5730862851112695,0.588871069107496,2.926789356574566,0.3
0.6013843960036139,0.41704900048583293,0.5932302404557019,0.5882351590775357,2.9356997535777216,0.3
0.6354761435172316,0.37375430748830285,0.529261094533235,0.5897805456740407,2.8921844364275455,0.3
0.6011222918895288,0.40680142047951423,0.5856009156022477,0.5757605814224683,3.2079919376526846,0.3
0.602470589694188,0.39926411640753023,0.5859877947232945,0.578469180417798,3.149392233401685,0.3
0.6086273130655043,0.3893943911986059,0.575713763194095,0.5881225256580059,2.938789741544702,0.3
0.6317101536247834,0.36137563872756534,0.5496115363656044,0.5896532249755302,2.904091502967016,0.3
0.6147640988796823,0.3710282941141883,0.5708468571542186,0.5817765856746901,3.0772611856640815,0.3
0.6010743273368346,0.4209268097451102,0.5922049089698095,0.5865700634871361,2.9692612863646106,0.3
0.6069534766914111,0.38316184780612317,0.5898378404706102,0.5773783981719134,3.182877172890403,0.3
0.6219097175128644,0.3534852767364369,0.5687868780286952,0.5749598345775776,3.235903949495547,0.3
0.6026594748793269,0.40539203542501867,0.5899455643328283,0.5868370126201451,2.968033066163935,0.3
0.6016158699123099,0.41701141034895095,0.5902229892882616,0.5876080279694369,2.9461240626720855,0.3
0.6032142922565807,0.39380776110075755,0.5829474086923631,0.5759301994050928,3.2080497250062616,0.3
0.6222698395735793,0.38278937389632567,0.5578693270129546,0.5998324203245637,2.705830842030903,0.3
0.6061955107402003,0.3973405356090116,0.6040770435451017,0.5924359899332017,2.860190775105949,0.3
0.6014543241065122,0.40603053308540693,0.5883899775025234,0.5783357050937724,3.1511851860030546,0.3
0.6143872996375763,0.36909735934541754,0.5799138207842127,0.581468191901126,3.087086262536189,0.3
0.6408015938864081,0.376420086870596,0.5211958300253241,0.5914548474452026,2.8527140186966347,0.3
0.6010867464849577,0.40909766514630214,0.5883503876745549,0.5773814669963522,3.1716154041221922,0.3
0.6051765830461576,0.3942585735082067,0.5931649088615379,0.5863490896453083,2.981300916227457,0.3
0.608823537348023,0.383197731294389,0.5858396968637882,0.5853403212415471,3.0045515692030365,0.3
0.6011418698129519,0.4121191327993129,0.5891145679679896,0.5810328684912207,3.0893299088688218,0.3
0.6005936519827917,0.4123072048618822,0.5822495632555592,0.570717372115177,3.324105259073538,0.3
0.6051437483449195,0.40462306482803934,0.5857977418772587,0.5965983975876521,2.769394235601514,0.3
0.6113078260071311,0.4022929396041836,0.5541824607588208,0.5878647142372588,2.9317566091746383,0.3
0.6015859313864246,0.41258712503501044,0.5929926844638164,0.5861596568032225,2.9803106172669747,0.3
0.6062590241881255,0.3870770764872579,0.5919315514911436,0.5812957244089577,3.0915665942328716,0.3
0.6346376556498338,0.3640590899799999,0.5392407533196528,0.5889751728779389,2.9154471863981986,0.3
0.6065191129479949,0.42785992923401406,0.5703213573002935,0.6030430650676986,2.6382773698107007,0.3
0.6136035625413367,0.38322602310682,0.5816737617698721,0.5970638815342659,2.763518595668585,0.3
0.6386314015992867,0.36095315307884646,0.5407553157677806,0.5927563249976961,2.8378492604643375,0.3
0.6009506005899826,0.42193232870335284,0.5895365001243649,0.5829595755597811,3.044787562393115,0.3
0.6016918911357307,0.40674115298812685,0.5901606229207125,0.5806359352948178,3.099491232837453,0.3
0.6048964873258391,0.3898232448790688,0.5860751356604457,0.5794457870269945,3.129765405839774,0.3
0.6064071372090865,0.39182680614226534,0.5955251361681545,0.5884118724953092,2.9406320646535287,0.3
0.6008967620592123,0.42123051592224714,0.5879583103759205,0.5795010492663812,3.1200926241305655,0.3
0.617591318534507,0.36729697947116835,0.5709011553928013,0.5835943304606989,3.0401470985480312,0.3
0.6227908915205387,0.3725448047074787,0.5436524933195251,0.5811537699636259,3.0791581216443826,0.3
0.6043375097745273,0.3871964077299338,0.5846822763116942,0.57344751179201,3.2686852325176354,0.3
0.6281097077668096,0.36689877625194506,0.54383052468155,0.5849094408448112,2.998533602813814,0.3
0.6159877633517609,0.3945058281000363,0.5479358958338149,0.5879517406220575,2.9325855429664647,0.3
0.6220583851535073,0.3653407722686353,0.5470595078151319,0.5761388646331379,3.194857591380496,0.3
0.6007670203138734,0.4143462762243236,0.5869896164668926,0.5761974112031153,3.196825226972741,0.3
0.6021667600049865,0.4075043333765234,0.5880707226822549,0.5857356480416333,2.9891507174305407,0.3
0.6170142910825515,0.4082304802311368,0.5382458010368284,0.5865595559541551,2.9521456416529652,0.3
0.6078147314750083,0.37490706283172687,0.5792704981415234,0.5699739823920443,3.350553689111824,0.3
0.6248946200957681,0.36521412559384814,0.5460328227012312,0.5801145613577849,3.106757475639862,0.3
0.6286162977325614,0.37571750393605535,0.5297827729732572,0.5813498636730596,3.068696394427148,0.3
0.6021869281442042,0.3985524673091007,0.5845399214075067,0.5756522868418981,3.212580760645846,0.3
0.6014192147509663,0.4032896637201679,0.5892770895855723,0.5735529349350781,3.2633481112653313,0.3
0.6065615565866715,0.3826447083318199,0.5835340216417562,0.5767978535902964,3.1909668101000674,0.3
0.6217439652238911,0.3781775719198401,0.5475589879711265,0.5865014161904518,2.962977732602671,0.3
0.6219553756193738,0.3981244408479129,0.5333702938374014,0.5866797673676617,2.9490950644589815,0.3
0.6191014200164192,0.3703322373877347,0.5514224396004735,0.578516646731728,3.142448093687333,0.3
0.6029377341456853,0.39401018638590435,0.5847640587968151,0.5749644420446866,3.230345739174113,0.3
0.6087121957865741,0.38410199922288746,0.5935084458398523,0.5867268704156792,2.9763234281770905,0.3
0.6052796090986207,0.38092804367917266,0.5783585829082937,0.5691394572881686,3.3706531748085906,0.3
0.6046760666111745,0.3979715517803582,0.5905084476305318,0.5889834170201483,2.925518930671647,0.3
0.6115649617678416,0.3886404487369747,0.5592597318902282,0.5841231217929149,3.01807118815445,0.3
0.6006485733600051,0.4148021076463821,0.5834252801241789,0.5719136269932658,3.2949728494025274,0.3
0.6163291553138779,0.39015473855604504,0.5413383146765972,0.5797024122944032,3.1069441383781977,0.3
0.6091073287333431,0.4125405588383586,0.5603305704089724,0.5877515241741866,2.929484650915517,0.3
0.6020542088079263,0.39365063010616996,0.5780688042476829,0.5683062509531714,3.3860027728187463,0.3
0.6080369733755392,0.37815482598739597,0.5837840919162035,0.5761971382308554,3.20635318765547,0.3
0.601619798812506,0.40173193638273386,0.5919929109455975,0.5711456159803526,3.3213414706105793,0.3
0.6181689165263878,0.3822334284348986,0.5448647470327215,0.5812857262583979,3.073862801245448,0.3
0.6059161649316767,0.38331874604129146,0.5791895964656518,0.573604823968314,3.2653315487713797,0.3
0.6015720351012277,0.3978947406660932,0.5856866554628217,0.569918855209378,3.3502191457577646,0.3
0.6049963606314076,0.3827800361035106,0.5828819839253768,0.5707333125320179,3.333246826121095,0.3
0.6039759008408246,0.38781312729725703,0.5829623764779208,0.5725902742027401,3.2871918121782366,0.3
0.6121335829524304,0.4075288132347422,0.5451847730360624,0.5825780746817942,3.0402184438409,0.3
0.6183066830695417,0.3840862998108419,0.5388907188086319,0.577495742050359,3.1553095066112644,0.3
0.6005334004565387,0.4099871243996364,0.5809814479133306,0.5686674575383572,3.3739444795078,0.3
0.6007399024519234,0.4103441410217757,0.5781634850624651,0.5708684841960346,3.319178104447771,0.3
0.6168980798305669,0.37602656455179756,0.5484111167617293,0.5770369957316551,3.1727881715886053,0.3
0.60065871873695,0.41252296762712815,0.5847381254193218,0.5728544167129783,3.273862989365947,0.3
0.600889463817158,0.4194961351716987,0.5897704747010675,0.5789856902581199,3.13275967039066,0.3
0.6007799159763341,0.4140214695551181,0.5815734194646333,0.5731406112147965,3.2666766329970196,0.3
0.6009142223042574,0.41624524420929265,0.5899033825267934,0.574758715120435,3.231402793260317,0.3
0.6078054096515799,0.41252874483520235,0.5550902094762595,0.583331275193446,3.026671029149093,0.3
0.6006499453559596,0.40734424752598547,0.5843732277743416,0.5696432145131094,3.352549735501767,0.3
0.6021110736286177,0.3995216439035268,0.5749653739955857,0.5728833148711673,3.2735017051373045,0.3
0.6061565135475585,0.3871817871611607,0.5849847820548102,0.5811574967657059,3.092200516423075,0.3
0.6006923188429452,0.4115424662581169,0.5835425067735386,0.5733786381450251,3.2615345816436068,0.3
0.6009288343773561,0.4038993532448403,0.5829699152943864,0.5708069636590463,3.3253731104776665,0.3
0.6033063370023128,0.3979420695413696,0.5751343015106533,0.5774348084223503,3.169202485753271,0.3
0.6169446068084563,0.3916352407153697,0.5380076665883202,0.5784994858882713,3.130479739239911,0.3
0.6014908154506692,0.40024196802910234,0.5875968010421031,0.5714692103905483,3.311615582150998,0.3
0.6124336016811207,0.3901825733101788,0.5513906525162539,0.5806561067444624,3.088480542004364,0.3
0.6013979198069564,0.41017078009299157,0.5792958949228799,0.5783244868516846,3.1468646352701874,0.3
0.603457976193357,0.38739769552654973,0.5773622574816533,0.5688879570083493,3.37447020973389,0.3
0.6038999571717512,0.39545271660346254,0.5859384187536657,0.5817546360345573,3.077154245214513,0.3
0.6012991794027379,0.3995112227108726,0.583276947635835,0.5697981931742301,3.3516550627095256,0.3
0.6172038841014102,0.3834239028624562,0.5480804720554324,0.5829630628875867,3.038099820295879,0.3
0.6058655014464943,0.3857870639226566,0.583249413655481,0.5780880045314228,3.160694481552455,0.3
0.6023439534809781,0.3941702523176859,0.5834799449817245,0.5713406514107553,3.3163445537427516,0.3
0.600787166098131,0.4068779300181355,0.5851250063225003,0.5714266731389928,3.3103837725017726,0.3
0.601507893260518,0.4006874920409693,0.5911029659279595,0.5674439945931458,3.4109541037735474,0.3
0.6104336194509108,0.3953744678553665,0.5541792703064677,0.5800733760394367,3.098076195386094,0.3
0.6064915185297894,0.38755425656951714,0.5692223833500439,0.5764755202873268,3.1903697354277596,0.3
0.6011996152440524,0.39851483686749245,0.5854273841762077,0.567168146825232,3.416989067310704,0.3
0.6014239389171929,0.40764122600442926,0.5933756168477152,0.5759177330940186,3.2074077233058436,0.3
0.6033674063858687,0.403228234925754,0.5773388992104025,0.5832893379596485,3.039297801768722,0.3
0.6014853607826773,0.4015252067177562,0.5785261496697378,0.5709638022636406,3.317976236187034,0.3
0.6004746769154812,0.4100431223399636,0.5813660712602648,0.566383610064394,3.4305480437715112,0.3
0.6035181143366745,0.38888261236778165,0.5829572621336154,0.5716936419832069,3.308635505008674,0.3
0.6005579104989743,0.41097890142219307,0.5827514632233529,0.5695859548135056,3.3518351433521625,0.3
0.6058792539991943,0.3810462297334014,0.5795248861733001,0.5716777608534888,3.31029460262856,0.3
0.6093719769710252,0.39022842895091114,0.5550315216639219,0.5764257865248842,3.185416052243564,0.3
0.6006099383466511,0.4099423241921088,0.583496117641224,0.5707435096340931,3.324517752523025,0.3
0.6006462833201471,0.4131033430666061,0.5829431698415531,0.5725307129662963,3.2807339144538163,0.3
0.6017827699658109,0.39494245112097504,0.5831119306014184,0.5679540868149722,3.3989068689562947,0.3
0.6079227576636447,0.37919778278691585,0.5816394381646385,0.5768601224098658,3.1895332951642854,0.3
0.6093739827173953,0.3978407452530912,0.5501298940148869,0.5763631128006567,3.182027239349094,0.3
0.6045977339586789,0.3946906605332566,0.5758913868253984,0.5803070513654959,3.105166185103314,0.3
0.6007680308155582,0.4044515769339285,0.5830481227837342,0.5694381724080324,3.3579542640396354,0.3
0.6157640166391714,0.390004110647694,0.5379495704786125,0.5750727594074484,3.209773988423116,0.3
0.6006092754664278,0.41349571717691336,0.5830569989146929,0.5709574920789176,3.318291979181479,0.3
0.6014788095542039,0.4033957362187861,0.5855153585440471,0.5758307674576454,3.20762542527506,0.3
0.6004988906939132,0.4091248949123748,0.5817898792810502,0.567539492468794,3.4025516335014507,0.3
0.6005406338816324,0.41096438227914184,0.582247858860984,0.5690297149917266,3.365402952595863,0.3
0.6008929692079478,0.40055161554925195,0.5816941502692698,0.5672871838457237,3.411507106885782,0.3
0.6035920432819347,0.3884762175973312,0.5843591715022813,0.5713489966524274,3.3182716391441813,0.3
0.6037789500003822,0.39508991435412305,0.5620627963805568,0.5680741822026303,3.3852827058745567,0.3
0.6051149735119504,0.389289817425542,0.571263191093878,0.5743645772799484,3.238700718082994,0.3
0.6020931905991344,0.39162131037541054,0.5811046386219726,0.566494807214185,3.4352515620330553,0.3
0.60627628624011,0.38986988712266246,0.5622196305837401,0.5732010767970285,3.2633062361193717,0.3
0.6058593434504602,0.3830666806701629,0.5765170989880108,0.5732849609566314,3.2696110177952526,0.3
0.6013823080814467,0.3954961684127307,0.5764962787299591,0.5657366138922719,3.4496086370114134,0.3
0.6090091937266591,0.3889955879377982,0.5519007021093524,0.5719166126066219,3.289808796590747,0.3
0.6048650136413012,0.385793371119513,0.5811488328375646,0.5738171938613681,3.2582441159196116,0.3
0.6005381441626175,0.4096291075263203,0.5824791561279973,0.5687054703584903,3.3735412718629862,0.3
0.6005635555701581,0.4109343702571909,0.5816698083115293,0.5697441806544796,3.347745165837705,0.3
0.6005731042566955,0.41065120811392447,0.5826142565689988,0.569882988605245,3.3452125214952,0.3
0.6006301270459176,0.4146422423011378,0.5812132143535081,0.5682613313948874,3.382391875281532,0.3
0.6004298599772276,0.40734318015941223,0.5798213497523378,0.5652692175833964,3.4588625876041905,0.3
0.6005600019476525,0.4079167310716712,0.58089864271647,0.5684958223814992,3.3784997056309147,0.3
0.6005598276835296,0.41117033294928884,0.5826762903211453,0.5696567340879094,3.3503480947240316,0.3
0.6004226658899884,0.40661013674684465,0.5783775066257886,0.5646219656880104,3.4749492476927086,0.3
0.6012250316247404,0.4000818972577328,0.5854558741283706,0.5695197847788468,3.3586134065088413,0.3
0.6007737110497716,0.4174974389271091,0.5858018609827013,0.5764302814150097,3.1901403871740777,0.3
0.6005745785285417,0.4110515397700516,0.5825331799349472,0.5701392389955152,3.3382486667654097,0.3
0.6005740586495577,0.41153738970136844,0.5805463779419863,0.5694701540797458,3.3534338018421517,0.3
0.6013062783435603,0.39787338231841035,0.5866811748947925,0.5659205706402692,3.449858574164362,0.3
0.6005305003289502,0.4059871031940163,0.5810293492598709,0.5669617073857492,3.417677694301066,0.3
0.6017707491428972,0.40901594201418107,0.5967925030615794,0.5711775766816554,3.3204695228191907,0.3
0.603380311938242,0.407382499847921,0.5612920294001591,0.5709548402365299,3.311769221701961,0.3
0.6004778094103381,0.40458531432279493,0.5802055904204503,0.565114851072475,3.4637900948427127,0.3
0.6005921972968495,0.40729746603727934,0.5822415129907584,0.568230214202124,3.3853172814512957,0.3
0.6004788296359673,0.4095059611624353,0.5812672123492136,0.566906520326062,3.417827061135915,0.3
0.6025698206367007,0.3954108909042821,0.5739920157401389,0.5713471981321262,3.3107353530053,0.3
0.6004857776563921,0.4100745182450713,0.5804072234418743,0.566678359624618,3.4232317624606954,0.3
0.601175796497682,0.399680269015204,0.5820841033276889,0.5691003899953845,3.3677419550848766,0.3
0.602241198009501,0.40334531407211943,0.5678502921423791,0.5706211202368083,3.3223581339556794,0.3
0.6011701424391355,0.3973154498819202,0.5793839796346855,0.5665308427562127,3.430275793385127,0.3
0.6005514897531815,0.40758993455129683,0.5825216762287116,0.5680535279479596,3.390134816482361,0.3
0.6006235683793313,0.4033347466122362,0.5808058082293099,0.5664765856101112,3.4300158281071242,0.3
0.6031811904425779,0.4017139124255847,0.5710840045039224,0.5771250556345597,3.1724703727061074,0.3
0.6004126427795132,0.4077642745612801,0.579884747176682,0.5647335965534879,3.4723011130132266,0.3
0.6010455298730173,0.4073061540727708,0.5743524835923213,0.5700394978155044,3.3381287271854694,0.3
0.6004568840749528,0.4088064082436653,0.5804337635528936,0.566202765227465,3.4350672802588558,0.3
0.6004380654631727,0.40736435168737956,0.5798242608460172,0.5655015163252032,3.453051205032074,0.3
0.6026111464160194,0.39259082243329774,0.5838719252534378,0.5713186674207519,3.31680087732833,0.3
0.6005141283457432,0.4032274589478917,0.5809770481413293,0.5646920844294664,3.475558756804417,0.3
0.6032173921380838,0.38796725349246325,0.5779970069973976,0.5685414514956088,3.382806405323702,0.3
0.6004203248048012,0.4053765516506418,0.579592860258992,0.564365789523468,3.4825608883879084,0.3
0.6003817215691053,0.4062894271274502,0.5786965225761234,0.5636312943082946,3.500508106499267,0.3
0.600637836226105,0.4107514404457749,0.5838775671885896,0.571750152921864,3.3006723538148384,0.3
0.602052874511162,0.39497881182397715,0.5824975768939562,0.5706725535541914,3.330689920676904,0.3
0.6004805306969686,0.40787343251294256,0.5813027267005325,0.5667922885699505,3.4211194777281286,0.3
0.6027158999386162,0.3954671306088369,0.5682996887430539,0.5686135674192184,3.3742089735820544,0.3
0.6004258996677851,0.40778764366442355,0.5803830991231165,0.565149519307414,3.462133828194637,0.3
0.6004361397287319,0.40841369609656447,0.5806879361046425,0.5653223027292493,3.457829368291566,0.3
0.600407213608026,0.40646495129460036,0.5788218020276533,0.5643385856078983,3.4824867229631975,0.3
0.6015760887466086,0.4062748602122583,0.5703851664174172,0.5702894475683383,3.33113921718714,0.3
0.6004386525419356,0.4067049349021879,0.5796322391555205,0.5653144645491022,3.457781524808386,0.3
0.6009769102708659,0.4035389998244216,0.5787591327787684,0.5694003619792432,3.3584922984931995,0.3
0.6012254075623443,0.39854635667314625,0.5778322494952466,0.5677505262024054,3.399250491702434,0.3
0.6014584168350973,0.40095793379465605,0.5710312302865115,0.5674421605356647,3.402824270478881,0.3
0.6004414085607834,0.40801284905777446,0.5798035335888673,0.5655839689095769,3.4504685349991346,0.3
0.6005354309614431,0.4091697630813876,0.5824468783871396,0.5684149605396474,3.380722975077554,0.3
0.6022022992451961,0.39174558065153936,0.5803995203869959,0.5677368000608612,3.4023009628943424,0.3
0.6004438683222553,0.40266836737785644,0.5801155487452898,0.5631283392343932,3.5153722271641,0.3
0.600991823776864,0.40776970592293116,0.5737713960454076,0.5692380460046937,3.3574591268050415,0.3
0.6003843139033074,0.40639296659226776,0.5797571599913661,0.5637267570676283,3.498491266336551,0.3
0.6005106413953915,0.40489303307943125,0.5800558770757557,0.5658812309962759,3.4446556078653203,0.3
0.6020602669541687,0.3929603613008191,0.5736838702327544,0.5664575195938829,3.431126969778377,0.3
0.6004389951377236,0.40845081885474926,0.5807123070198973,0.5655277341499577,3.452255681972944,0.3
0.6007848167036848,0.40524185795641926,0.5864086419364114,0.5686987574956914,3.3771235585409007,0.3
0.6020949979688464,0.395499372776893,0.57364850371315,0.56860757992971,3.3760895967480296,0.3
0.6010902084820315,0.402998582660298,0.5785890288299527,0.570613206727794,3.3282938818165455,0.3
0.6016943687824091,0.4008033522467103,0.5750590525208051,0.571425140839947,3.3071478189545074,0.3
0.6004265631706608,0.40381727222094577,0.5782920354203883,0.563516429162383,3.5044023052113316,0.3
0.6006830289664918,0.4027275597787745,0.5784859397072819,0.5664816348187488,3.429332315960989,0.3
0.6016896164594093,0.40249438404430005,0.566736780835815,0.5659881890683697,3.436395132487378,0.3
0.600999120817328,0.398183879533846,0.5812676763687935,0.5659183481059151,3.446085620035918,0.3
0.601524254985439,0.39608092592198535,0.5809212048675623,0.5680473082054427,3.3933035243038456,0.3
0.6004712304196723,0.40231420381752575,0.5808557670700217,0.5631009938074889,3.5163118298386253,0.3
0.600582498336916,0.40545807565969505,0.5797594356696593,0.5673706431755327,3.4070045636147857,0.3
0.6005797214134247,0.40183119801273887,0.578863674635465,0.5646467921383244,3.4761450632463293,0.3
0.6006483092672548,0.39906372381680355,0.578215779331244,0.5631097955569637,3.5160614702850523,0.3
0.6005251162341505,0.40847649502808026,0.5819115616500878,0.5681475744652967,3.38757508211839,0.3
0.6004355808205374,0.4024546788167316,0.5791245542463527,0.5628741548238757,3.5211274014522527,0.3
0.600658944682505,0.4010874079170096,0.5796281423689067,0.5649883187243112,3.4685334328248705,0.3
0.6009894669394086,0.39648514887860636,0.5787916312288748,0.5640718756426091,3.4923150831536103,0.3
0.6003706373545459,0.40654043174208954,0.5791325215015047,0.5633403793769417,3.508071770883166,0.3
0.6008149670459854,0.4024984046329023,0.5848981784285304,0.5670340668980047,3.4180429885134846,0.3
0.6004197739190419,0.4067449154094549,0.5817879639464157,0.5637331643878822,3.4991788147811986,0.3
0.600388803457712,0.40736324561476894,0.578736739479358,0.563806389641275,3.495741485145968,0.3
0.6004178917554224,0.40763553478863795,0.5804868564502554,0.5647945970103747,3.471280146351474,0.3
0.6005280180279104,0.4025486180538773,0.5800497977343215,0.5645029899784157,3.4802721733917834,0.3
0.6004738104156854,0.4048036637672601,0.579253502421941,0.5651352424597473,3.4629394788197363,0.3
0.6005237808839257,0.4070327800686329,0.5807995406254051,0.5673566122944821,3.406886312110561,0.3
0.6012260713035414,0.4041221434319817,0.569733311599701,0.5661268693257915,3.4333047688637213,0.3
0.6011229770656674,0.3986123622060671,0.5798340670609391,0.5674769337307382,3.4065264619759894,0.3
0.6004077403472868,0.40697239333081625,0.5806614560984313,0.564346991800855,3.482752955338383,0.3
0.6008800489169317,0.4063453353650874,0.5740876901317524,0.5679357198211452,3.390045885397135,0.3
0.6004272062807845,0.4093397240835172,0.5795215087780872,0.5636752813417952,3.498146700479,0.3
0.6014064469475,0.3966595689139628,0.58306281379414,0.5677692415364061,3.4014201004669227,0.3
0.600377500764901,0.40660011159946097,0.5794480962546298,0.5635567907211922,3.5025388681596246,0.3
0.6004461386893596,0.4039890570207174,0.5794177040665517,0.5641297890273234,3.488601956842244,0.3
0.6003678959186368,0.40611100491226737,0.5780588007500848,0.5630486723681094,3.5153933110534834,0.3
0.6003730994078145,0.4056400912121813,0.5788082488225057,0.563300767642828,3.50918854361285,0.3
0.6003867267378031,0.4044057707381652,0.5783241833226189,0.5631288937792395,3.513959743705965,0.3
0.600465172014878,0.40523511229279086,0.5808995784864701,0.5651930199936561,3.462060626973517,0.3
0.6004234679140051,0.4076254246021751,0.5782547369764729,0.5645506879864064,3.475976760949292,0.3
0.6004157054513721,0.4077819199703879,0.5804401979198061,0.5644165892157216,3.480246805804911,0.3
0.6003868556116587,0.406520762075862,0.5798209359088679,0.563818012508168,3.496123932140065,0.3
0.6005608583738706,0.40321572456480476,0.5782851497255205,0.5652629066632417,3.459689176016019,0.3
0.6005099853007938,0.405941869402121,0.5826070313611981,0.5658687412341128,3.445897206598693,0.3
0.6004120485764172,0.4048459373257708,0.5805624905843343,0.5635334444059817,3.5047195695770745,0.3
0.6005190948683148,0.40643876935105844,0.5754606119615101,0.5646430030480519,3.4731390664555932,0.3
0.600400684172273,0.40534476052453416,0.5783274361604381,0.5637743252820918,3.4970711752056807,0.3
0.6004001932000357,0.4066949404118596,0.5792217940662059,0.5642690910679051,3.484310753979077,0.3
0.6004308751457899,0.4052376900087151,0.5795034030926163,0.5645205526854082,3.4782716019988196,0.3
0.600551751805814,0.4055732674189483,0.5804305559618329,0.5670504518958143,3.415343859260615,0.3
0.6004155362087542,0.40416399525721153,0.5788263117247875,0.5635319823062779,3.5034189772650017,0.3
0.6003909862373713,0.4065412611668679,0.5790923792206402,0.5639644464903272,3.492114218004738,0.3
0.6003747563309431,0.40711564074044765,0.5781966215784387,0.5631840046477314,3.5116450021260093,0.3
0.600383279894897,0.40585924469817175,0.5790529597886227,0.5635800804361673,3.5022839508727746,0.3
0.6003926880157686,0.4056033911377686,0.5805297507479851,0.5633383431422179,3.5093908380620142,0.3
0.600501582604669,0.4032018880942015,0.5788173309616438,0.5645108694446797,3.478912400673988,0.3
0.6003862661497497,0.40577452571828,0.5797170289671557,0.5636511184380498,3.500677276202284,0.3
0.6003646541426897,0.4065106883187526,0.5798254422356047,0.5629316637180661,3.5189420415292085,0.3
0.6005013366663872,0.4063338356565017,0.5832193266688711,0.565292926127141,3.4604292166744033,0.3
0.600412441562274,0.40610239219542005,0.5758511961370426,0.5629882485957804,3.5155946602549006,0.3
0.600394369414738,0.40567018848420794,0.576870747817813,0.5631966128118081,3.5110495869503144,0.3
0.6003790522632634,0.4058268457005736,0.5796500546485693,0.5632680793657734,3.510741964912679,0.3
0.6005781244084649,0.40233089997357235,0.5825077106873259,0.5642335502520578,3.488570485344699,0.3
0.6004593096668811,0.4062726082371253,0.5829223818765413,0.5634984497114787,3.5058454070492084,0.3
0.6003637598206839,0.4072433711284661,0.5788306549172919,0.562917808523487,3.518498405347543,0.3
0.6003637167940798,0.40569646254537756,0.579742880562575,0.5628890390730485,3.520111278604454,0.3
0.6003592124286985,0.4056304257948627,0.5793040472344171,0.5628590855341529,3.5209017380939045,0.3
0.6003804240645948,0.40621801570601623,0.580077254965833,0.5630054865396126,3.517691676414336,0.3
0.6003568267024058,0.40623143949193763,0.5788951617592206,0.5628620227128526,3.520457350391965,0.3
0.6003697027994742,0.4063037559723561,0.5793196013855614,0.5632947702262436,3.509367002265293,0.3
0.6003587326379166,0.40599682523091135,0.5789587935156539,0.5629329030622183,3.5186911143907604,0.3
