0.0001651461796899308,0.45926570892333984,0.4631729125976563,1.0,2.713,0.532,1.0,0.966,0.0056,0.9
0.0007094991447198671,0.45625735097564757,0.4629699707031252,1.0,2.713,0.532,1.0,0.966,0.0056,0.9
0.000705623323075842,0.45775146066033473,0.4632037237752146,1.0,2.713,0.532,1.0,0.966,0.0056,0.9
0.0003592489297896295,0.4486575108752078,0.4629316054284557,1.0,2.713,0.532,1.0,0.966,0.0056,0.9
0.000967442847586111,0.4343927809577837,0.46256728173411293,1.0,2.713,0.532,1.0,0.966,0.0056,0.9
0.00013172776288207074,0.46470698149863665,0.4632923081517221,1.0,2.713,0.532,1.0,0.966,0.0056,0.9
0.000821839001726096,0.4567658247814418,0.4631910257315051,1.0,2.713,0.532,1.0,0.966,0.0056,0.9
0.0007267096918973194,0.43871656097587153,0.46267493391466574,1.0,2.713,0.532,1.0,0.966,0.0056,0.9
0.0005822873128203159,0.44529593316386534,0.4627836506901067,1.0,2.713,0.532,1.0,0.966,0.0056,0.9
0.0008918943179377764,0.44363367557525635,0.46271419525146484,1.0,2.713,0.532,1.0,0.966,0.0056,0.9
0.0002925414361461305,0.45040540822336206,0.4629636725776879,1.0,2.713,0.532,1.0,0.966,0.0056,0.9
0.00045252520669759443,0.44507502619171646,0.46282097101211583,1.0,2.713,0.532,1.0,0.966,0.0056,0.9
0.0004953938186271602,0.45096778869628906,0.4630218505859374,1.0,2.713,0.532,1.0,0.966,0.0056,0.9
0.0006917158449995484,0.44155025482177734,0.4627090454101561,1.0,2.713,0.532,1.0,0.966,0.0056,0.9
0.000810822231131907,0.4559905079073526,0.4631726226962827,1.0,2.713,0.532,1.0,0.966,0.0056,0.9
2.6909326437394927e-5,0.4632997512817383,0.46321258544921873,1.0,2.713,0.532,1.0,0.966,0.0056,0.9
0.00016100105590248238,0.47547660396664315,0.4635155138405082,1.0,2.713,0.532,1.0,0.966,0.0056,0.9
7.413885251995607e-7,0.46881103515625,0.4633300781250001,1.0,2.713,0.532,1.0,0.966,0.0056,0.9
8.427366360972174e-5,0.4758148193359375,0.4634521484375,1.0,2.713,0.532,1.0,0.966,0.0056,0.9
0.0003216604569740328,0.4875020980834961,0.46369781494140616,1.0,2.713,0.532,1.0,0.966,0.0056,0.9
0.0007339735017370056,0.44427842036445986,0.46274414465296787,1.0,2.713,0.532,1.0,0.966,0.0056,0.9
0.0003118956876549605,0.48232269287109375,0.46356201171875,1.0,2.713,0.532,1.0,0.966,0.0056,0.9
0.0005349596597836772,0.47004983657388166,0.46326653677969765,1.0,2.713,0.532,1.0,0.966,0.0056,0.9
0.0009428103260713699,0.4380989074707031,0.46273803710937494,1.0,2.713,0.532,1.0,0.966,0.0056,0.9
0.0009274803707273657,0.4385312410370943,0.46274825177970214,1.0,2.713,0.532,1.0,0.966,0.0056,0.9
0.0006982500278432726,0.49677586555480957,0.4638866424560547,1.0,2.713,0.532,1.0,0.966,0.0056,0.9
0.0008616940427483604,0.5000824425369501,0.46396484375,1.0,2.713,0.532,1.0,0.966,0.0056,0.9
8.259658102392439e-5,0.4727714059601337,0.4634489294672074,1.0,2.713,0.532,1.0,0.966,0.0056,0.9
0.00047842811356119455,0.4633626937866211,0.4633071899414063,1.0,2.713,0.532,1.0,0.966,0.0056,0.9
0.0009765015222258185,0.4831837459878683,0.4635181254474454,1.0,2.713,0.532,1.0,0.966,0.0056,0.9
0.00023098205923053667,0.4648020452853334,0.46318996494737685,1.0,2.713,0.532,1.0,0.966,0.0056,0.9
0.0004898745558081304,0.4848823547363281,0.46372680664062493,1.0,2.713,0.532,1.0,0.966,0.0056,0.9
0.0009898439169343212,0.45282649993896484,0.4628799438476562,1.0,2.713,0.532,1.0,0.966,0.0056,0.9
0.0007668350041708874,0.47402684276447893,0.46355076651087845,1.0,2.713,0.532,1.0,0.966,0.0056,0.9
0.0008790144030767538,0.5003433227539062,0.46397705078124996,1.0,2.713,0.532,1.0,0.966,0.0056,0.9
0.0009713621783542808,0.4954872131347656,0.46394653320312507,1.0,2.713,0.532,1.0,0.966,0.0056,0.9
0.00023293915984139166,0.465718150138855,0.46333026885986345,1.0,2.713,0.532,1.0,0.966,0.0056,0.9
0.0005045992022043816,0.44546028188022413,0.4628734355617748,1.0,2.713,0.532,1.0,0.966,0.0056,0.9
0.0003516204120972067,0.4600351621478487,0.4632199285078226,1.0,2.713,0.532,1.0,0.966,0.0056,0.9
0.00013718585234676913,0.4575357437133789,0.4631210327148436,1.0,2.713,0.532,1.0,0.966,0.0056,0.9
0.0007827557741407428,0.44172461051493883,0.4628173828124995,1.0,2.713,0.532,1.0,0.966,0.0056,0.9
0.21790651465441088,0.0006542964911204763,0.1,1.0,2.713,0.532,1.0,0.966,0.0056,0.9
0.00011167224918332562,0.4596736315288581,0.46311492919921915,1.0,2.713,0.532,1.0,0.966,0.0056,0.9
0.0007495834271116131,0.439720084866849,0.4627513587474783,1.0,2.713,0.532,1.0,0.966,0.0056,0.9
0.0009386951475023229,0.45188723474536197,0.46308842538855854,1.0,2.713,0.532,1.0,0.966,0.0056,0.9
0.0001483632081834618,0.4661130099431148,0.46332593858241655,1.0,2.713,0.532,1.0,0.966,0.0056,0.9
0.0004281875724705245,0.4456317834556103,0.4628409683704373,1.0,2.713,0.532,1.0,0.966,0.0056,0.9
0.0007117245342038775,0.47554588317871094,0.4633697509765625,1.0,2.713,0.532,1.0,0.966,0.0056,0.9
0.00015096330153319167,0.47667378197702504,0.46345638445297466,1.0,2.713,0.532,1.0,0.966,0.0056,0.9
0.0004985949710143872,0.44973689690835056,0.46299091809569504,1.0,2.713,0.532,1.0,0.966,0.0056,0.9
0.0007739661819728142,0.4443535804748535,0.46274032592773434,1.0,2.713,0.532,1.0,0.966,0.0056,0.9
0.0007238771022014954,0.4711334705352783,0.4634899139404296,1.0,2.713,0.532,1.0,0.966,0.0056,0.9
0.0008590783549127666,0.4513125419616699,0.4630683898925779,1.0,2.713,0.532,1.0,0.966,0.0056,0.9
0.00044813117215942674,0.447710035469413,0.4629271686077131,1.0,2.713,0.532,1.0,0.966,0.0056,0.9
0.0009417868255948484,0.47352949056580446,0.4635531721507579,1.0,2.713,0.532,1.0,0.966,0.0056,0.9
0.000849042205640368,0.43646800140461584,0.4626635263852808,1.0,2.713,0.532,1.0,0.966,0.0056,0.9
0.0002275164452750955,0.4834810495376587,0.4636602401733399,1.0,2.713,0.532,1.0,0.966,0.0056,0.9
0.0006819699965756134,0.46267713978886604,0.4631013572216027,1.0,2.713,0.532,1.0,0.966,0.0056,0.9
0.0005195889645170939,0.4472274617810399,0.4629275798797614,1.0,2.713,0.532,1.0,0.966,0.0056,0.9
0.00019750458501792203,0.4604974179705825,0.4631107478955381,1.0,2.713,0.532,1.0,0.966,0.0056,0.9
0.00039966013931122323,0.46735090017318726,0.4632225990295411,1.0,2.713,0.532,1.0,0.966,0.0056,0.9
0.0005073886163764182,0.456493826522271,0.46299365400918246,1.0,2.713,0.532,1.0,0.966,0.0056,0.9
0.0005027968216596733,0.45453090677866437,0.46295657225605813,1.0,2.713,0.532,1.0,0.966,0.0056,0.9
0.00046931583464292274,0.4447845593094826,0.462836492061615,1.0,2.713,0.532,1.0,0.966,0.0056,0.9
0.0006357330868012501,0.48729419708251953,0.46363983154296873,1.0,2.713,0.532,1.0,0.966,0.0056,0.9
0.00034746986412658495,0.4722603792397579,0.46333156196995445,1.0,2.713,0.532,1.0,0.966,0.0056,0.9
0.00019196715530515066,0.45427144318819046,0.4630466341972356,1.0,2.713,0.532,1.0,0.966,0.0056,0.9
0.0006416411641810372,0.495780095468195,0.4638901893980806,1.0,2.713,0.532,1.0,0.966,0.0056,0.9
0.0003025683806655598,0.4649160149923368,0.4633219154551652,1.0,2.713,0.532,1.0,0.966,0.0056,0.9
0.0003050187504033473,0.4701061248779297,0.4634307861328126,1.0,2.713,0.532,1.0,0.966,0.0056,0.9
0.0008764363776553136,0.4743938446044922,0.4633331298828124,1.0,2.713,0.532,1.0,0.966,0.0056,0.9
0.0006768801272119191,0.49658203125,0.4638916015624998,1.0,2.713,0.532,1.0,0.966,0.0056,0.9
3.707689970507541e-5,0.4684838395832571,0.4633513614535343,1.0,2.713,0.532,1.0,0.966,0.0056,0.9
0.0007316472079367692,0.4931262723124519,0.4637717396020893,1.0,2.713,0.532,1.0,0.966,0.0056,0.9
1.008327648870467,0.0,0.4590754893406914,1.0,2.713,0.532,1.0,0.966,0.0056,0.9
0.0005568003887547896,0.4788379669189453,0.46362609863281246,1.0,2.713,0.532,1.0,0.966,0.0056,0.9
0.00020092730367763268,0.45302504301071167,0.4630007743835449,1.0,2.713,0.532,1.0,0.966,0.0056,0.9
0.00038806011330428525,0.463057279586792,0.46313591003417953,1.0,2.713,0.532,1.0,0.966,0.0056,0.9
0.0006069481185759929,0.4752039909362793,0.463561248779297,1.0,2.713,0.532,1.0,0.966,0.0056,0.9
0.00016554701690855474,0.4568679630756378,0.4630534648895265,1.0,2.713,0.532,1.0,0.966,0.0056,0.9
8.728757077931351e-5,0.46276722204402176,0.4631763219833384,1.0,2.713,0.532,1.0,0.966,0.0056,0.9
0.0004470476155848444,0.4821453094482422,0.4636749267578126,1.0,2.713,0.532,1.0,0.966,0.0056,0.9
0.0002542288102969476,0.4552278518676758,0.4630905151367188,1.0,2.713,0.532,1.0,0.966,0.0056,0.9
0.0006147929402038824,0.4409330057978368,0.46273814068114977,1.0,2.713,0.532,1.0,0.966,0.0056,0.9
0.000730651434018776,0.43928051326474815,0.46267466545105046,1.0,2.713,0.532,1.0,0.966,0.0056,0.9
0.0007849794587751657,0.49558353424072266,0.46382904052734375,1.0,2.713,0.532,1.0,0.966,0.0056,0.9
7.15276346808342e-5,0.4764737459994154,0.4635102499201682,1.0,2.713,0.532,1.0,0.966,0.0056,0.9
0.0006650376355395681,0.4533731937408447,0.46291770935058574,1.0,2.713,0.532,1.0,0.966,0.0056,0.9
0.00047481183055296424,0.4786721899366301,0.4636151613242613,1.0,2.713,0.532,1.0,0.966,0.0056,0.9
0.00037881096329125675,0.45095949716778705,0.4629100799560544,1.0,2.713,0.532,1.0,0.966,0.0056,0.9
1.0083286063972354,0.0,0.4590753580367162,1.0,2.713,0.532,1.0,0.966,0.0056,0.9
0.0009616584730695426,0.43978434834161817,0.46263993978500384,1.0,2.713,0.532,1.0,0.966,0.0056,0.9
0.0002582784434885698,0.4671333671431057,0.46323394775390614,1.0,2.713,0.532,1.0,0.966,0.0056,0.9
0.0006209619256198666,0.4767608642578125,0.4634033203125,1.0,2.713,0.532,1.0,0.966,0.0056,0.9
0.0008926461806867853,0.43663085847552474,0.4626058982497672,1.0,2.713,0.532,1.0,0.966,0.0056,0.9
0.0007438497937372231,0.44223642349243164,0.4628257751464847,1.0,2.713,0.532,1.0,0.966,0.0056,0.9
7.374848424481783e-5,0.4593314342200756,0.46313813328743064,1.0,2.713,0.532,1.0,0.966,0.0056,0.9
0.0009410826602274845,0.4643216607352811,0.4633645034899505,1.0,2.713,0.532,1.0,0.966,0.0056,0.9
0.00022170256971203018,0.48485660552978516,0.4636581420898437,1.0,2.713,0.532,1.0,0.966,0.0056,0.9
0.0007593258740702212,0.4422316594136646,0.4627071380615232,1.0,2.713,0.532,1.0,0.966,0.0056,0.9
0.0006243813908960241,0.44175181724403956,0.4627855777740479,1.0,2.713,0.532,1.0,0.966,0.0056,0.9
0.0002871208719406457,0.4547549378662109,0.46308483388671895,1.0,2.713,0.532,1.0,0.966,0.0056,0.9
0.000304708751181154,0.46679991483688354,0.4632214546203614,1.0,2.713,0.532,1.0,0.966,0.0056,0.9
0.0008812331610698168,0.4459527415235154,0.46275723305480887,1.0,2.713,0.532,1.0,0.966,0.0056,0.9
0.00014961658662468843,0.4617568039929181,0.4631433072257596,1.0,2.713,0.532,1.0,0.966,0.0056,0.9
0.0004794778425963498,0.4720291159691167,0.4633134850808306,1.0,2.713,0.532,1.0,0.966,0.0056,0.9
0.0003358082647992935,0.44840869902605085,0.462908429718016,1.0,2.713,0.532,1.0,0.966,0.0056,0.9
0.00014822590429826977,0.481894395555437,0.4635963013488775,1.0,2.713,0.532,1.0,0.966,0.0056,0.9
0.0008277060930086564,0.43977225211603127,0.4626589190243626,1.0,2.713,0.532,1.0,0.966,0.0056,0.9
0.0006862214562046844,0.4477138091049194,0.46280992506103513,1.0,2.713,0.532,1.0,0.966,0.0056,0.9
0.00022077536911422357,0.4579518614807129,0.4631520208496093,1.0,2.713,0.532,1.0,0.966,0.0056,0.9
2.7691762911855763e-5,0.46537598753101395,0.4632446932220463,1.0,2.713,0.532,1.0,0.966,0.0056,0.9
0.00041055860069640537,0.4678618396954838,0.4632321352050782,1.0,2.713,0.532,1.0,0.966,0.0056,0.9
1.0083344467161897,0.0,0.45907457227868054,1.0,2.713,0.532,1.0,0.966,0.0056,0.9
1.8854469480371039e-6,0.46781052062412276,0.4633169647915918,1.0,2.713,0.532,1.0,0.966,0.0056,0.9
4.1028696339436214e-5,0.4657504894256591,0.46324632629394513,1.0,2.713,0.532,1.0,0.966,0.0056,0.9
0.000448711164533355,0.44509555441986504,0.4628258596920719,1.0,2.713,0.532,1.0,0.966,0.0056,0.9
1.0083282460871785,0.0,0.4590754072339759,1.0,2.713,0.532,1.0,0.966,0.0056,0.9
0.00035126415883309447,0.47550307035026584,0.4635424083783514,1.0,2.713,0.532,1.0,0.966,0.0056,0.9
0.000731117591388555,0.4541652909545899,0.46292701896972654,1.0,2.713,0.532,1.0,0.966,0.0056,0.9
9.05416365940163e-5,0.46686814134389276,0.4633311082007299,1.0,2.713,0.532,1.0,0.966,0.0056,0.9
0.0005935789189498107,0.4944581985473633,0.46387176513671885,1.0,2.713,0.532,1.0,0.966,0.0056,0.9
3.898232375157253e-5,0.4705351692008972,0.4633936344543458,1.0,2.713,0.532,1.0,0.966,0.0056,0.9
0.00014092677137436942,0.4713565479549827,0.4634331430419919,1.0,2.713,0.532,1.0,0.966,0.0056,0.9
0.0002727426426423835,0.4821210367365222,0.46356363044194915,1.0,2.713,0.532,1.0,0.966,0.0056,0.9
0.0009781174786393477,0.4622804310150146,0.46307183225097676,1.0,2.713,0.532,1.0,0.966,0.0056,0.9
0.0009997282386873941,0.49646426327565507,0.46382546722889073,1.0,2.713,0.532,1.0,0.966,0.0056,0.9
0.0006810794375684816,0.44824506509874107,0.4628200859885041,1.0,2.713,0.532,1.0,0.966,0.0056,0.9
0.00018478423038388028,0.45435691929986033,0.4630459296271248,1.0,2.713,0.532,1.0,0.966,0.0056,0.9
0.00028167740403871647,0.47378364226569203,0.4633720347167968,1.0,2.713,0.532,1.0,0.966,0.0056,0.9
2.5986631939831977e-5,0.46319366378784177,0.46321444213867186,1.0,2.713,0.532,1.0,0.966,0.0056,0.9
0.0004489687076819486,0.4630691597280242,0.46312988816710254,1.0,2.713,0.532,1.0,0.966,0.0056,0.9
0.000471289050799135,0.4786472038521794,0.4634583589010244,1.0,2.713,0.532,1.0,0.966,0.0056,0.9
0.0008233414759018472,0.4890961257270281,0.46383143162241147,1.0,2.713,0.532,1.0,0.966,0.0056,0.9
0.0006288489550621902,0.4481236634819935,0.46296715815429706,1.0,2.713,0.532,1.0,0.966,0.0056,0.9
0.0009576454511749237,0.4678551682285649,0.4634394666147744,1.0,2.713,0.532,1.0,0.966,0.0056,0.9
0.0002942881323728567,0.4521100315551758,0.4630162276367187,1.0,2.713,0.532,1.0,0.966,0.0056,0.9
0.0005975095970872748,0.44309774190217904,0.4628228552482978,1.0,2.713,0.532,1.0,0.966,0.0056,0.9
1.0083285957017019,0.0,0.4590753594945547,1.0,2.713,0.532,1.0,0.966,0.0056,0.9
0.00024765772279753176,0.45395786948013317,0.4629859922302245,1.0,2.713,0.532,1.0,0.966,0.0056,0.9
0.0007495342443008325,0.4894929476623535,0.4638309938232422,1.0,2.713,0.532,1.0,0.966,0.0056,0.9
0.00040010134795559986,0.457244595682621,0.4631616168785102,1.0,2.713,0.532,1.0,0.966,0.0056,0.9
0.0006048040872658889,0.4947379122162414,0.46387659312867935,1.0,2.713,0.532,1.0,0.966,0.0056,0.9
0.0005111311149717314,0.462329664905662,0.46328785758569596,1.0,2.713,0.532,1.0,0.966,0.0056,0.9
0.0007149025507662503,0.4450769376916647,0.46276018381457756,1.0,2.713,0.532,1.0,0.966,0.0056,0.9
0.0006277040460588818,0.4457158025924197,0.46278298369036075,1.0,2.713,0.532,1.0,0.966,0.0056,0.9
0.00043929873324995914,0.46489799324816217,0.4633363900829573,1.0,2.713,0.532,1.0,0.966,0.0056,0.9
0.0005434644817180618,0.45267128497314446,0.46306985654296895,1.0,2.713,0.532,1.0,0.966,0.0056,0.9
0.00019383427536351868,0.45344316138115626,0.46300216813964845,1.0,2.713,0.532,1.0,0.966,0.0056,0.9
0.00011127464393565617,0.47599024752807617,0.4635145079833984,1.0,2.713,0.532,1.0,0.966,0.0056,0.9
0.0005031631462328605,0.46697425842285156,0.4633863525390626,1.0,2.713,0.532,1.0,0.966,0.0056,0.9
0.00018099049300191703,0.46495709000800556,0.4633062381913944,1.0,2.713,0.532,1.0,0.966,0.0056,0.9
5.53732680428727e-5,0.4663832077441179,0.46325416414781223,1.0,2.713,0.532,1.0,0.966,0.0056,0.9
0.0006347435752093165,0.49354221508789053,0.4637977182617188,1.0,2.713,0.532,1.0,0.966,0.0056,0.9
0.00025441696420154005,0.4522392089700502,0.46300814668758844,1.0,2.713,0.532,1.0,0.966,0.0056,0.9
0.0001633641045652844,0.4560114837668021,0.46304152349048233,1.0,2.713,0.532,1.0,0.966,0.0056,0.9
1.0083274350207851,0.0,0.4590755191200521,1.0,2.713,0.532,1.0,0.966,0.0056,0.9
0.00020002175116700188,0.4634545892335175,0.4632761413373947,1.0,2.713,0.532,1.0,0.966,0.0056,0.9
0.0007107440431263244,0.4534187815615995,0.4631047702795451,1.0,2.713,0.532,1.0,0.966,0.0056,0.9
0.0004182331917603747,0.4771998873934683,0.46358185168904087,1.0,2.713,0.532,1.0,0.966,0.0056,0.9
0.0007143503572308661,0.4469295926074308,0.4629470524845102,1.0,2.713,0.532,1.0,0.966,0.0056,0.9
0.00018078370686911783,0.4575006322145463,0.4630598719406128,1.0,2.713,0.532,1.0,0.966,0.0056,0.9
0.00048108467903182383,0.4532644974880219,0.4629354181060794,1.0,2.713,0.532,1.0,0.966,0.0056,0.9
0.0007549571474928766,0.47723574920368195,0.46361221183319123,1.0,2.713,0.532,1.0,0.966,0.0056,0.9
0.0007772717418098247,0.4532747826843262,0.4631073699707032,1.0,2.713,0.532,1.0,0.966,0.0056,0.9
0.000722956262747898,0.44179645186101557,0.4627064530605036,1.0,2.713,0.532,1.0,0.966,0.0056,0.9
0.0001566989742544197,0.46873490768596526,0.4633826342785326,1.0,2.713,0.532,1.0,0.966,0.0056,0.9
0.0004564808742954127,0.4645664942391672,0.46315962972642943,1.0,2.713,0.532,1.0,0.966,0.0056,0.9
0.0006496044082464075,0.4407049769014233,0.46275554072605396,1.0,2.713,0.532,1.0,0.966,0.0056,0.9
0.0009444841182971265,0.46143749482112056,0.46305675741730046,1.0,2.713,0.532,1.0,0.966,0.0056,0.9
0.0009460659338539813,0.47475065857010723,0.4633361578186199,1.0,2.713,0.532,1.0,0.966,0.0056,0.9
0.0008742053635750119,0.49038976745605467,0.46385739746093746,1.0,2.713,0.532,1.0,0.966,0.0056,0.9
0.000589360733440792,0.4486219251708984,0.46297483232421865,1.0,2.713,0.532,1.0,0.966,0.0056,0.9
0.0002515582414543771,0.4668342102549838,0.4633564929873383,1.0,2.713,0.532,1.0,0.966,0.0056,0.9
0.0001144362872770657,0.4570071547517399,0.463080740092535,1.0,2.713,0.532,1.0,0.966,0.0056,0.9
0.0005928735079494377,0.44844493739318847,0.46283434440917975,1.0,2.713,0.532,1.0,0.966,0.0056,0.9
0.0005154665023488049,0.4597957064211369,0.463232309579849,1.0,2.713,0.532,1.0,0.966,0.0056,0.9
1.0083299894727393,0.0,0.45907517041831625,1.0,2.713,0.532,1.0,0.966,0.0056,0.9
0.0006629371939709108,0.47927119552994923,0.46364344826660175,1.0,2.713,0.532,1.0,0.966,0.0056,0.9
0.0003751319897595824,0.4508482475662231,0.46299942315673837,1.0,2.713,0.532,1.0,0.966,0.0056,0.9
0.0007591837611378353,0.4402064778476993,0.4627688570684678,1.0,2.713,0.532,1.0,0.966,0.0056,0.9
0.0005895474297213142,0.44430034278603237,0.4627675768930919,1.0,2.713,0.532,1.0,0.966,0.0056,0.9
0.0008679333709662295,0.48680433977229465,0.46379614140624936,1.0,2.713,0.532,1.0,0.966,0.0056,0.9
0.0003562442730268901,0.47056398351278317,0.46329446777287187,1.0,2.713,0.532,1.0,0.966,0.0056,0.9
0.0005656550871779282,0.4421579276900828,0.4627588814599033,1.0,2.713,0.532,1.0,0.966,0.0056,0.9
0.0009299964362149576,0.4736977815628052,0.46355571746826185,1.0,2.713,0.532,1.0,0.966,0.0056,0.9
0.0008663027684767635,0.43563579083251946,0.4626148604492189,1.0,2.713,0.532,1.0,0.966,0.0056,0.9
0.0004185291931778362,0.4476964632625591,0.4628529291009441,1.0,2.713,0.532,1.0,0.966,0.0056,0.9
0.0007739629314882006,0.4408104536595109,0.4626831799379427,1.0,2.713,0.532,1.0,0.966,0.0056,0.9
0.00015544096814189645,0.4549695579070595,0.46303937023202185,1.0,2.713,0.532,1.0,0.966,0.0056,0.9
0.00041606781959918095,0.4895191619873047,0.46378212646484385,1.0,2.713,0.532,1.0,0.966,0.0056,0.9
0.0007795220706984367,0.4472803902242515,0.4629631281225517,1.0,2.713,0.532,1.0,0.966,0.0056,0.9
0.0008548808533714764,0.4428525079089407,0.46270471354748877,1.0,2.713,0.532,1.0,0.966,0.0056,0.9
0.0007603281463092254,0.4482076709854511,0.4629841962158205,1.0,2.713,0.532,1.0,0.966,0.0056,0.9
0.0007031757228911121,0.43989098318481445,0.4627443500488281,1.0,2.713,0.532,1.0,0.966,0.0056,0.9
0.0005969972621706212,0.44241762619018554,0.46274294372558583,1.0,2.713,0.532,1.0,0.966,0.0056,0.9
0.00031498856938197347,0.46154194367866885,0.4632493674423133,1.0,2.713,0.532,1.0,0.966,0.0056,0.9
0.00044234116279829835,0.4616784140319825,0.4632667901855468,1.0,2.713,0.532,1.0,0.966,0.0056,0.9
0.0006076821423425727,0.44447497260321345,0.46286624228071194,1.0,2.713,0.532,1.0,0.966,0.0056,0.9
0.0007026649355079874,0.48695358702984437,0.46362521435241655,1.0,2.713,0.532,1.0,0.966,0.0056,0.9
0.0008926759269807712,0.4556841615005429,0.46317209245954116,1.0,2.713,0.532,1.0,0.966,0.0056,0.9
1.0083282878941147,0.0,0.4590754015156152,1.0,2.713,0.532,1.0,0.966,0.0056,0.9
1.0083284676541762,0.0,0.4590753769593732,1.0,2.713,0.532,1.0,0.966,0.0056,0.9
0.0004206766970177741,0.44808433843994144,0.46293172919921877,1.0,2.713,0.532,1.0,0.966,0.0056,0.9
0.0002923728953487626,0.4498331531076104,0.46292450850833017,1.0,2.713,0.532,1.0,0.966,0.0056,0.9
8.775801589208707e-5,0.45861116064429297,0.46311231758117666,1.0,2.713,0.532,1.0,0.966,0.0056,0.9
0.0003204184433641567,0.4488169814171791,0.4629123835335114,1.0,2.713,0.532,1.0,0.966,0.0056,0.9
0.0004665472619828204,0.44724986482906337,0.46291791574859625,1.0,2.713,0.532,1.0,0.966,0.0056,0.9
0.0004986560327729236,0.44603319708958755,0.46281113658374573,1.0,2.713,0.532,1.0,0.966,0.0056,0.9
0.00031412204937574596,0.4869749138869327,0.46368355493164026,1.0,2.713,0.532,1.0,0.966,0.0056,0.9
5.880620113689179e-5,0.47461622161865225,0.4634315771484374,1.0,2.713,0.532,1.0,0.966,0.0056,0.9
0.00023944125673511403,0.4536838033447266,0.46304580488281244,1.0,2.713,0.532,1.0,0.966,0.0056,0.9
0.0006252550873555894,0.4407173637282513,0.4627389761569355,1.0,2.713,0.532,1.0,0.966,0.0056,0.9
0.0002454428575952995,0.47159935295867916,0.4634535252075195,1.0,2.713,0.532,1.0,0.966,0.0056,0.9
0.0006691653379700212,0.44722360907140496,0.4629491426945329,1.0,2.713,0.532,1.0,0.966,0.0056,0.9
0.0004868991513365435,0.45298537220341095,0.4630707150803875,1.0,2.713,0.532,1.0,0.966,0.0056,0.9
0.00040814184624695505,0.4841879161376953,0.46370485292968766,1.0,2.713,0.532,1.0,0.966,0.0056,0.9
0.0004387495321240484,0.45510753314947155,0.46311592888272135,1.0,2.713,0.532,1.0,0.966,0.0056,0.9
0.00024660947799952495,0.4579484462738037,0.4631565093994141,1.0,2.713,0.532,1.0,0.966,0.0056,0.9
0.0009869967942587351,0.4603232709960937,0.46328179648437495,1.0,2.713,0.532,1.0,0.966,0.0056,0.9
1.0083276626640536,0.0,0.4590754874314785,1.0,2.713,0.532,1.0,0.966,0.0056,0.9
0.0006757662579244051,0.4622029272394057,0.46329951477346587,1.0,2.713,0.532,1.0,0.966,0.0056,0.9
0.0005062791704305063,0.4442923489236377,0.46278977087874307,1.0,2.713,0.532,1.0,0.966,0.0056,0.9
9.026495227570216e-5,0.4624678285827637,0.46323207458496096,1.0,2.713,0.532,1.0,0.966,0.0056,0.9
0.00013968965812260193,0.45587868689216543,0.4630531174550807,1.0,2.713,0.532,1.0,0.966,0.0056,0.9
0.0005611784446155712,0.444761209487915,0.46286541748046867,1.0,2.713,0.532,1.0,0.966,0.0056,0.9
1.008327651040349,0.0,0.45907548904024875,1.0,2.713,0.532,1.0,0.966,0.0056,0.9
0.0002963116749774588,0.4548946728691969,0.46299159736328127,1.0,2.713,0.532,1.0,0.966,0.0056,0.9
0.0008069982882327541,0.4373303603057861,0.4626371380615234,1.0,2.713,0.532,1.0,0.966,0.0056,0.9
0.0004105373669730057,0.47469882981109623,0.46353331712646484,1.0,2.713,0.532,1.0,0.966,0.0056,0.9
0.0007264986272784337,0.44062601148411196,0.4627750175612557,1.0,2.713,0.532,1.0,0.966,0.0056,0.9
0.0006457847315176375,0.44539231410132896,0.46277498758435076,1.0,2.713,0.532,1.0,0.966,0.0056,0.9
0.00036015946110058553,0.48415279098510744,0.46359887377929687,1.0,2.713,0.532,1.0,0.966,0.0056,0.9
0.00023485710441312313,0.4518938085734272,0.4629676738478014,1.0,2.713,0.532,1.0,0.966,0.0056,0.9
1.811678599905517e-5,0.46518792907714834,0.4632469779296876,1.0,2.713,0.532,1.0,0.966,0.0056,0.9
0.000651932843320672,0.4702952722034876,0.46346738649292113,1.0,2.713,0.532,1.0,0.966,0.0056,0.9
0.0009298993940812472,0.4567013172937632,0.463197791249657,1.0,2.713,0.532,1.0,0.966,0.0056,0.9
1.1978172797344582e-5,0.47256293967347973,0.46340996337568907,1.0,2.713,0.532,1.0,0.966,0.0056,0.9
0.00027765990850841274,0.4638659732087984,0.4632960547387137,1.0,2.713,0.532,1.0,0.966,0.0056,0.9
0.0005340643214466478,0.488124248626709,0.4636716971191407,1.0,2.713,0.532,1.0,0.966,0.0056,0.9
0.0007401068501644419,0.49704633588016034,0.46388145352954857,1.0,2.713,0.532,1.0,0.966,0.0056,0.9
0.0003876771725393021,0.45438658648279606,0.46309179198265016,1.0,2.713,0.532,1.0,0.966,0.0056,0.9
0.00044757653372123175,0.4499432944345712,0.46298834177246095,1.0,2.713,0.532,1.0,0.966,0.0056,0.9
0.0005795512669466699,0.44244031292724606,0.46274932431640625,1.0,2.713,0.532,1.0,0.966,0.0056,0.9
0.0003983576343506937,0.48813245245361325,0.46369435302734385,1.0,2.713,0.532,1.0,0.966,0.0056,0.9
0.00013505037485246784,0.4599787475606359,0.46311380647936096,1.0,2.713,0.532,1.0,0.966,0.0056,0.9
9.557444055530099e-6,0.4705007630050182,0.463379354829788,1.0,2.713,0.532,1.0,0.966,0.0056,0.9
0.0004864892461937722,0.44910799252319333,0.46286094760742175,1.0,2.713,0.532,1.0,0.966,0.0056,0.9
0.0008025043695687635,0.47921710956001284,0.4634429190887452,1.0,2.713,0.532,1.0,0.966,0.0056,0.9
0.000838309096936635,0.4606104655761718,0.463047305078125,1.0,2.713,0.532,1.0,0.966,0.0056,0.9
0.0001624274822590254,0.45536029238891607,0.46303400280761686,1.0,2.713,0.532,1.0,0.966,0.0056,0.9
0.00028175799092926285,0.456441480666399,0.46302163004875185,1.0,2.713,0.532,1.0,0.966,0.0056,0.9
1.0083297743269222,0.0,0.459075199507461,1.0,2.713,0.532,1.0,0.966,0.0056,0.9
0.0003430608635972424,0.4506563252944946,0.4629872452270508,1.0,2.713,0.532,1.0,0.966,0.0056,0.9
0.0007245728767045663,0.464720780020237,0.46314005068588265,1.0,2.713,0.532,1.0,0.966,0.0056,0.9
0.00044333976103032736,0.47954395149873175,0.4636279564195927,1.0,2.713,0.532,1.0,0.966,0.0056,0.9
0.0008510926127275103,0.4788062562217372,0.46343042038202353,1.0,2.713,0.532,1.0,0.966,0.0056,0.9
0.00032621265325707364,0.4702525553283692,0.4634361805419924,1.0,2.713,0.532,1.0,0.966,0.0056,0.9
0.0001668938252140536,0.45855084285348247,0.46315568757937425,1.0,2.713,0.532,1.0,0.966,0.0056,0.9
0.0006020040816647557,0.4413692792358398,0.4627381551757813,1.0,2.713,0.532,1.0,0.966,0.0056,0.9
0.0005919296313976266,0.4640407424926758,0.4631366577148439,1.0,2.713,0.532,1.0,0.966,0.0056,0.9
7.028850514366957e-5,0.4731964749221802,0.46345375145263656,1.0,2.713,0.532,1.0,0.966,0.0056,0.9
0.0006551756548811367,0.4791181450596712,0.4634521936569232,1.0,2.713,0.532,1.0,0.966,0.0056,0.9
1.0083283263886376,0.0,0.45907539625322535,1.0,2.713,0.532,1.0,0.966,0.0056,0.9
0.0004270996829559843,0.4754611521178459,0.4635497122027392,1.0,2.713,0.532,1.0,0.966,0.0056,0.9
0.0009673263070118438,0.43411547851885035,0.4625667408632592,1.0,2.713,0.532,1.0,0.966,0.0056,0.9
0.0006484152252671988,0.4860985539436341,0.4637644981384277,1.0,2.713,0.532,1.0,0.966,0.0056,0.9
0.00046779325611780723,0.4619581665176752,0.46327552546997064,1.0,2.713,0.532,1.0,0.966,0.0056,0.9
0.00043904744247485263,0.47914265040232873,0.4634727242500304,1.0,2.713,0.532,1.0,0.966,0.0056,0.9
0.0009739480448491404,0.43384644886124135,0.4625643512647625,1.0,2.713,0.532,1.0,0.966,0.0056,0.9
0.0005898531950624475,0.44779100746649364,0.4628233696214207,1.0,2.713,0.532,1.0,0.966,0.0056,0.9
0.00028871067573287896,0.4529849068566193,0.46303894248008837,1.0,2.713,0.532,1.0,0.966,0.0056,0.9
0.00046352419913418136,0.4523704480622309,0.46292129960937534,1.0,2.713,0.532,1.0,0.966,0.0056,0.9
0.00021119294739258096,0.45661555029678347,0.46311688921508787,1.0,2.713,0.532,1.0,0.966,0.0056,0.9
0.0007849321583880863,0.4375102657646194,0.46264754124505514,1.0,2.713,0.532,1.0,0.966,0.0056,0.9
0.0008979370174864291,0.4351387532847232,0.46259813798941507,1.0,2.713,0.532,1.0,0.966,0.0056,0.9
0.00018939383242610946,0.48369089733886717,0.4636377490234376,1.0,2.713,0.532,1.0,0.966,0.0056,0.9
0.0006393180251315215,0.44905370368463393,0.4628395127612143,1.0,2.713,0.532,1.0,0.966,0.0056,0.9
0.0003616613439045478,0.48903098437500003,0.463734820703125,1.0,2.713,0.532,1.0,0.966,0.0056,0.9
0.0006238638038663645,0.4409954442786007,0.46272567171554574,1.0,2.713,0.532,1.0,0.966,0.0056,0.9
0.0009467699209053113,0.4466963012695312,0.46296494140624994,1.0,2.713,0.532,1.0,0.966,0.0056,0.9
0.0001266039297453758,0.46630186045837396,0.463326140649414,1.0,2.713,0.532,1.0,0.966,0.0056,0.9
0.0001900245966558097,0.4835504951171876,0.46364390546875,1.0,2.713,0.532,1.0,0.966,0.0056,0.9
1.008334355326233,0.0,0.4590745844799377,1.0,2.713,0.532,1.0,0.966,0.0056,0.9
2.1906188659103954e-5,0.47258527982921805,0.4634243011474607,1.0,2.713,0.532,1.0,0.966,0.0056,0.9
0.0009966010176109708,0.4377244496329036,0.4627351379394531,1.0,2.713,0.532,1.0,0.966,0.0056,0.9
0.0005830988835839391,0.44628606721481556,0.46279913870357764,1.0,2.713,0.532,1.0,0.966,0.0056,0.9
0.0008841027592469157,0.4617813754822798,0.46306796738281275,1.0,2.713,0.532,1.0,0.966,0.0056,0.9
0.0007895612437783452,0.4887729069328065,0.46382297152921953,1.0,2.713,0.532,1.0,0.966,0.0056,0.9
0.00030262300057353673,0.4726022364501953,0.4633439531250001,1.0,2.713,0.532,1.0,0.966,0.0056,0.9
0.0005871576875141135,0.46833924446359043,0.46322615383787147,1.0,2.713,0.532,1.0,0.966,0.0056,0.9
0.0006774904100339651,0.4563587202760181,0.463169736137388,1.0,2.713,0.532,1.0,0.966,0.0056,0.9
1.008328871182244,0.0,0.4590753219867561,1.0,2.713,0.532,1.0,0.966,0.0056,0.9
1.008327678098421,0.0,0.45907548529622133,1.0,2.713,0.532,1.0,0.966,0.0056,0.9
0.0002258663459751149,0.4698972065369337,0.46341665377111746,1.0,2.713,0.532,1.0,0.966,0.0056,0.9
0.0003403035705203261,0.4779218373138502,0.46345640573425434,1.0,2.713,0.532,1.0,0.966,0.0056,0.9
0.0005626776826717823,0.44217040763955806,0.4627679674291614,1.0,2.713,0.532,1.0,0.966,0.0056,0.9
0.0005409792301240288,0.4607793647178409,0.4632566147125239,1.0,2.713,0.532,1.0,0.966,0.0056,0.9
0.00017926393703704768,0.4542345324859619,0.46301513190917987,1.0,2.713,0.532,1.0,0.966,0.0056,0.9
0.0008676993154561011,0.44150892386640167,0.46268039790814064,1.0,2.713,0.532,1.0,0.966,0.0056,0.9
0.00021397008600154707,0.4841382598876953,0.4636336669921876,1.0,2.713,0.532,1.0,0.966,0.0056,0.9
1.0083277953565442,0.0,0.4590754691066495,1.0,2.713,0.532,1.0,0.966,0.0056,0.9
0.0002763353257148526,0.45346092194757015,0.4629713887542728,1.0,2.713,0.532,1.0,0.966,0.0056,0.9
0.0006728841376078702,0.46768312975676163,0.46341545741685164,1.0,2.713,0.532,1.0,0.966,0.0056,0.9
0.0004150462386848194,0.4546236931457519,0.46296892338867185,1.0,2.713,0.532,1.0,0.966,0.0056,0.9
0.00013378678241043765,0.47123583920110756,0.4634294952199689,1.0,2.713,0.532,1.0,0.966,0.0056,0.9
0.0003392063947501295,0.453728821395874,0.4629638721923829,1.0,2.713,0.532,1.0,0.966,0.0056,0.9
0.0004971630491620552,0.46029832471656795,0.46324172615661663,1.0,2.713,0.532,1.0,0.966,0.0056,0.9
0.00038906247140835216,0.44788135808697893,0.46286392642170654,1.0,2.713,0.532,1.0,0.966,0.0056,0.9
0.0007829360912266037,0.44213393212890617,0.46270210390625005,1.0,2.713,0.532,1.0,0.966,0.0056,0.9
0.00043268613784548486,0.4772626323242187,0.4635845393554688,1.0,2.713,0.532,1.0,0.966,0.0056,0.9
0.0003399435777568523,0.4864946806920613,0.4637281034975931,1.0,2.713,0.532,1.0,0.966,0.0056,0.9
0.0005979778823453749,0.4427305732070812,0.4627457063715931,1.0,2.713,0.532,1.0,0.966,0.0056,0.9
0.0008644285356890077,0.4983360856933594,0.46389384853515636,1.0,2.713,0.532,1.0,0.966,0.0056,0.9
0.0007818033921263363,0.4677071874608122,0.4634242100133822,1.0,2.713,0.532,1.0,0.966,0.0056,0.9
0.0006838603888429548,0.4934993481202788,0.4637882155883785,1.0,2.713,0.532,1.0,0.966,0.0056,0.9
0.0008498218736298084,0.47973213829398154,0.4634507900714875,1.0,2.713,0.532,1.0,0.966,0.0056,0.9
0.00042221183827082913,0.4666855336180915,0.4632065583464502,1.0,2.713,0.532,1.0,0.966,0.0056,0.9
0.0006709774872323908,0.496308238628826,0.46390308847656225,1.0,2.713,0.532,1.0,0.966,0.0056,0.9
0.0003456639108539043,0.48591948854637146,0.4636459186431885,1.0,2.713,0.532,1.0,0.966,0.0056,0.9
0.0004645757505562585,0.4589038294465136,0.4630451487874986,1.0,2.713,0.532,1.0,0.966,0.0056,0.9
0.00048631797536172736,0.44771459392669777,0.46283837811988515,1.0,2.713,0.532,1.0,0.966,0.0056,0.9
0.00020913146705680224,0.4612975501971245,0.4631240635810856,1.0,2.713,0.532,1.0,0.966,0.0056,0.9
0.0006263886901027788,0.46820831298828125,0.46322021484375003,1.0,2.713,0.532,1.0,0.966,0.0056,0.9
0.0008698867217029091,0.4797121614284515,0.4636676654449469,1.0,2.713,0.532,1.0,0.966,0.0056,0.9
0.00011419107064731568,0.46773248672485357,0.4632681121826171,1.0,2.713,0.532,1.0,0.966,0.0056,0.9
0.0008324528111334479,0.43639159956012785,0.46262758967681966,1.0,2.713,0.532,1.0,0.966,0.0056,0.9
0.0006073711730428216,0.44291127867036517,0.4627452987851074,1.0,2.713,0.532,1.0,0.966,0.0056,0.9
0.0005029810562806466,0.44702579425769934,0.46291895047397325,1.0,2.713,0.532,1.0,0.966,0.0056,0.9
1.0083363454337462,0.0,0.45907431921529795,1.0,2.713,0.532,1.0,0.966,0.0056,0.9
0.0007359470960050388,0.45429506954956056,0.46292913122558615,1.0,2.713,0.532,1.0,0.966,0.0056,0.9
0.00010130368007133799,0.46358902412706804,0.46318828947305735,1.0,2.713,0.532,1.0,0.966,0.0056,0.9
0.0007370000804540956,0.4948248422851562,0.46390820468750005,1.0,2.713,0.532,1.0,0.966,0.0056,0.9
0.0004903885329210554,0.47234658022259157,0.4634948550537107,1.0,2.713,0.532,1.0,0.966,0.0056,0.9
0.0005336793338840425,0.48590409037242865,0.4636180745969746,1.0,2.713,0.532,1.0,0.966,0.0056,0.9
0.0009003591763442575,0.4376451352370386,0.46271732539653787,1.0,2.713,0.532,1.0,0.966,0.0056,0.9
0.0003956825898495515,0.4710998100761043,0.46330175215576835,1.0,2.713,0.532,1.0,0.966,0.0056,0.9
0.00035905589660212766,0.4493583249531181,0.4629535690673824,1.0,2.713,0.532,1.0,0.966,0.0056,0.9
0.00066889653852181,0.4441650835460922,0.46275160840454094,1.0,2.713,0.532,1.0,0.966,0.0056,0.9
4.0139606858732655e-5,0.475147669950986,0.46347440107421845,1.0,2.713,0.532,1.0,0.966,0.0056,0.9
0.0006146901767514144,0.4433287381176318,0.4627489496309983,1.0,2.713,0.532,1.0,0.966,0.0056,0.9
0.00033144818185872223,0.4733954559326171,0.46349941894531255,1.0,2.713,0.532,1.0,0.966,0.0056,0.9
0.0007266113396302656,0.44573916677412384,0.4629178975585936,1.0,2.713,0.532,1.0,0.966,0.0056,0.9
0.0001964497785347356,0.4559522188317775,0.4630961314914701,1.0,2.713,0.532,1.0,0.966,0.0056,0.9
0.0009588814384102316,0.46118409533691407,0.46305058798828125,1.0,2.713,0.532,1.0,0.966,0.0056,0.9
3.439580063973691e-5,0.4627816321630478,0.4631987436416627,1.0,2.713,0.532,1.0,0.966,0.0056,0.9
0.00023836558753711955,0.46149851676223774,0.46323801261417397,1.0,2.713,0.532,1.0,0.966,0.0056,0.9
0.0009674271961505139,0.43364612827492854,0.46257517052307123,1.0,2.713,0.532,1.0,0.966,0.0056,0.9
0.0001603112398609834,0.47525120184326164,0.46351123212890627,1.0,2.713,0.532,1.0,0.966,0.0056,0.9
0.0003279303704194602,0.45731559137728245,0.4631538769012451,1.0,2.713,0.532,1.0,0.966,0.0056,0.9
0.0009010992622227861,0.4360960177917481,0.46259872036132815,1.0,2.713,0.532,1.0,0.966,0.0056,0.9
0.0005600152143108044,0.4433798980712891,0.46282165527343727,1.0,2.713,0.532,1.0,0.966,0.0056,0.9
0.0004953626141037241,0.46740320507812505,0.46339459531250016,1.0,2.713,0.532,1.0,0.966,0.0056,0.9
0.0005131169938840151,0.4564610869140624,0.4629924198242189,1.0,2.713,0.532,1.0,0.966,0.0056,0.9
0.00015905463603930415,0.45692939403644395,0.46311170768931775,1.0,2.713,0.532,1.0,0.966,0.0056,0.9
0.0007450169840106755,0.45182151924655806,0.4628804310635574,1.0,2.713,0.532,1.0,0.966,0.0056,0.9
0.0006108412233028939,0.47051888851928714,0.4632701010253908,1.0,2.713,0.532,1.0,0.966,0.0056,0.9
0.00045416448221672836,0.47678014750419695,0.4634187487619633,1.0,2.713,0.532,1.0,0.966,0.0056,0.9
0.0005595197010115003,0.47000476806640623,0.46326348310546883,1.0,2.713,0.532,1.0,0.966,0.0056,0.9
0.00034332383389438473,0.44809613487052924,0.4628943688262941,1.0,2.713,0.532,1.0,0.966,0.0056,0.9
0.00020129522626542148,0.45796647934369905,0.46306354817271245,1.0,2.713,0.532,1.0,0.966,0.0056,0.9
0.0008004507477266427,0.43716138680213773,0.462640610802068,1.0,2.713,0.532,1.0,0.966,0.0056,0.9
0.0007340972480243648,0.4861923451843262,0.463774169506836,1.0,2.713,0.532,1.0,0.966,0.0056,0.9
0.0009977606584577674,0.4936080229187012,0.4639202697021485,1.0,2.713,0.532,1.0,0.966,0.0056,0.9
0.00031462191428474314,0.4865956900720827,0.4636719091796878,1.0,2.713,0.532,1.0,0.966,0.0056,0.9
0.0004319623479490053,0.44761274261474615,0.4628483740234374,1.0,2.713,0.532,1.0,0.966,0.0056,0.9
0.0009656015313391364,0.4606065992083147,0.4630383071269505,1.0,2.713,0.532,1.0,0.966,0.0056,0.9
0.00021116630131577695,0.45347059397754264,0.46302960970181195,1.0,2.713,0.532,1.0,0.966,0.0056,0.9
0.000140633425569089,0.4660029329422072,0.46322807631643814,1.0,2.713,0.532,1.0,0.966,0.0056,0.9
0.00012117337579714991,0.45686238108825683,0.4630922126220704,1.0,2.713,0.532,1.0,0.966,0.0056,0.9
0.0005681501574960637,0.44251751370239256,0.4627546194824219,1.0,2.713,0.532,1.0,0.966,0.0056,0.9
1.0083277276258684,0.0,0.4590754784515416,1.0,2.713,0.532,1.0,0.966,0.0056,0.9
0.00027074289306149805,0.45594005886392236,0.463014524456407,1.0,2.713,0.532,1.0,0.966,0.0056,0.9
0.0006357642491235457,0.44111499072265614,0.4627200024414061,1.0,2.713,0.532,1.0,0.966,0.0056,0.9
0.0005400603368717529,0.4480917686767578,0.46295414707031246,1.0,2.713,0.532,1.0,0.966,0.0056,0.9
0.0003935885660213355,0.48974895934146634,0.46377543053979986,1.0,2.713,0.532,1.0,0.966,0.0056,0.9
0.00045648302843955067,0.44505974775407575,0.46281756480506464,1.0,2.713,0.532,1.0,0.966,0.0056,0.9
0.0003145636767731482,0.4806150937383309,0.46363145607299816,1.0,2.713,0.532,1.0,0.966,0.0056,0.9
0.0006077214890802494,0.44527878377723695,0.46277904266662584,1.0,2.713,0.532,1.0,0.966,0.0056,0.9
0.0006673071338368444,0.4417285919189453,0.4627166748046874,1.0,2.713,0.532,1.0,0.966,0.0056,0.9
0.00020383268184183607,0.4553637388366227,0.463082295115138,1.0,2.713,0.532,1.0,0.966,0.0056,0.9
0.000564353924194617,0.48111196432113656,0.46366865005493174,1.0,2.713,0.532,1.0,0.966,0.0056,0.9
0.00028402339519481595,0.4611924604700127,0.4632375029571071,1.0,2.713,0.532,1.0,0.966,0.0056,0.9
0.0004862678617263141,0.47786197055053714,0.46360117731933564,1.0,2.713,0.532,1.0,0.966,0.0056,0.9
0.00032764192252170805,0.44908441625924345,0.4629329580407947,1.0,2.713,0.532,1.0,0.966,0.0056,0.9
0.0006286057785743304,0.49372149047851555,0.46380405029296873,1.0,2.713,0.532,1.0,0.966,0.0056,0.9
0.00036864579971867677,0.46801143801022677,0.4633947847480568,1.0,2.713,0.532,1.0,0.966,0.0056,0.9
0.0003627730773804492,0.4738585914306641,0.4633643533203124,1.0,2.713,0.532,1.0,0.966,0.0056,0.9
0.00047069926127977666,0.4630256090087891,0.46329912841796866,1.0,2.713,0.532,1.0,0.966,0.0056,0.9
0.00041279776321275955,0.4866019706652791,0.46374360317459046,1.0,2.713,0.532,1.0,0.966,0.0056,0.9
0.0009078710891600243,0.47377257780219617,0.4635557081434025,1.0,2.713,0.532,1.0,0.966,0.0056,0.9
0.000772028143058311,0.4521020553588867,0.4628833837890626,1.0,2.713,0.532,1.0,0.966,0.0056,0.9
0.0003030954270826346,0.45149363609566495,0.4630010237636328,1.0,2.713,0.532,1.0,0.966,0.0056,0.9
0.0007215825184542647,0.46504339171516895,0.4633639604497912,1.0,2.713,0.532,1.0,0.966,0.0056,0.9
0.0006336830187070356,0.44269501276163736,0.4628188142110176,1.0,2.713,0.532,1.0,0.966,0.0056,0.9
0.0006309843581076427,0.47374227393599166,0.4635346403447937,1.0,2.713,0.532,1.0,0.966,0.0056,0.9
0.0004434983149142644,0.4672257727237257,0.4633859991520609,1.0,2.713,0.532,1.0,0.966,0.0056,0.9
0.0009520910902776086,0.43413176612766946,0.46260347043304517,1.0,2.713,0.532,1.0,0.966,0.0056,0.9
0.0008292001047662081,0.4545727980569827,0.46314176274718466,1.0,2.713,0.532,1.0,0.966,0.0056,0.9
0.0006123762557463353,0.44781303328132627,0.46295706713562024,1.0,2.713,0.532,1.0,0.966,0.0056,0.9
0.00020624270834931836,0.454659895681674,0.4630634937485194,1.0,2.713,0.532,1.0,0.966,0.0056,0.9
0.0008902322634064142,0.43534286499023445,0.4626008300781251,1.0,2.713,0.532,1.0,0.966,0.0056,0.9
0.0003287505978340586,0.4757984084782447,0.46341053967571255,1.0,2.713,0.532,1.0,0.966,0.0056,0.9
0.0002321249615022554,0.45188693576749633,0.4629711363739978,1.0,2.713,0.532,1.0,0.966,0.0056,0.9
0.0004123274799216551,0.44607719459184036,0.4628494584316258,1.0,2.713,0.532,1.0,0.966,0.0056,0.9
9.239955791546438e-5,0.4596126314678193,0.46316084414367703,1.0,2.713,0.532,1.0,0.966,0.0056,0.9
9.415710770791602e-6,0.46542979257813405,0.4632641945266718,1.0,2.713,0.532,1.0,0.966,0.0056,0.9
0.0007487474419778347,0.4392624377522022,0.4627357976338158,1.0,2.713,0.532,1.0,0.966,0.0056,0.9
0.0006583562553218759,0.45638743542480475,0.46297700019531246,1.0,2.713,0.532,1.0,0.966,0.0056,0.9
0.00039187810917744325,0.4466540066394469,0.4628634844482426,1.0,2.713,0.532,1.0,0.966,0.0056,0.9
0.0007450101714032989,0.45811437204170224,0.46300398539733917,1.0,2.713,0.532,1.0,0.966,0.0056,0.9
0.0006853690244481114,0.44735107754514175,0.46295437106311277,1.0,2.713,0.532,1.0,0.966,0.0056,0.9
0.0008423634108045558,0.4934754510355448,0.4637675200755174,1.0,2.713,0.532,1.0,0.966,0.0056,0.9
0.00035237140807219906,0.4500599880804719,0.4629019734984385,1.0,2.713,0.532,1.0,0.966,0.0056,0.9
0.0007484929936278605,0.4637941905975008,0.46333947609679893,1.0,2.713,0.532,1.0,0.966,0.0056,0.9
0.0003262724688284903,0.4585453704833985,0.46305435852050797,1.0,2.713,0.532,1.0,0.966,0.0056,0.9
0.0006365572015119841,0.49567602152398554,0.46388807630796147,1.0,2.713,0.532,1.0,0.966,0.0056,0.9
0.0007948498770683269,0.43970453509712226,0.46266385195007337,1.0,2.713,0.532,1.0,0.966,0.0056,0.9
0.0007245235212106335,0.45662795403194123,0.46297603600878645,1.0,2.713,0.532,1.0,0.966,0.0056,0.9
0.00038198160629048054,0.4472286796875,0.4628893819335938,1.0,2.713,0.532,1.0,0.966,0.0056,0.9
0.0009209440451228342,0.4941191827178002,0.4639209020423889,1.0,2.713,0.532,1.0,0.966,0.0056,0.9
0.0009786343506926296,0.4418743235586065,0.46267380859876805,1.0,2.713,0.532,1.0,0.966,0.0056,0.9
0.00043764205457285185,0.44578359524536126,0.46282837221679685,1.0,2.713,0.532,1.0,0.966,0.0056,0.9
0.00024970796327083685,0.4653205871582031,0.463323974609375,1.0,2.713,0.532,1.0,0.966,0.0056,0.9
0.000647802736891877,0.44654418006134033,0.4629287829223635,1.0,2.713,0.532,1.0,0.966,0.0056,0.9
0.0007749962317484811,0.44116148155403145,0.46280013166198747,1.0,2.713,0.532,1.0,0.966,0.0056,0.9
0.0003769568437277705,0.44731341248621054,0.46288966369628903,1.0,2.713,0.532,1.0,0.966,0.0056,0.9
0.0005679974115455624,0.45526517285156254,0.46296367031249996,1.0,2.713,0.532,1.0,0.966,0.0056,0.9
0.00045845542961310125,0.48816131867230295,0.463683749285889,1.0,2.713,0.532,1.0,0.966,0.0056,0.9
0.0005634852305194227,0.45151018134917853,0.4630439075650691,1.0,2.713,0.532,1.0,0.966,0.0056,0.9
0.0009462949908977913,0.47678151486206055,0.4636170863037109,1.0,2.713,0.532,1.0,0.966,0.0056,0.9
0.0002232260626018306,0.4671445190429687,0.463238759765625,1.0,2.713,0.532,1.0,0.966,0.0056,0.9
0.0008928267529959026,0.4388911496322154,0.4626353660083772,1.0,2.713,0.532,1.0,0.966,0.0056,0.9
0.000588720282991675,0.4462750780897108,0.46291306407928606,1.0,2.713,0.532,1.0,0.966,0.0056,0.9
6.78207483073918e-5,0.47089214559157533,0.4634089496276853,1.0,2.713,0.532,1.0,0.966,0.0056,0.9
0.0006279743996847901,0.4657943955812107,0.463372371623085,1.0,2.713,0.532,1.0,0.966,0.0056,0.9
0.0009949897709597686,0.4340083739885023,0.4626163201904296,1.0,2.713,0.532,1.0,0.966,0.0056,0.9
0.0006670003334476148,0.4418603082761421,0.46271838715457897,1.0,2.713,0.532,1.0,0.966,0.0056,0.9
0.0007937071221744168,0.4574990082702637,0.463205276147461,1.0,2.713,0.532,1.0,0.966,0.0056,0.9
7.701495059712656e-5,0.4781295835980848,0.4635182415039062,1.0,2.713,0.532,1.0,0.966,0.0056,0.9
0.0008274607166749117,0.4867887599182129,0.46361044799804685,1.0,2.713,0.532,1.0,0.966,0.0056,0.9
0.0002411979199031225,0.4797763444824219,0.4636057323242189,1.0,2.713,0.532,1.0,0.966,0.0056,0.9
0.0006190599829775458,0.44216840307712557,0.4627982967758179,1.0,2.713,0.532,1.0,0.966,0.0056,0.9
0.0001218896217842395,0.4676137802148357,0.46326423443145737,1.0,2.713,0.532,1.0,0.966,0.0056,0.9
0.0009550258348600689,0.4499123422851563,0.4628256039062501,1.0,2.713,0.532,1.0,0.966,0.0056,0.9
0.0006128494313138712,0.4423695411682129,0.4628032635498049,1.0,2.713,0.532,1.0,0.966,0.0056,0.9
0.00013494822127339774,0.4654729900920518,0.4632184361750358,1.0,2.713,0.532,1.0,0.966,0.0056,0.9
0.0006911103009217651,0.4392505392608642,0.4626964064453125,1.0,2.713,0.532,1.0,0.966,0.0056,0.9
0.0004656482491713012,0.4587238872608106,0.4630415015004729,1.0,2.713,0.532,1.0,0.966,0.0056,0.9
0.0003430691497308126,0.46105256146240237,0.46310098164062496,1.0,2.713,0.532,1.0,0.966,0.0056,0.9
0.00034216719672918903,0.47328774353147257,0.46335424804687425,1.0,2.713,0.532,1.0,0.966,0.0056,0.9
0.0009077867548276527,0.4369310050586138,0.4626058809700344,1.0,2.713,0.532,1.0,0.966,0.0056,0.9
0.000876122233206076,0.43638131328427887,0.4626696482666016,1.0,2.713,0.532,1.0,0.966,0.0056,0.9
0.0006486185387392182,0.4634516958771915,0.46332423271484346,1.0,2.713,0.532,1.0,0.966,0.0056,0.9
0.00037905412388746873,0.4667631138717483,0.46321253176031324,1.0,2.713,0.532,1.0,0.966,0.0056,0.9
0.0009245612394956824,0.44595157491058507,0.46294447355304535,1.0,2.713,0.532,1.0,0.966,0.0056,0.9
0.0006876555262186564,0.47745801035749613,0.46361122256450615,1.0,2.713,0.532,1.0,0.966,0.0056,0.9
0.00047308848535112386,0.4445061979996192,0.46280946550256463,1.0,2.713,0.532,1.0,0.966,0.0056,0.9
0.0004883171678671664,0.4492067900651066,0.46297554038662836,1.0,2.713,0.532,1.0,0.966,0.0056,0.9
0.0008611902110668204,0.439921563543659,0.4627781802754659,1.0,2.713,0.532,1.0,0.966,0.0056,0.9
0.00028314404200040786,0.4513912562131882,0.46299205188751225,1.0,2.713,0.532,1.0,0.966,0.0056,0.9
0.0005690871360228521,0.4453709128422737,0.46288466188888433,1.0,2.713,0.532,1.0,0.966,0.0056,0.9
0.0004461589484010224,0.47698859241033065,0.46358074955401907,1.0,2.713,0.532,1.0,0.966,0.0056,0.9
0.0007571204368195632,0.46526609598635194,0.4631488983886719,1.0,2.713,0.532,1.0,0.966,0.0056,0.9
0.000611286724003384,0.4891527221069336,0.4636872454101561,1.0,2.713,0.532,1.0,0.966,0.0056,0.9
0.0009256980950378474,0.4348272532204721,0.46258455682809074,1.0,2.713,0.532,1.0,0.966,0.0056,0.9
0.0005642957379875337,0.44556726684570314,0.4627910278320314,1.0,2.713,0.532,1.0,0.966,0.0056,0.9
0.0008876348368083433,0.43752707654733947,0.46261733039015374,1.0,2.713,0.532,1.0,0.966,0.0056,0.9
4.394746995270707e-5,0.4620385424269462,0.4632024397480019,1.0,2.713,0.532,1.0,0.966,0.0056,0.9
0.0007908651776251998,0.4374891032714844,0.46268225078125014,1.0,2.713,0.532,1.0,0.966,0.0056,0.9
0.000979370019139395,0.43342619805020133,0.4625698500106812,1.0,2.713,0.532,1.0,0.966,0.0056,0.9
1.0083286006655496,0.0,0.45907535881796313,1.0,2.713,0.532,1.0,0.966,0.0056,0.9
0.0004858368535516854,0.4462145608776744,0.4628918027659948,1.0,2.713,0.532,1.0,0.966,0.0056,0.9
0.0006078197331527786,0.4879259681494297,0.4636579042480464,1.0,2.713,0.532,1.0,0.966,0.0056,0.9
0.0007030045410301365,0.45949374968528744,0.4630350807769774,1.0,2.713,0.532,1.0,0.966,0.0056,0.9
0.00049903687394159,0.4589795238252623,0.46304311700190215,1.0,2.713,0.532,1.0,0.966,0.0056,0.9
0.0009787858856729048,0.4809919541015625,0.46369923320312506,1.0,2.713,0.532,1.0,0.966,0.0056,0.9
0.0006188395235573231,0.4424303554212361,0.46273680210113555,1.0,2.713,0.532,1.0,0.966,0.0056,0.9
0.0007256561623587084,0.48073493383789057,0.4634822524414063,1.0,2.713,0.532,1.0,0.966,0.0056,0.9
0.00011862181511197958,0.4604363997955322,0.4631905252685548,1.0,2.713,0.532,1.0,0.966,0.0056,0.9
0.00013111036020424608,0.47305559437812533,0.46346455246252927,1.0,2.713,0.532,1.0,0.966,0.0056,0.9
0.000880182303552515,0.4365228867697203,0.46267599469569587,1.0,2.713,0.532,1.0,0.966,0.0056,0.9
0.00013196630877055447,0.4736563748618248,0.46347617176307143,1.0,2.713,0.532,1.0,0.966,0.0056,0.9
1.7277510669399645e-6,0.4674021759525795,0.4633028262228547,1.0,2.713,0.532,1.0,0.966,0.0056,0.9
0.0009426024502465124,0.4346330488531589,0.46262312063255284,1.0,2.713,0.532,1.0,0.966,0.0056,0.9
0.0006569962058671155,0.440490365993914,0.46270874169796883,1.0,2.713,0.532,1.0,0.966,0.0056,0.9
0.0006077674982925053,0.4414371223678588,0.4627664694458008,1.0,2.713,0.532,1.0,0.966,0.0056,0.9
0.00024366519878268552,0.4656411006272947,0.4632052510976794,1.0,2.713,0.532,1.0,0.966,0.0056,0.9
0.0003324771145360308,0.4508444477645735,0.4629181813011169,1.0,2.713,0.532,1.0,0.966,0.0056,0.9
0.00011804630940711622,0.4790571790683493,0.4635657529296877,1.0,2.713,0.532,1.0,0.966,0.0056,0.9
0.00014561348078252867,0.48184832955311363,0.4635979935791015,1.0,2.713,0.532,1.0,0.966,0.0056,0.9
6.213197731072568e-6,0.4668933368496895,0.46328636571578996,1.0,2.713,0.532,1.0,0.966,0.0056,0.9
0.00034006809182442877,0.448324784673253,0.46290841916084324,1.0,2.713,0.532,1.0,0.966,0.0056,0.9
0.0002972580301611276,0.45243871456864504,0.463026050219727,1.0,2.713,0.532,1.0,0.966,0.0056,0.9
0.0005954033842555534,0.456346256673879,0.4629819896323365,1.0,2.713,0.532,1.0,0.966,0.0056,0.9
0.0004920224959456614,0.49217177932739264,0.46382549487304675,1.0,2.713,0.532,1.0,0.966,0.0056,0.9
0.000884363209198453,0.4352534456694126,0.4626084531250001,1.0,2.713,0.532,1.0,0.966,0.0056,0.9
0.0006569501179289094,0.44036255926378076,0.4627086397236579,1.0,2.713,0.532,1.0,0.966,0.0056,0.9
0.00047183178201537024,0.4842658831656166,0.4637142933776853,1.0,2.713,0.532,1.0,0.966,0.0056,0.9
0.0006317945342514634,0.4586884356309896,0.46302494501953173,1.0,2.713,0.532,1.0,0.966,0.0056,0.9
0.00013398611571276953,0.4812114455415931,0.46358151889648563,1.0,2.713,0.532,1.0,0.966,0.0056,0.9
0.0007170666092601979,0.44097125471978416,0.46269617676734864,1.0,2.713,0.532,1.0,0.966,0.0056,0.9
9.369774434608487e-6,0.4690785539170088,0.4633268055613257,1.0,2.713,0.532,1.0,0.966,0.0056,0.9
4.744151877542296e-6,0.46725196509146694,0.4633078722843172,1.0,2.713,0.532,1.0,0.966,0.0056,0.9
6.968320280310655e-6,0.47163360431075096,0.4633900886447906,1.0,2.713,0.532,1.0,0.966,0.0056,0.9
1.2695207212823739e-6,0.4690433466454167,0.46333392589969336,1.0,2.713,0.532,1.0,0.966,0.0056,0.9
5.880138351201985e-6,0.4683617863155989,0.4633145480102904,1.0,2.713,0.532,1.0,0.966,0.0056,0.9
5.302454940791773e-6,0.4709761203457117,0.46338308732357025,1.0,2.713,0.532,1.0,0.966,0.0056,0.9
7.90807758164763e-6,0.467543262429134,0.4633176048443537,1.0,2.713,0.532,1.0,0.966,0.0056,0.9
9.164077637102451e-7,0.46920395732007913,0.46334527141827136,1.0,2.713,0.532,1.0,0.966,0.0056,0.9
6.348747978971429e-6,0.4667494452321534,0.46328375005976186,1.0,2.713,0.532,1.0,0.966,0.0056,0.9
2.875921013750772e-6,0.4696877629406453,0.4633577499736786,1.0,2.713,0.532,1.0,0.966,0.0056,0.9
7.481672377139125e-6,0.4687480597553162,0.46334329825262394,1.0,2.713,0.532,1.0,0.966,0.0056,0.9
7.30838938952974e-6,0.468745981374152,0.4633431261781574,1.0,2.713,0.532,1.0,0.966,0.0056,0.9
5.05724172291589e-6,0.4676258009261708,0.46331693137536734,1.0,2.713,0.532,1.0,0.966,0.0056,0.9
1.7699160745633585e-6,0.4698333924178033,0.46335101438462745,1.0,2.713,0.532,1.0,0.966,0.0056,0.9
6.889040661576848e-6,0.46774018469031153,0.4633013997374297,1.0,2.713,0.532,1.0,0.966,0.0056,0.9
6.688892773185648e-6,0.4712325345657459,0.4633890350235601,1.0,2.713,0.532,1.0,0.966,0.0056,0.9
0.0005805947941085136,0.46230448301867,0.4632936477661135,1.0,2.713,0.532,1.0,0.966,0.0056,0.9
2.0441241187518045e-6,0.4690749207885564,0.4633333590960981,1.0,2.713,0.532,1.0,0.966,0.0056,0.9
5.3332880034849645e-6,0.467773366085835,0.4633034214249214,1.0,2.713,0.532,1.0,0.966,0.0056,0.9
9.408587719050542e-6,0.4670210331984435,0.4633068898712671,1.0,2.713,0.532,1.0,0.966,0.0056,0.9
4.268322693035625e-6,0.4665424023577617,0.4632852129632374,1.0,2.713,0.532,1.0,0.966,0.0056,0.9
6.581939760714609e-6,0.46988722853666176,0.4633463699369614,1.0,2.713,0.532,1.0,0.966,0.0056,0.9
9.8677119959938e-6,0.4715476707586199,0.4633978234338524,1.0,2.713,0.532,1.0,0.966,0.0056,0.9
8.561990232223884e-6,0.4663017206659238,0.4632888252157477,1.0,2.713,0.532,1.0,0.966,0.0056,0.9
6.4329197439908126e-6,0.467160667658952,0.4632908890806137,1.0,2.713,0.532,1.0,0.966,0.0056,0.9
9.813693839976985e-6,0.46649560353384756,0.46329482646206754,1.0,2.713,0.532,1.0,0.966,0.0056,0.9
8.049526906202545e-6,0.4657857750171497,0.4632736158047557,1.0,2.713,0.532,1.0,0.966,0.0056,0.9
3.838151156346522e-6,0.47052898700918366,0.4633738314684772,1.0,2.713,0.532,1.0,0.966,0.0056,0.9
5.944189966186348e-6,0.46618765223879144,0.4632765937492254,1.0,2.713,0.532,1.0,0.966,0.0056,0.9
6.89876761715484e-6,0.4660658307648263,0.463272867783457,1.0,2.713,0.532,1.0,0.966,0.0056,0.9
8.75382925327693e-6,0.46990768643894126,0.4633451236337664,1.0,2.713,0.532,1.0,0.966,0.0056,0.9
7.996475060099145e-6,0.46849920767120595,0.4633384565765405,1.0,2.713,0.532,1.0,0.966,0.0056,0.9
8.207645471319366e-6,0.4658045997373707,0.4632672318297565,1.0,2.713,0.532,1.0,0.966,0.0056,0.9
1.2684868224232573e-6,0.4680255088103148,0.4633136538589775,1.0,2.713,0.532,1.0,0.966,0.0056,0.9
8.796125555984241e-6,0.4712435829067736,0.46339180448943973,1.0,2.713,0.532,1.0,0.966,0.0056,0.9
9.48809756216554e-6,0.4703621990682135,0.4633767185389648,1.0,2.713,0.532,1.0,0.966,0.0056,0.9
7.303088562405981e-6,0.4686508438740671,0.4633193250242712,1.0,2.713,0.532,1.0,0.966,0.0056,0.9
3.094427609941842e-7,0.469397325761602,0.46334539797069585,1.0,2.713,0.532,1.0,0.966,0.0056,0.9
6.213036901173907e-6,0.471265858155272,0.46338868561216723,1.0,2.713,0.532,1.0,0.966,0.0056,0.9
4.189916963232199e-6,0.4710355830623628,0.46337966647183715,1.0,2.713,0.532,1.0,0.966,0.0056,0.9
3.1279899606000326e-6,0.4668654946857912,0.4632921551010284,1.0,2.713,0.532,1.0,0.966,0.0056,0.9
7.354203297683943e-6,0.4699701749902181,0.4633676476729025,1.0,2.713,0.532,1.0,0.966,0.0056,0.9
5.536587369027464e-6,0.4674120536819242,0.46329640031331876,1.0,2.713,0.532,1.0,0.966,0.0056,0.9
2.7775934729603926e-6,0.46710881286172395,0.46329548928426356,1.0,2.713,0.532,1.0,0.966,0.0056,0.9
8.592940693738947e-6,0.46745227992110644,0.46331609138552166,1.0,2.713,0.532,1.0,0.966,0.0056,0.9
4.263395036491455e-6,0.46915462400300334,0.46334891969653264,1.0,2.713,0.532,1.0,0.966,0.0056,0.9
3.426589486674872e-6,0.4707476673399079,0.46337571076981154,1.0,2.713,0.532,1.0,0.966,0.0056,0.9
4.717563354399626e-6,0.469881606499546,0.463363561786416,1.0,2.713,0.532,1.0,0.966,0.0056,0.9
8.286195496828686e-6,0.4699565242851095,0.4633681130233305,1.0,2.713,0.532,1.0,0.966,0.0056,0.9
7.131886736259622e-6,0.4707817922036117,0.4633665479373734,1.0,2.713,0.532,1.0,0.966,0.0056,0.9
9.347194868782888e-6,0.4663364855636839,0.4632735605667717,1.0,2.713,0.532,1.0,0.966,0.0056,0.9
5.306956544683137e-6,0.4672328345629043,0.4632933732642347,1.0,2.713,0.532,1.0,0.966,0.0056,0.9
4.911437450155122e-6,0.46652379579016784,0.46328266948394525,1.0,2.713,0.532,1.0,0.966,0.0056,0.9
4.5214738318328725e-6,0.4684345922386888,0.4633342267616743,1.0,2.713,0.532,1.0,0.966,0.0056,0.9
6.207562624079495e-6,0.4675945802298512,0.46331732743870135,1.0,2.713,0.532,1.0,0.966,0.0056,0.9
3.994428480595029e-6,0.47098262774192323,0.46337849032286854,1.0,2.713,0.532,1.0,0.966,0.0056,0.9
8.633558302783296e-6,0.4682196955993436,0.46333296095650395,1.0,2.713,0.532,1.0,0.966,0.0056,0.9
6.896038665249638e-6,0.4675110082025946,0.463316045102274,1.0,2.713,0.532,1.0,0.966,0.0056,0.9
3.4307792995297562e-6,0.46685648164219695,0.4632951874466056,1.0,2.713,0.532,1.0,0.966,0.0056,0.9
7.038279695074575e-6,0.46593213019642377,0.4632714720892548,1.0,2.713,0.532,1.0,0.966,0.0056,0.9
7.596871613338706e-6,0.4667343626813625,0.4632985357859454,1.0,2.713,0.532,1.0,0.966,0.0056,0.9
9.061084249692389e-6,0.46568028894719493,0.4632725056762258,1.0,2.713,0.532,1.0,0.966,0.0056,0.9
1.084280086554478e-6,0.4676759519509671,0.4633090578839419,1.0,2.713,0.532,1.0,0.966,0.0056,0.9
2.639402365804494e-6,0.47025098518069663,0.46336719016195227,1.0,2.713,0.532,1.0,0.966,0.0056,0.9
6.215439856267998e-6,0.4685976732851487,0.46331907722024823,1.0,2.713,0.532,1.0,0.966,0.0056,0.9
2.2387056540473384e-6,0.46768594353434156,0.46331463237376236,1.0,2.713,0.532,1.0,0.966,0.0056,0.9
1.0083274008042955,0.0,0.4590755239579125,1.0,2.713,0.532,1.0,0.966,0.0056,0.9
7.281888430943507e-6,0.4706363793616549,0.463362927290918,1.0,2.713,0.532,1.0,0.966,0.0056,0.9
1.6475474830140466e-6,0.4701721351164585,0.46336283254442623,1.0,2.713,0.532,1.0,0.966,0.0056,0.9
2.1325198706627853e-6,0.47021203327342564,0.46335989856125004,1.0,2.713,0.532,1.0,0.966,0.0056,0.9
6.915487339796358e-6,0.4673968511468083,0.4632948152377273,1.0,2.713,0.532,1.0,0.966,0.0056,0.9
1.653000518692225e-6,0.4677894502492407,0.4633159702707621,1.0,2.713,0.532,1.0,0.966,0.0056,0.9
9.381452983443887e-6,0.4666279041189959,0.46327859680141237,1.0,2.713,0.532,1.0,0.966,0.0056,0.9
6.56321558196069e-6,0.4662835079877915,0.463276202509426,1.0,2.713,0.532,1.0,0.966,0.0056,0.9
9.103845009310067e-7,0.46854401000401,0.46333175089905465,1.0,2.713,0.532,1.0,0.966,0.0056,0.9
7.935515741781074e-6,0.4666297910757564,0.4632799746824593,1.0,2.713,0.532,1.0,0.966,0.0056,0.9
4.21243387299382e-6,0.4680639447849023,0.46331017050176043,1.0,2.713,0.532,1.0,0.966,0.0056,0.9
6.158664412482925e-6,0.47050359723055013,0.4633609013122021,1.0,2.713,0.532,1.0,0.966,0.0056,0.9
3.553429998689282e-6,0.4668542797914056,0.46329552195542356,1.0,2.713,0.532,1.0,0.966,0.0056,0.9
4.430082964738434e-6,0.4709097966385076,0.4633737155758497,1.0,2.713,0.532,1.0,0.966,0.0056,0.9
9.53457383949558e-6,0.47215817555851813,0.46340175907781794,1.0,2.713,0.532,1.0,0.966,0.0056,0.9
7.630109213791099e-6,0.4677515670008199,0.46330102593752864,1.0,2.713,0.532,1.0,0.966,0.0056,0.9
4.3874327721568955e-6,0.4701625628377929,0.46335482825352725,1.0,2.713,0.532,1.0,0.966,0.0056,0.9
9.305355759348313e-6,0.4670060072482046,0.46328553485380625,1.0,2.713,0.532,1.0,0.966,0.0056,0.9
1.7063860188879088e-6,0.46738641249239565,0.46330288419512744,1.0,2.713,0.532,1.0,0.966,0.0056,0.9
1.5427279620066353e-6,0.46909489621494216,0.4633443407138526,1.0,2.713,0.532,1.0,0.966,0.0056,0.9
2.82920755270505e-6,0.46756869271945034,0.4633128162083873,1.0,2.713,0.532,1.0,0.966,0.0056,0.9
4.290613158995344e-6,0.4666498179860281,0.46329140136775737,1.0,2.713,0.532,1.0,0.966,0.0056,0.9
0.0007025096746577913,0.4430389404296875,0.46284179687499993,1.0,2.713,0.532,1.0,0.966,0.0056,0.9
9.796712492847808e-6,0.4669135653928534,0.4632834413583738,1.0,2.713,0.532,1.0,0.966,0.0056,0.9
7.199713742175614e-6,0.4679722871801889,0.46330569434641705,1.0,2.713,0.532,1.0,0.966,0.0056,0.9
4.885690351848617e-6,0.46703349746359857,0.4632903927275538,1.0,2.713,0.532,1.0,0.966,0.0056,0.9
9.474057720907002e-6,0.4693052246816932,0.4633315477249973,1.0,2.713,0.532,1.0,0.966,0.0056,0.9
5.547450167101253e-6,0.4678768398665826,0.46332304632737564,1.0,2.713,0.532,1.0,0.966,0.0056,0.9
5.7861037573905766e-6,0.4668659533792965,0.4632863995005273,1.0,2.713,0.532,1.0,0.966,0.0056,0.9
1.0497098488006187e-6,0.4698881255666817,0.463354978275533,1.0,2.713,0.532,1.0,0.966,0.0056,0.9
4.8852384334225706e-6,0.46709031318270966,0.4633041401140914,1.0,2.713,0.532,1.0,0.966,0.0056,0.9
8.3426552420793e-6,0.4676681245086159,0.46329885706855944,1.0,2.713,0.532,1.0,0.966,0.0056,0.9
3.747489175918561e-6,0.4685281388518898,0.4633199163956483,1.0,2.713,0.532,1.0,0.966,0.0056,0.9
7.517796963282993e-6,0.46954225983155895,0.4633380318510041,1.0,2.713,0.532,1.0,0.966,0.0056,0.9
3.5669444314056174e-6,0.46944022383667006,0.4633538575332817,1.0,2.713,0.532,1.0,0.966,0.0056,0.9
9.977802728217979e-6,0.4722184591383418,0.4634058228625483,1.0,2.713,0.532,1.0,0.966,0.0056,0.9
4.142333108942148e-6,0.4671136660143972,0.4632927929741175,1.0,2.713,0.532,1.0,0.966,0.0056,0.9
2.393183701720997e-6,0.46974247164066596,0.4633580589514368,1.0,2.713,0.532,1.0,0.966,0.0056,0.9
5.01714290479839e-7,0.4680175513458318,0.4633168817143682,1.0,2.713,0.532,1.0,0.966,0.0056,0.9
3.027075221747279e-6,0.4671240914679632,0.4632950196011474,1.0,2.713,0.532,1.0,0.966,0.0056,0.9
8.366105734986207e-6,0.47182524757987454,0.4633993474304363,1.0,2.713,0.532,1.0,0.966,0.0056,0.9
8.40662412791029e-6,0.46776299923909354,0.4633006608282554,1.0,2.713,0.532,1.0,0.966,0.0056,0.9
6.897711269694649e-6,0.46614873993643385,0.46328240144908306,1.0,2.713,0.532,1.0,0.966,0.0056,0.9
3.259076441883804e-6,0.4691281171473191,0.46333296041016714,1.0,2.713,0.532,1.0,0.966,0.0056,0.9
0.00033327922614209324,0.4669619176042943,0.46336899995803826,1.0,2.713,0.532,1.0,0.966,0.0056,0.9
6.58204639049799e-6,0.47055501477720474,0.46336168618111984,1.0,2.713,0.532,1.0,0.966,0.0056,0.9
6.404555576865742e-6,0.4660888711393201,0.4632744349832333,1.0,2.713,0.532,1.0,0.966,0.0056,0.9
4.52139679758058e-6,0.4707199422435573,0.46336833514824793,1.0,2.713,0.532,1.0,0.966,0.0056,0.9
5.388600477168709e-6,0.46788679189268656,0.46330556091997604,1.0,2.713,0.532,1.0,0.966,0.0056,0.9
4.055031746227436e-6,0.46706768191204073,0.4633023895821052,1.0,2.713,0.532,1.0,0.966,0.0056,0.9
7.5932605634921625e-6,0.4713492555579383,0.46338028371836587,1.0,2.713,0.532,1.0,0.966,0.0056,0.9
6.624334838426468e-6,0.47161075513043804,0.4633914064619855,1.0,2.713,0.532,1.0,0.966,0.0056,0.9
7.75191565379404e-6,0.46757812909837226,0.4633182628533477,1.0,2.713,0.532,1.0,0.966,0.0056,0.9
5.931483038745222e-6,0.47144586613155903,0.4633871540046145,1.0,2.713,0.532,1.0,0.966,0.0056,0.9
5.2514745132441266e-6,0.4667815384951122,0.46329690842459315,1.0,2.713,0.532,1.0,0.966,0.0056,0.9
6.944581443673799e-6,0.4669310010803329,0.46328624964039444,1.0,2.713,0.532,1.0,0.966,0.0056,0.9
2.3758703224245356e-6,0.4698307454026025,0.46334981568314715,1.0,2.713,0.532,1.0,0.966,0.0056,0.9
4.127605422454165e-6,0.47099759237714467,0.4633800192915366,1.0,2.713,0.532,1.0,0.966,0.0056,0.9
6.611582674158421e-6,0.46638188719413265,0.46328842821060345,1.0,2.713,0.532,1.0,0.966,0.0056,0.9
1.0083273977941238,0.0,0.45907552438895655,1.0,2.713,0.532,1.0,0.966,0.0056,0.9
7.466161739318654e-6,0.47043248342408794,0.4633763978652567,1.0,2.713,0.532,1.0,0.966,0.0056,0.9
3.6947769818557773e-6,0.4697828408970215,0.4633468870401127,1.0,2.713,0.532,1.0,0.966,0.0056,0.9
2.170346245087373e-6,0.470065091518571,0.4633632377711514,1.0,2.713,0.532,1.0,0.966,0.0056,0.9
6.283870763319142e-6,0.47004707934804146,0.4633502221170634,1.0,2.713,0.532,1.0,0.966,0.0056,0.9
8.419653701811872e-6,0.46782442533658,0.46332423225585195,1.0,2.713,0.532,1.0,0.966,0.0056,0.9
5.691942750893035e-6,0.46679684227691726,0.4632853617469371,1.0,2.713,0.532,1.0,0.966,0.0056,0.9
1.2712058982385605e-6,0.4688347292323184,0.4633294967332231,1.0,2.713,0.532,1.0,0.966,0.0056,0.9
6.088703196612649e-6,0.46692022777063114,0.46328697273568153,1.0,2.713,0.532,1.0,0.966,0.0056,0.9
2.458053063960502e-6,0.4679361717938063,0.4633208672053652,1.0,2.713,0.532,1.0,0.966,0.0056,0.9
7.162445254289544e-6,0.4702817699612196,0.4633733567876487,1.0,2.713,0.532,1.0,0.966,0.0056,0.9
6.299000133226589e-6,0.4711999615776349,0.46338795134520905,1.0,2.713,0.532,1.0,0.966,0.0056,0.9
8.000404224667371e-6,0.4674003688589694,0.46329397245657583,1.0,2.713,0.532,1.0,0.966,0.0056,0.9
9.635455367779368e-6,0.46995963266509455,0.46336914587034184,1.0,2.713,0.532,1.0,0.966,0.0056,0.9
3.995400247482131e-6,0.46836250760512066,0.46331631196665735,1.0,2.713,0.532,1.0,0.966,0.0056,0.9
8.414402800672273e-6,0.4683554153574995,0.4633357058914406,1.0,2.713,0.532,1.0,0.966,0.0056,0.9
3.5307977820437365e-6,0.46899042621980214,0.4633448345642954,1.0,2.713,0.532,1.0,0.966,0.0056,0.9
9.045352585568034e-6,0.4711835396203019,0.4633910560613135,1.0,2.713,0.532,1.0,0.966,0.0056,0.9
3.707402442643116e-6,0.46730249498549403,0.46330770734644267,1.0,2.713,0.532,1.0,0.966,0.0056,0.9
3.640332495053534e-6,0.46681988510719385,0.4632894993292901,1.0,2.713,0.532,1.0,0.966,0.0056,0.9
8.115707219307958e-6,0.4715821767298951,0.4633961035994568,1.0,2.713,0.532,1.0,0.966,0.0056,0.9
1.2466328830881058e-6,0.4700066562287535,0.46335897166958173,1.0,2.713,0.532,1.0,0.966,0.0056,0.9
9.369988839068804e-6,0.4685881054669381,0.4633412738164092,1.0,2.713,0.532,1.0,0.966,0.0056,0.9
5.40484988573332e-6,0.4703622172789961,0.4633583630534848,1.0,2.713,0.532,1.0,0.966,0.0056,0.9
7.853242247019388e-6,0.469039680239415,0.4633270321953926,1.0,2.713,0.532,1.0,0.966,0.0056,0.9
8.244648668405068e-6,0.4674534903819699,0.46331585041091883,1.0,2.713,0.532,1.0,0.966,0.0056,0.9
8.79866841183625e-6,0.468359508875381,0.46333606044924946,1.0,2.713,0.532,1.0,0.966,0.0056,0.9
5.088505363020835e-6,0.4681515993284002,0.4633110380958711,1.0,2.713,0.532,1.0,0.966,0.0056,0.9
6.118417395766595e-6,0.4660740800255798,0.4632762726607138,1.0,2.713,0.532,1.0,0.966,0.0056,0.9
4.874604177478397e-6,0.4665710297971952,0.46329052638842483,1.0,2.713,0.532,1.0,0.966,0.0056,0.9
2.8612437479292064e-6,0.4706192621856893,0.4633722333609912,1.0,2.713,0.532,1.0,0.966,0.0056,0.9
3.9734186206147275e-6,0.46782566401403647,0.46332030356453635,1.0,2.713,0.532,1.0,0.966,0.0056,0.9
4.600393219745688e-6,0.469546436723976,0.46335701904796,1.0,2.713,0.532,1.0,0.966,0.0056,0.9
7.425623371625401e-6,0.47177085844211253,0.4633942263300037,1.0,2.713,0.532,1.0,0.966,0.0056,0.9
5.266921699059896e-6,0.46962748108010977,0.46334177655371056,1.0,2.713,0.532,1.0,0.966,0.0056,0.9
7.833956078955408e-6,0.4685250335601212,0.4633163482919539,1.0,2.713,0.532,1.0,0.966,0.0056,0.9
9.910622099078474e-6,0.4716435486964833,0.46338514812223114,1.0,2.713,0.532,1.0,0.966,0.0056,0.9
8.957573078247428e-6,0.4683292572274096,0.4633355257060272,1.0,2.713,0.532,1.0,0.966,0.0056,0.9
8.253681756712657e-6,0.4661021538787601,0.46328325611392485,1.0,2.713,0.532,1.0,0.966,0.0056,0.9
4.061554709933306e-6,0.46961437658025484,0.46335777852134347,1.0,2.713,0.532,1.0,0.966,0.0056,0.9
1.3115444389162903e-6,0.4683168308642478,0.46331899967339746,1.0,2.713,0.532,1.0,0.966,0.0056,0.9
4.624719261481189e-6,0.47101374568055565,0.4633821134623596,1.0,2.713,0.532,1.0,0.966,0.0056,0.9
6.242641253913626e-6,0.47145385156234054,0.46339066669568674,1.0,2.713,0.532,1.0,0.966,0.0056,0.9
9.222503464387138e-6,0.4721138445370654,0.46340147991278435,1.0,2.713,0.532,1.0,0.966,0.0056,0.9
6.91288006363488e-6,0.4691811765146805,0.46333073160330024,1.0,2.713,0.532,1.0,0.966,0.0056,0.9
5.270839705934023e-6,0.46688033558286623,0.4632994465902558,1.0,2.713,0.532,1.0,0.966,0.0056,0.9
3.063925121769705e-6,0.47038620264347686,0.4633701607355664,1.0,2.713,0.532,1.0,0.966,0.0056,0.9
7.774293649289706e-6,0.46917225986632566,0.46335222712794155,1.0,2.713,0.532,1.0,0.966,0.0056,0.9
3.0196014101351417e-6,0.46797832803368844,0.46332260026910177,1.0,2.713,0.532,1.0,0.966,0.0056,0.9
3.125531309861444e-6,0.46768702809894735,0.46331606240323486,1.0,2.713,0.532,1.0,0.966,0.0056,0.9
3.329259498692358e-6,0.467143051244733,0.4633030491738937,1.0,2.713,0.532,1.0,0.966,0.0056,0.9
7.929844456899728e-6,0.46900633779963163,0.4633262746640464,1.0,2.713,0.532,1.0,0.966,0.0056,0.9
1.5238155330356157e-6,0.46841746129429906,0.46333016966431284,1.0,2.713,0.532,1.0,0.966,0.0056,0.9
4.824609399825534e-6,0.46687772845599196,0.4632987413618661,1.0,2.713,0.532,1.0,0.966,0.0056,0.9
8.427694765671275e-6,0.47137737868154894,0.46339354048681375,1.0,2.713,0.532,1.0,0.966,0.0056,0.9
7.007572824591066e-6,0.47000588826563183,0.46334866558900734,1.0,2.713,0.532,1.0,0.966,0.0056,0.9
7.687389905587427e-6,0.467359491401923,0.4632934527246578,1.0,2.713,0.532,1.0,0.966,0.0056,0.9
4.760860191554958e-6,0.46849437909682257,0.4633357264251366,1.0,2.713,0.532,1.0,0.966,0.0056,0.9
5.0903391355126485e-6,0.4669652949750427,0.4633013269420095,1.0,2.713,0.532,1.0,0.966,0.0056,0.9
1.7513238885088363e-6,0.4701039774822995,0.4633626720266517,1.0,2.713,0.532,1.0,0.966,0.0056,0.9
8.254404805455103e-6,0.4680674336770514,0.463306790669589,1.0,2.713,0.532,1.0,0.966,0.0056,0.9
8.594715929689311e-6,0.46649006841514606,0.46327691409527877,1.0,2.713,0.532,1.0,0.966,0.0056,0.9
7.245011516410078e-6,0.47023500590600886,0.46337255904888874,1.0,2.713,0.532,1.0,0.966,0.0056,0.9
5.173132957140501e-6,0.46682147670360385,0.4632978183183525,1.0,2.713,0.532,1.0,0.966,0.0056,0.9
1.9038280554641657e-6,0.46762064241280976,0.4633123355614525,1.0,2.713,0.532,1.0,0.966,0.0056,0.9
6.353612482594505e-6,0.4715243624536778,0.4633912451457373,1.0,2.713,0.532,1.0,0.966,0.0056,0.9
7.599271186696933e-6,0.4659731538546439,0.4632785607635036,1.0,2.713,0.532,1.0,0.966,0.0056,0.9
6.08381035392539e-6,0.46624456816869553,0.46328353781733994,1.0,2.713,0.532,1.0,0.966,0.0056,0.9
8.625097363417645e-6,0.4698062890816478,0.46334298184074524,1.0,2.713,0.532,1.0,0.966,0.0056,0.9
7.448738976188223e-6,0.46934993670468284,0.4633555674941399,1.0,2.713,0.532,1.0,0.966,0.0056,0.9
7.68128570610399e-5,0.46929644252230673,0.46337899267673566,1.0,2.713,0.532,1.0,0.966,0.0056,0.9
7.2259330199770366e-6,0.46660818926294406,0.46329504466385185,1.0,2.713,0.532,1.0,0.966,0.0056,0.9
5.198252957374593e-6,0.4689130586381276,0.46332648133337523,1.0,2.713,0.532,1.0,0.966,0.0056,0.9
8.496488856726253e-6,0.46651367905209584,0.46329404551314524,1.0,2.713,0.532,1.0,0.966,0.0056,0.9
1.3330667980481416e-6,0.4694414513852545,0.46335064635114065,1.0,2.713,0.532,1.0,0.966,0.0056,0.9
7.4179383432027285e-6,0.46592848025251987,0.46327674996670093,1.0,2.713,0.532,1.0,0.966,0.0056,0.9
4.6812078740810235e-6,0.47035958476625006,0.46337222226493313,1.0,2.713,0.532,1.0,0.966,0.0056,0.9
5.049264162903204e-6,0.4706453589307915,0.4633775583213666,1.0,2.713,0.532,1.0,0.966,0.0056,0.9
7.787174921380471e-5,0.459808349609375,0.4631591796875,1.0,2.713,0.532,1.0,0.966,0.0056,0.9
1.029813136729928e-6,0.46872741441668525,0.4633359099437303,1.0,2.713,0.532,1.0,0.966,0.0056,0.9
2.342702584304688e-6,0.4677929145613282,0.46330740730531594,1.0,2.713,0.532,1.0,0.966,0.0056,0.9
8.809498712870008e-6,0.46657995313581446,0.46327826357154167,1.0,2.713,0.532,1.0,0.966,0.0056,0.9
1.5825649159979592e-6,0.4689589737810409,0.4633416713136239,1.0,2.713,0.532,1.0,0.966,0.0056,0.9
3.875590077005077e-6,0.4706400255250134,0.4633755842159637,1.0,2.713,0.532,1.0,0.966,0.0056,0.9
4.879766320274514e-6,0.46812064193507275,0.4633277897716318,1.0,2.713,0.532,1.0,0.966,0.0056,0.9
9.625974525506826e-6,0.4721536500804524,0.4634045619717259,1.0,2.713,0.532,1.0,0.966,0.0056,0.9
6.153743141173174e-6,0.4660668636461318,0.4632760464519631,1.0,2.713,0.532,1.0,0.966,0.0056,0.9
2.5764775231021082e-6,0.4705175421346228,0.46337023553447365,1.0,2.713,0.532,1.0,0.966,0.0056,0.9
5.873694316224324e-6,0.4683175474524903,0.4633136608790523,1.0,2.713,0.532,1.0,0.966,0.0056,0.9
5.711635692051633e-6,0.46781559051754906,0.4633038824814552,1.0,2.713,0.532,1.0,0.966,0.0056,0.9
3.835193862041043e-6,0.4698138917477357,0.4633474272563377,1.0,2.713,0.532,1.0,0.966,0.0056,0.9
6.517140026607232e-6,0.46841495122444665,0.4633151023729043,1.0,2.713,0.532,1.0,0.966,0.0056,0.9
4.930108251314352e-6,0.4698094781660902,0.46334614882587755,1.0,2.713,0.532,1.0,0.966,0.0056,0.9
3.900851516025126e-6,0.4687525460867691,0.4633243654506513,1.0,2.713,0.532,1.0,0.966,0.0056,0.9
7.295052720430681e-6,0.47133717399433417,0.4633803821169371,1.0,2.713,0.532,1.0,0.966,0.0056,0.9
3.1837533665136276e-6,0.4672593724621768,0.4632967735998367,1.0,2.713,0.532,1.0,0.966,0.0056,0.9
2.950427784165759e-6,0.46829311307831234,0.4633294873794017,1.0,2.713,0.532,1.0,0.966,0.0056,0.9
4.299907700036772e-6,0.4708691344640352,0.4633728445767909,1.0,2.713,0.532,1.0,0.966,0.0056,0.9
5.132741485626073e-6,0.46664776822509846,0.46328385953936535,1.0,2.713,0.532,1.0,0.966,0.0056,0.9
3.1966939827756228e-6,0.4678900687145402,0.46330798378525334,1.0,2.713,0.532,1.0,0.966,0.0056,0.9
4.237021981181154e-6,0.46930218752973074,0.4633518475980162,1.0,2.713,0.532,1.0,0.966,0.0056,0.9
4.898505322444648e-6,0.4673752286145376,0.4632964063020505,1.0,2.713,0.532,1.0,0.966,0.0056,0.9
4.817693687220372e-6,0.4711758432067893,0.4633814016154877,1.0,2.713,0.532,1.0,0.966,0.0056,0.9
1.1702152596499422e-6,0.46997647325984016,0.4633574199539706,1.0,2.713,0.532,1.0,0.966,0.0056,0.9
4.922147182022224e-6,0.4707981075019291,0.4633697174979221,1.0,2.713,0.532,1.0,0.966,0.0056,0.9
2.612095903165276e-6,0.46711604508988835,0.4633004373317776,1.0,2.713,0.532,1.0,0.966,0.0056,0.9
8.22663045843872e-6,0.4707839879301111,0.4633833983271819,1.0,2.713,0.532,1.0,0.966,0.0056,0.9
1.9294712541833035e-7,0.4692167182592646,0.4633428294776253,1.0,2.713,0.532,1.0,0.966,0.0056,0.9
7.1343683724316165e-6,0.4708682991073674,0.46338379030632215,1.0,2.713,0.532,1.0,0.966,0.0056,0.9
5.519890773306926e-6,0.4670777579105032,0.463304608229475,1.0,2.713,0.532,1.0,0.966,0.0056,0.9
4.789588482764832e-7,0.46837523374401346,0.46332216290619493,1.0,2.713,0.532,1.0,0.966,0.0056,0.9
7.135920689144673e-6,0.4687046197744943,0.46334213443005484,1.0,2.713,0.532,1.0,0.966,0.0056,0.9
4.422744772553383e-6,0.46891560141206867,0.46332724954053506,1.0,2.713,0.532,1.0,0.966,0.0056,0.9
9.573872536637771e-6,0.47210657020143043,0.46339926044800495,1.0,2.713,0.532,1.0,0.966,0.0056,0.9
3.267150562801768e-6,0.46984608239033476,0.46336121121354307,1.0,2.713,0.532,1.0,0.966,0.0056,0.9
4.868918465698637e-6,0.4663890378503146,0.46328432246316725,1.0,2.713,0.532,1.0,0.966,0.0056,0.9
1.731657554480218e-6,0.46752587511236765,0.463309384562148,1.0,2.713,0.532,1.0,0.966,0.0056,0.9
2.1235800354244677e-6,0.4703690893696867,0.4633649150927309,1.0,2.713,0.532,1.0,0.966,0.0056,0.9
4.55875112569147e-6,0.4708885561107581,0.46337281785130235,1.0,2.713,0.532,1.0,0.966,0.0056,0.9
6.4482586466096484e-6,0.46781990079343894,0.46330331803658875,1.0,2.713,0.532,1.0,0.966,0.0056,0.9
1.046699485419003e-6,0.4684436439165197,0.46332984928888715,1.0,2.713,0.532,1.0,0.966,0.0056,0.9
2.653558404054518e-6,0.46817237829251446,0.46331410270406453,1.0,2.713,0.532,1.0,0.966,0.0056,0.9
6.666980267516665e-6,0.4699626536807273,0.4633669319558328,1.0,2.713,0.532,1.0,0.966,0.0056,0.9
8.470322943566153e-6,0.468419407391628,0.46331373747354576,1.0,2.713,0.532,1.0,0.966,0.0056,0.9
5.972987073897861e-6,0.47030143117325485,0.46335634646336454,1.0,2.713,0.532,1.0,0.966,0.0056,0.9
7.5760006736619175e-6,0.46829053994442627,0.4633337146033169,1.0,2.713,0.532,1.0,0.966,0.0056,0.9
4.548277319927384e-6,0.46705749915396644,0.46329126076992105,1.0,2.713,0.532,1.0,0.966,0.0056,0.9
1.9361511206776034e-6,0.4676153816203712,0.46330510059795693,1.0,2.713,0.532,1.0,0.966,0.0056,0.9
5.0341847563293774e-6,0.4677861047939411,0.46330395673503316,1.0,2.713,0.532,1.0,0.966,0.0056,0.9
3.637416170658925e-6,0.4701396861804225,0.4633552486209506,1.0,2.713,0.532,1.0,0.966,0.0056,0.9
2.0053079326063105e-6,0.46849127754885855,0.4633325247770972,1.0,2.713,0.532,1.0,0.966,0.0056,0.9
2.720362903059643e-6,0.46981518685112034,0.4633598832330622,1.0,2.713,0.532,1.0,0.966,0.0056,0.9
1.77568039683925e-6,0.46832729052047584,0.4633286076854678,1.0,2.713,0.532,1.0,0.966,0.0056,0.9
9.628453890722167e-7,0.46882258593270765,0.46333775675860317,1.0,2.713,0.532,1.0,0.966,0.0056,0.9
3.286514458387958e-6,0.47013069042824407,0.46335553753254743,1.0,2.713,0.532,1.0,0.966,0.0056,0.9
7.464265233762132e-6,0.4693846200629186,0.4633562732754252,1.0,2.713,0.532,1.0,0.966,0.0056,0.9
4.904365353518458e-7,0.4695451702716731,0.4633482108767844,1.0,2.713,0.532,1.0,0.966,0.0056,0.9
3.762109314722182e-6,0.47033899656212896,0.463370616895752,1.0,2.713,0.532,1.0,0.966,0.0056,0.9
1.9831711988216324e-6,0.4692311260972799,0.46333682978143975,1.0,2.713,0.532,1.0,0.966,0.0056,0.9
8.04747456083756e-6,0.46627178973430206,0.4632874644028855,1.0,2.713,0.532,1.0,0.966,0.0056,0.9
6.4421341513860205e-6,0.46889068564432534,0.46332497015723323,1.0,2.713,0.532,1.0,0.966,0.0056,0.9
6.160945120267823e-6,0.4705064642369454,0.4633609668968566,1.0,2.713,0.532,1.0,0.966,0.0056,0.9
1.945470503149403e-6,0.4676192834811388,0.46331239657039835,1.0,2.713,0.532,1.0,0.966,0.0056,0.9
6.4255966780129824e-6,0.4688954927338096,0.4633455421679567,1.0,2.713,0.532,1.0,0.966,0.0056,0.9
4.104547014287995e-6,0.4665855910177126,0.4632861497491828,1.0,2.713,0.532,1.0,0.966,0.0056,0.9
2.365860299852291e-6,0.4704399690401905,0.4633686751620584,1.0,2.713,0.532,1.0,0.966,0.0056,0.9
1.7073601710646007e-6,0.46852349587302244,0.46333276647553845,1.0,2.713,0.532,1.0,0.966,0.0056,0.9
3.30624869097699e-6,0.4707011424791252,0.46337064541971773,1.0,2.713,0.532,1.0,0.966,0.0056,0.9
4.130000061588609e-6,0.4684269056585735,0.46333367687677307,1.0,2.713,0.532,1.0,0.966,0.0056,0.9
9.725047577691658e-7,0.467973856679782,0.463318755716005,1.0,2.713,0.532,1.0,0.966,0.0056,0.9
3.172410033869744e-6,0.4689790221127227,0.4633442045839449,1.0,2.713,0.532,1.0,0.966,0.0056,0.9
1.8113791043368368e-6,0.4701546596017845,0.4633635267968035,1.0,2.713,0.532,1.0,0.966,0.0056,0.9
6.968754861017656e-6,0.4660885689912727,0.46328075367060617,1.0,2.713,0.532,1.0,0.966,0.0056,0.9
9.218927105795536e-6,0.46873533963955905,0.46334425061683265,1.0,2.713,0.532,1.0,0.966,0.0056,0.9
5.673612656281953e-6,0.47095493143702305,0.4633726454777318,1.0,2.713,0.532,1.0,0.966,0.0056,0.9
4.378814438353863e-6,0.4669205652535733,0.4632991381036924,1.0,2.713,0.532,1.0,0.966,0.0056,0.9
1.3479368414692679e-6,0.46755511781082915,0.463306314278853,1.0,2.713,0.532,1.0,0.966,0.0056,0.9
1.0508974597702921e-6,0.46952861948094937,0.46335158187444825,1.0,2.713,0.532,1.0,0.966,0.0056,0.9
3.021274970316673e-6,0.4670590030929017,0.46330004910518396,1.0,2.713,0.532,1.0,0.966,0.0056,0.9
4.005867624364285e-6,0.4670658490465205,0.46330226310531253,1.0,2.713,0.532,1.0,0.966,0.0056,0.9
5.6652485034323975e-6,0.466348289193921,0.46328572288380343,1.0,2.713,0.532,1.0,0.966,0.0056,0.9
9.860030330745733e-6,0.46534753183417743,0.463260408723872,1.0,2.713,0.532,1.0,0.966,0.0056,0.9
2.2594107220359524e-6,0.4702828832147734,0.46336150379585717,1.0,2.713,0.532,1.0,0.966,0.0056,0.9
8.391694848175798e-6,0.47039551419193937,0.4633764954186612,1.0,2.713,0.532,1.0,0.966,0.0056,0.9
9.587611158789778e-6,0.4714264550572723,0.46337993102427305,1.0,2.713,0.532,1.0,0.966,0.0056,0.9
2.7653388595112776e-6,0.467147953581847,0.4633018817238208,1.0,2.713,0.532,1.0,0.966,0.0056,0.9
1.9940290314740507e-6,0.46952382276571447,0.4633433321698366,1.0,2.713,0.532,1.0,0.966,0.0056,0.9
5.454361100717879e-6,0.4686126312038459,0.46333884831649835,1.0,2.713,0.532,1.0,0.966,0.0056,0.9
9.159759907511353e-6,0.46868311712134536,0.4633186823862272,1.0,2.713,0.532,1.0,0.966,0.0056,0.9
5.847924921620635e-6,0.4695422998641161,0.4633580947346684,1.0,2.713,0.532,1.0,0.966,0.0056,0.9
1.2201383505531055e-6,0.4699925958449649,0.46335870329954976,1.0,2.713,0.532,1.0,0.966,0.0056,0.9
5.695595481416022e-6,0.4713598164436972,0.46338819323643343,1.0,2.713,0.532,1.0,0.966,0.0056,0.9
6.812767711666014e-6,0.46788311867317356,0.46330424910002077,1.0,2.713,0.532,1.0,0.966,0.0056,0.9
0.0008224394605347159,0.4467867171860007,0.4627783983945845,1.0,2.713,0.532,1.0,0.966,0.0056,0.9
7.88400623317197e-6,0.4709938035736726,0.4633709287941761,1.0,2.713,0.532,1.0,0.966,0.0056,0.9
2.738626484662104e-7,0.46887490084664296,0.46333278941117056,1.0,2.713,0.532,1.0,0.966,0.0056,0.9
3.5782850114685325e-6,0.47005359390045354,0.46336539308198677,1.0,2.713,0.532,1.0,0.966,0.0056,0.9
0.000708986891360754,0.4682149887084961,0.4634292602539062,1.0,2.713,0.532,1.0,0.966,0.0056,0.9
1.8892004825878278e-6,0.4673037480566693,0.4633031049106503,1.0,2.713,0.532,1.0,0.966,0.0056,0.9
7.142221996106609e-6,0.47107448148614817,0.46338721505699854,1.0,2.713,0.532,1.0,0.966,0.0056,0.9
9.699074680764754e-6,0.46898474655215705,0.46332461506290123,1.0,2.713,0.532,1.0,0.966,0.0056,0.9
8.47830666067156e-6,0.47186880058541203,0.4633938421500474,1.0,2.713,0.532,1.0,0.966,0.0056,0.9
4.252948673392758e-6,0.4667910856296129,0.46329543408918095,1.0,2.713,0.532,1.0,0.966,0.0056,0.9
9.539707545697412e-6,0.471948970700921,0.46340300436464793,1.0,2.713,0.532,1.0,0.966,0.0056,0.9
2.379043893699177e-6,0.4698857363707625,0.46336060628203324,1.0,2.713,0.532,1.0,0.966,0.0056,0.9
1.5796592489420045e-6,0.4694880173289093,0.46335199002092853,1.0,2.713,0.532,1.0,0.966,0.0056,0.9
3.4266610152746706e-6,0.46735351063714803,0.46330853129060456,1.0,2.713,0.532,1.0,0.966,0.0056,0.9
8.319269501794971e-6,0.46917011792819063,0.4633525746034687,1.0,2.713,0.532,1.0,0.966,0.0056,0.9
7.565370579341015e-7,0.4685315638099995,0.46333112740155413,1.0,2.713,0.532,1.0,0.966,0.0056,0.9
2.6310169703920253e-6,0.46732149804961054,0.4633062719757294,1.0,2.713,0.532,1.0,0.966,0.0056,0.9
4.955129140143229e-6,0.4702846903812663,0.46335703764297703,1.0,2.713,0.532,1.0,0.966,0.0056,0.9
8.732139366240638e-6,0.46708358685859697,0.4632874310123942,1.0,2.713,0.532,1.0,0.966,0.0056,0.9
5.311600963100801e-6,0.4674358024063676,0.4633128308681973,1.0,2.713,0.532,1.0,0.966,0.0056,0.9
2.9232835664533713e-6,0.4701130020387879,0.4633654630368623,1.0,2.713,0.532,1.0,0.966,0.0056,0.9
6.5716639988597395e-6,0.46750680785912974,0.46329719541115133,1.0,2.713,0.532,1.0,0.966,0.0056,0.9
6.039773064708617e-6,0.46816800594047403,0.4633298601322764,1.0,2.713,0.532,1.0,0.966,0.0056,0.9
4.132747117763452e-6,0.46880757655178074,0.463341695770454,1.0,2.713,0.532,1.0,0.966,0.0056,0.9
4.413582318755333e-6,0.4707153360245264,0.4633777002234552,1.0,2.713,0.532,1.0,0.966,0.0056,0.9
2.0174427865732096e-6,0.4682639823907808,0.4633275868291965,1.0,2.713,0.532,1.0,0.966,0.0056,0.9
8.821021449414431e-6,0.4668396976790574,0.4632828802378045,1.0,2.713,0.532,1.0,0.966,0.0056,0.9
5.502368401789638e-6,0.4692569004141841,0.4633521271245381,1.0,2.713,0.532,1.0,0.966,0.0056,0.9
2.0409983001479515e-6,0.46737218927232815,0.46330117069548105,1.0,2.713,0.532,1.0,0.966,0.0056,0.9
9.456307486126908e-6,0.4681142407606348,0.463306891220018,1.0,2.713,0.532,1.0,0.966,0.0056,0.9
9.85998939806528e-6,0.46632366664883995,0.46329067681641545,1.0,2.713,0.532,1.0,0.966,0.0056,0.9
6.265719709980203e-6,0.4672128517800396,0.46329200546626514,1.0,2.713,0.532,1.0,0.966,0.0056,0.9
6.566912536833605e-6,0.4713272486238108,0.4633812876674273,1.0,2.713,0.532,1.0,0.966,0.0056,0.9
9.836547747446374e-6,0.4706540373443503,0.46336117630998697,1.0,2.713,0.532,1.0,0.966,0.0056,0.9
9.12029413713544e-6,0.46548683799279034,0.46326551363378543,1.0,2.713,0.532,1.0,0.966,0.0056,0.9
4.396839348206175e-6,0.4677803354906931,0.4633045025005559,1.0,2.713,0.532,1.0,0.966,0.0056,0.9
5.540658010679696e-6,0.4667022610984357,0.4632952862808112,1.0,2.713,0.532,1.0,0.966,0.0056,0.9
4.711536906437543e-6,0.4695911381189968,0.46335799857886745,1.0,2.713,0.532,1.0,0.966,0.0056,0.9
1.2067277541117684e-6,0.46809286014398843,0.4633222415811986,1.0,2.713,0.532,1.0,0.966,0.0056,0.9
6.745389295437449e-6,0.46678269524962657,0.46329881921258653,1.0,2.713,0.532,1.0,0.966,0.0056,0.9
4.725258290307496e-6,0.4686967494391012,0.463339957327917,1.0,2.713,0.532,1.0,0.966,0.0056,0.9
8.893127438277385e-6,0.46929576821776275,0.46333173679938355,1.0,2.713,0.532,1.0,0.966,0.0056,0.9
9.011051432797539e-6,0.47206788012935763,0.4634019774796264,1.0,2.713,0.532,1.0,0.966,0.0056,0.9
9.58608461823936e-6,0.46752512787805856,0.463318448877282,1.0,2.713,0.532,1.0,0.966,0.0056,0.9
3.975941338857585e-6,0.46665994518939524,0.46328692587838693,1.0,2.713,0.532,1.0,0.966,0.0056,0.9
6.1767012617457895e-6,0.4713373336380433,0.4633823724895732,1.0,2.713,0.532,1.0,0.966,0.0056,0.9
1.6464912321590385e-6,0.4691535993936291,0.4633456767208676,1.0,2.713,0.532,1.0,0.966,0.0056,0.9
9.045842890290319e-6,0.46862564019632136,0.46331757163397735,1.0,2.713,0.532,1.0,0.966,0.0056,0.9
8.750953770610993e-6,0.4710838953719074,0.46338908843386917,1.0,2.713,0.532,1.0,0.966,0.0056,0.9
1.6651958311930257e-6,0.4699372943825455,0.4633538682020818,1.0,2.713,0.532,1.0,0.966,0.0056,0.9
4.567614658843484e-6,0.4664441350982391,0.4632844329455858,1.0,2.713,0.532,1.0,0.966,0.0056,0.9
9.536717904639287e-6,0.4715800980628331,0.46338392072990786,1.0,2.713,0.532,1.0,0.966,0.0056,0.9
7.079189285729411e-6,0.4714447200423254,0.46339256891656755,1.0,2.713,0.532,1.0,0.966,0.0056,0.9
1.5616966832711932e-6,0.46756183581169297,0.4633098060721289,1.0,2.713,0.532,1.0,0.966,0.0056,0.9
2.2038045153020866e-6,0.4699013134279977,0.46336056657656033,1.0,2.713,0.532,1.0,0.966,0.0056,0.9
7.203719238388779e-6,0.46584107041539424,0.4632715849833964,1.0,2.713,0.532,1.0,0.966,0.0056,0.9
3.0265648797387357e-6,0.46704487136754724,0.4632996543028665,1.0,2.713,0.532,1.0,0.966,0.0056,0.9
3.376361162637924e-6,0.47061448552459584,0.46337411521337935,1.0,2.713,0.532,1.0,0.966,0.0056,0.9
4.946840669822366e-6,0.46832961377404025,0.46331472347865926,1.0,2.713,0.532,1.0,0.966,0.0056,0.9
9.796189282261859e-6,0.4671663957775345,0.463310517697744,1.0,2.713,0.532,1.0,0.966,0.0056,0.9
9.54729100755379e-6,0.46560013156139923,0.46326234239593556,1.0,2.713,0.532,1.0,0.966,0.0056,0.9
5.491270944691549e-6,0.4690064136899672,0.46332818835585815,1.0,2.713,0.532,1.0,0.966,0.0056,0.9
2.476980844833823e-6,0.46716984010374274,0.46329721474880703,1.0,2.713,0.532,1.0,0.966,0.0056,0.9
8.110332304012392e-6,0.47031560150698093,0.463354764275241,1.0,2.713,0.532,1.0,0.966,0.0056,0.9
1.0083273971153988,0.0,0.45907552448678757,1.0,2.713,0.532,1.0,0.966,0.0056,0.9
5.023425923966258e-6,0.4666599544583414,0.4632933278412204,1.0,2.713,0.532,1.0,0.966,0.0056,0.9
6.282083560564072e-6,0.46976515989173895,0.46334391303634326,1.0,2.713,0.532,1.0,0.966,0.0056,0.9
9.59083187702787e-6,0.46612468951275665,0.46326979597634826,1.0,2.713,0.532,1.0,0.966,0.0056,0.9
3.9636042062602e-6,0.46787600157708353,0.463321427875555,1.0,2.713,0.532,1.0,0.966,0.0056,0.9
9.076470581737742e-6,0.4704934272085062,0.46337885031059717,1.0,2.713,0.532,1.0,0.966,0.0056,0.9
4.837826918007199e-6,0.46643669672254817,0.4632861225915058,1.0,2.713,0.532,1.0,0.966,0.0056,0.9
2.595641953829708e-6,0.46796595903705906,0.46332174725354475,1.0,2.713,0.532,1.0,0.966,0.0056,0.9
1.7866250615047767e-6,0.47003301105689266,0.4633560405878116,1.0,2.713,0.532,1.0,0.966,0.0056,0.9
4.010747604581636e-6,0.4708246101784026,0.4633722655877264,1.0,2.713,0.532,1.0,0.966,0.0056,0.9
4.626548084044864e-6,0.4683188381832091,0.4633318462446442,1.0,2.713,0.532,1.0,0.966,0.0056,0.9
4.692292162526154e-6,0.46925738524403804,0.46333425426815955,1.0,2.713,0.532,1.0,0.966,0.0056,0.9
2.4459516129866072e-6,0.47029396628691533,0.4633673669911621,1.0,2.713,0.532,1.0,0.966,0.0056,0.9
5.51840847466614e-6,0.4674559431747749,0.4632972335371259,1.0,2.713,0.532,1.0,0.966,0.0056,0.9
9.951376769726224e-6,0.4713144051480038,0.463376784555445,1.0,2.713,0.532,1.0,0.966,0.0056,0.9
3.995930687687376e-6,0.47056032289692207,0.4633650850795653,1.0,2.713,0.532,1.0,0.966,0.0056,0.9
7.705053492277341e-6,0.4662890056981821,0.4632874852986736,1.0,2.713,0.532,1.0,0.966,0.0056,0.9
4.427694313532897e-6,0.46698393418907524,0.46330084688163264,1.0,2.713,0.532,1.0,0.966,0.0056,0.9
8.11200526261452e-6,0.4656636950926687,0.4632685587951545,1.0,2.713,0.532,1.0,0.966,0.0056,0.9
8.447602294502111e-6,0.4668398557417821,0.46330186113902583,1.0,2.713,0.532,1.0,0.966,0.0056,0.9
3.6554100029409675e-6,0.46949933967734847,0.4633405865177783,1.0,2.713,0.532,1.0,0.966,0.0056,0.9
9.278713542325925e-6,0.4707437008860377,0.4633835813234234,1.0,2.713,0.532,1.0,0.966,0.0056,0.9
2.339329687933114e-6,0.4675773293578982,0.4633121688929332,1.0,2.713,0.532,1.0,0.966,0.0056,0.9
7.8636267157034e-6,0.466612322882735,0.4632958298211003,1.0,2.713,0.532,1.0,0.966,0.0056,0.9
4.356704520760058e-6,0.4697680069731782,0.4633610329947072,1.0,2.713,0.532,1.0,0.966,0.0056,0.9
4.30037616486923e-6,0.4709153275820792,0.46338016702227475,1.0,2.713,0.532,1.0,0.966,0.0056,0.9
8.282050889193162e-6,0.4656273287488699,0.46326738230281417,1.0,2.713,0.532,1.0,0.966,0.0056,0.9
4.7556871954777066e-6,0.46682446051751714,0.4632972540225837,1.0,2.713,0.532,1.0,0.966,0.0056,0.9
5.954831337385517e-6,0.46957551034618605,0.4633588391013095,1.0,2.713,0.532,1.0,0.966,0.0056,0.9
7.4464846676112005e-6,0.47177123019983436,0.463394031704427,1.0,2.713,0.532,1.0,0.966,0.0056,0.9
5.105498009031738e-6,0.4663202492421673,0.4632808185900715,1.0,2.713,0.532,1.0,0.966,0.0056,0.9
4.10427181473633e-6,0.47094294788893165,0.4633797868932802,1.0,2.713,0.532,1.0,0.966,0.0056,0.9
7.366167397233779e-6,0.468134011238893,0.4633087799905736,1.0,2.713,0.532,1.0,0.966,0.0056,0.9
4.428417641324505e-6,0.4666708701256236,0.4632924009619711,1.0,2.713,0.532,1.0,0.966,0.0056,0.9
6.5994055904183835e-6,0.4673754972470935,0.46331269422209376,1.0,2.713,0.532,1.0,0.966,0.0056,0.9
6.757990458836975e-6,0.4675983344279857,0.463298776579188,1.0,2.713,0.532,1.0,0.966,0.0056,0.9
1.713238066203399e-5,0.4659218262909235,0.4632864356040941,1.0,2.713,0.532,1.0,0.966,0.0056,0.9
5.253263057094803e-6,0.4682624941763853,0.4633130972166055,1.0,2.713,0.532,1.0,0.966,0.0056,0.9
8.626827046639795e-6,0.46886067510076346,0.46334644984375484,1.0,2.713,0.532,1.0,0.966,0.0056,0.9
6.977720597161591e-6,0.46721720303986847,0.46330938713132486,1.0,2.713,0.532,1.0,0.966,0.0056,0.9
0.0003948583313784731,0.4516562707431149,0.46291885375976527,1.0,2.713,0.532,1.0,0.966,0.0056,0.9
7.979451593044034e-6,0.4661140767025811,0.46328319820905517,1.0,2.713,0.532,1.0,0.966,0.0056,0.9
3.834835794136308e-6,0.46792016237165224,0.46332227494338973,1.0,2.713,0.532,1.0,0.966,0.0056,0.9
9.2672033634826e-6,0.46562173249046435,0.4632710859120944,1.0,2.713,0.532,1.0,0.966,0.0056,0.9
5.41628261356085e-6,0.4662343721342016,0.4632799913294816,1.0,2.713,0.532,1.0,0.966,0.0056,0.9
5.775327928739646e-6,0.4708285404672008,0.4633815248037042,1.0,2.713,0.532,1.0,0.966,0.0056,0.9
4.906044605613438e-6,0.4663984121996263,0.46328495169855977,1.0,2.713,0.532,1.0,0.966,0.0056,0.9
7.299376214559732e-6,0.4710355690745138,0.4633725912741799,1.0,2.713,0.532,1.0,0.966,0.0056,0.9
8.018689014681542e-6,0.4662454643317928,0.4632735218730911,1.0,2.713,0.532,1.0,0.966,0.0056,0.9
2.3934480767509986e-6,0.4703309783558465,0.4633624611554241,1.0,2.713,0.532,1.0,0.966,0.0056,0.9
8.001619440800291e-6,0.4713738983920276,0.46338039274876297,1.0,2.713,0.532,1.0,0.966,0.0056,0.9
8.993485532860882e-6,0.47142523640396505,0.46338053693959025,1.0,2.713,0.532,1.0,0.966,0.0056,0.9
7.337303774778233e-6,0.4660680749105366,0.46328087388508765,1.0,2.713,0.532,1.0,0.966,0.0056,0.9
5.92171181773878e-6,0.4706707627828919,0.4633790789868907,1.0,2.713,0.532,1.0,0.966,0.0056,0.9
7.767984755894315e-6,0.47102905672893003,0.46338717303015264,1.0,2.713,0.532,1.0,0.966,0.0056,0.9
4.5287089465374276e-6,0.46752843242872677,0.46331412697707564,1.0,2.713,0.532,1.0,0.966,0.0056,0.9
2.9860132067620465e-6,0.4672880657323202,0.46329760680864945,1.0,2.713,0.532,1.0,0.966,0.0056,0.9
3.532095266763398e-6,0.4667730292202874,0.46329272306101155,1.0,2.713,0.532,1.0,0.966,0.0056,0.9
5.743209020833811e-6,0.4684139717030449,0.4633157203794574,1.0,2.713,0.532,1.0,0.966,0.0056,0.9
4.589737461040915e-6,0.4706843446271496,0.4633775146227358,1.0,2.713,0.532,1.0,0.966,0.0056,0.9
5.503049842973758e-6,0.4675382485514231,0.4633153816284419,1.0,2.713,0.532,1.0,0.966,0.0056,0.9
9.605986092704567e-6,0.46812352265893153,0.4633069776344102,1.0,2.713,0.532,1.0,0.966,0.0056,0.9
7.874465337094029e-6,0.4682679247650541,0.46333345106344237,1.0,2.713,0.532,1.0,0.966,0.0056,0.9
3.2656493643932825e-6,0.4697925079547747,0.4633602182838351,1.0,2.713,0.532,1.0,0.966,0.0056,0.9
6.815777475809236e-6,0.46719843510932235,0.4633088012667693,1.0,2.713,0.532,1.0,0.966,0.0056,0.9
4.8413542498453705e-6,0.47103183891341516,0.4633763213358396,1.0,2.713,0.532,1.0,0.966,0.0056,0.9
8.607857575453092e-6,0.46773666278588943,0.46329999781111353,1.0,2.713,0.532,1.0,0.966,0.0056,0.9
2.807494895651988e-6,0.46812213661259117,0.46331292596384493,1.0,2.713,0.532,1.0,0.966,0.0056,0.9
9.054651925100675e-6,0.46759375879358656,0.46329688892968013,1.0,2.713,0.532,1.0,0.966,0.0056,0.9
6.303947355336329e-7,0.46955802167573224,0.46335059736101253,1.0,2.713,0.532,1.0,0.966,0.0056,0.9
4.207427817125076e-6,0.4667285515713422,0.4632935509433446,1.0,2.713,0.532,1.0,0.966,0.0056,0.9
3.2651864092136664e-6,0.4677930492806841,0.4633060720359628,1.0,2.713,0.532,1.0,0.966,0.0056,0.9
6.435038521906436e-6,0.4689982286269434,0.4633272332897884,1.0,2.713,0.532,1.0,0.966,0.0056,0.9
9.581145335580629e-6,0.4659569366669293,0.4632810671766231,1.0,2.713,0.532,1.0,0.966,0.0056,0.9
6.687932149646677e-6,0.4692147246975237,0.46333162212785006,1.0,2.713,0.532,1.0,0.966,0.0056,0.9
6.912332045129497e-6,0.46591083732571303,0.46327228511167706,1.0,2.713,0.532,1.0,0.966,0.0056,0.9
3.667321056759147e-6,0.46792768947787766,0.4633081289768532,1.0,2.713,0.532,1.0,0.966,0.0056,0.9
1.0205480646468137e-6,0.46989232246493096,0.4633565153112723,1.0,2.713,0.532,1.0,0.966,0.0056,0.9
7.235489355739083e-6,0.46826805033695174,0.4633329759379021,1.0,2.713,0.532,1.0,0.966,0.0056,0.9
6.417259832214129e-6,0.4687743629801788,0.46334302846259545,1.0,2.713,0.532,1.0,0.966,0.0056,0.9
5.129416084208445e-6,0.46930381916278785,0.46333484791173357,1.0,2.713,0.532,1.0,0.966,0.0056,0.9
7.95772383204305e-6,0.4661264337850908,0.4632717937071658,1.0,2.713,0.532,1.0,0.966,0.0056,0.9
6.0313706917309895e-6,0.4677450004011998,0.46332054927024147,1.0,2.713,0.532,1.0,0.966,0.0056,0.9
3.740135340797983e-6,0.46888043545306224,0.4633428017515819,1.0,2.713,0.532,1.0,0.966,0.0056,0.9
6.307292946636988e-6,0.46724155785298294,0.46330932047886353,1.0,2.713,0.532,1.0,0.966,0.0056,0.9
6.771685272924858e-6,0.4704488159593412,0.46337606008929205,1.0,2.713,0.532,1.0,0.966,0.0056,0.9
5.7841227512499885e-6,0.4683001842281941,0.46331338759605933,1.0,2.713,0.532,1.0,0.966,0.0056,0.9
6.6424766035555955e-6,0.4691039054009921,0.4633499812220366,1.0,2.713,0.532,1.0,0.966,0.0056,0.9
7.745258886717964e-6,0.46756016594214855,0.4632972301946479,1.0,2.713,0.532,1.0,0.966,0.0056,0.9
7.00798210401373e-6,0.4713156180110145,0.46338022903229953,1.0,2.713,0.532,1.0,0.966,0.0056,0.9
5.830176257660513e-6,0.4698565961531562,0.46334634737517033,1.0,2.713,0.532,1.0,0.966,0.0056,0.9
5.666534448666449e-6,0.46673341392455847,0.4632843584787706,1.0,2.713,0.532,1.0,0.966,0.0056,0.9
4.083753153689855e-6,0.4702232041712334,0.46336907183832277,1.0,2.713,0.532,1.0,0.966,0.0056,0.9
6.516302160997987e-6,0.46756554456171584,0.46329836045457307,1.0,2.713,0.532,1.0,0.966,0.0056,0.9
3.5751053987446027e-6,0.47071137670618013,0.4633758429052205,1.0,2.713,0.532,1.0,0.966,0.0056,0.9
3.7858475816232358e-6,0.4701467296708739,0.46336732867625413,1.0,2.713,0.532,1.0,0.966,0.0056,0.9
9.766573358329807e-6,0.47073565573553666,0.4633631218062123,1.0,2.713,0.532,1.0,0.966,0.0056,0.9
2.0228706731889955e-6,0.46957369775805724,0.46334442251357544,1.0,2.713,0.532,1.0,0.966,0.0056,0.9
5.1825394927405715e-6,0.46639984117370314,0.463286055641996,1.0,2.713,0.532,1.0,0.966,0.0056,0.9
6.925539560939306e-6,0.4673738086352952,0.46331294847742166,1.0,2.713,0.532,1.0,0.966,0.0056,0.9
6.3008547599559495e-6,0.46939242587915975,0.4633357473873774,1.0,2.713,0.532,1.0,0.966,0.0056,0.9
1.707347586657172e-7,0.46838033614089425,0.4633252897501563,1.0,2.713,0.532,1.0,0.966,0.0056,0.9
7.640566084639841e-6,0.46585163601228774,0.4632690668982517,1.0,2.713,0.532,1.0,0.966,0.0056,0.9
2.7109158000786257e-6,0.4692703415655165,0.4633495020944083,1.0,2.713,0.532,1.0,0.966,0.0056,0.9
4.455535177992273e-6,0.4664998218597747,0.4632841374433533,1.0,2.713,0.532,1.0,0.966,0.0056,0.9
9.706125692469469e-6,0.47178409254640286,0.463401163506582,1.0,2.713,0.532,1.0,0.966,0.0056,0.9
6.723207822461956e-6,0.4662612576978673,0.46327562165541586,1.0,2.713,0.532,1.0,0.966,0.0056,0.9
8.050607099452449e-6,0.47051413983259893,0.4633783955284871,1.0,2.713,0.532,1.0,0.966,0.0056,0.9
9.133155635811393e-6,0.46816945059119375,0.4633322278942742,1.0,2.713,0.532,1.0,0.966,0.0056,0.9
6.275802697906421e-6,0.46995650163846436,0.46336647370007,1.0,2.713,0.532,1.0,0.966,0.0056,0.9
5.437990237463162e-6,0.46671243683584607,0.46328435127908313,1.0,2.713,0.532,1.0,0.966,0.0056,0.9
1.3127136454401266e-6,0.46859751510665326,0.46332454597025174,1.0,2.713,0.532,1.0,0.966,0.0056,0.9
7.593950791458822e-6,0.4676641193137109,0.4632993555387056,1.0,2.713,0.532,1.0,0.966,0.0056,0.9
2.709010241573004e-6,0.4688052447007578,0.46334008345263156,1.0,2.713,0.532,1.0,0.966,0.0056,0.9
6.2838573788240185e-6,0.46858383126563274,0.4633187376113106,1.0,2.713,0.532,1.0,0.966,0.0056,0.9
1.234843484907227e-6,0.4695348111013431,0.46335213925741237,1.0,2.713,0.532,1.0,0.966,0.0056,0.9
7.039734156343781e-6,0.4680832122686053,0.46332883708607664,1.0,2.713,0.532,1.0,0.966,0.0056,0.9
7.5774089526804994e-6,0.46875358448810134,0.4633212476523626,1.0,2.713,0.532,1.0,0.966,0.0056,0.9
5.969647115954435e-6,0.47061642898079914,0.46337820154142206,1.0,2.713,0.532,1.0,0.966,0.0056,0.9
2.1271479876274266e-6,0.4672271362113415,0.4633018468744539,1.0,2.713,0.532,1.0,0.966,0.0056,0.9
2.3852874426005894e-6,0.47040167053947,0.4633646124917439,1.0,2.713,0.532,1.0,0.966,0.0056,0.9
1.2296450719959375e-6,0.4683785795970634,0.4633203537367948,1.0,2.713,0.532,1.0,0.966,0.0056,0.9
8.225235348198827e-6,0.46965503528066843,0.46336219987114785,1.0,2.713,0.532,1.0,0.966,0.0056,0.9
9.98290730562738e-6,0.46724974994367674,0.46331254661493027,1.0,2.713,0.532,1.0,0.966,0.0056,0.9
7.8900519480739e-6,0.46720558520522304,0.46330991845144626,1.0,2.713,0.532,1.0,0.966,0.0056,0.9
4.7633619056030775e-6,0.4678588351402455,0.46330562502578554,1.0,2.713,0.532,1.0,0.966,0.0056,0.9
6.847493087158543e-6,0.4659315374995687,0.4632724427134711,1.0,2.713,0.532,1.0,0.966,0.0056,0.9
8.167526351187297e-6,0.4659694035189498,0.46326926815029246,1.0,2.713,0.532,1.0,0.966,0.0056,0.9
7.104704414835189e-6,0.46777217482496414,0.46332206733687864,1.0,2.713,0.532,1.0,0.966,0.0056,0.9
1.3585864846311002e-8,0.4688345903508173,0.4633335977696815,1.0,2.713,0.532,1.0,0.966,0.0056,0.9
2.148507618712677e-6,0.4701564566995715,0.46336459910240346,1.0,2.713,0.532,1.0,0.966,0.0056,0.9
9.326842785411792e-6,0.46738472412537746,0.46329266079667714,1.0,2.713,0.532,1.0,0.966,0.0056,0.9
8.705741969904335e-6,0.46571563438690133,0.4632728813443733,1.0,2.713,0.532,1.0,0.966,0.0056,0.9
7.1190788779272365e-6,0.4662697818985355,0.46328616666225664,1.0,2.713,0.532,1.0,0.966,0.0056,0.9
1.9759212032519355e-6,0.4682633814936149,0.4633168350276439,1.0,2.713,0.532,1.0,0.966,0.0056,0.9
2.6997334636920574e-6,0.46749553186967174,0.46331081715016775,1.0,2.713,0.532,1.0,0.966,0.0056,0.9
