0.00016514617973059723,0.45926570892333984,0.4631729125976563,1.0,2.713,0.532,1.0,0.966,0.0056,0.9
0.0007094991447994353,0.45625735097564757,0.4629699707031252,1.0,2.713,0.532,1.0,0.966,0.0056,0.9
0.0007056233230311039,0.45775146066033473,0.4632037237752146,1.0,2.713,0.532,1.0,0.966,0.0056,0.9
0.00035924892978548623,0.4486575108752078,0.4629316054284557,1.0,2.713,0.532,1.0,0.966,0.0056,0.9
0.0009674428475935959,0.4343927809577837,0.46256728173411293,1.0,2.713,0.532,1.0,0.966,0.0056,0.9
0.0009428103260709373,0.4380989074707031,0.46273803710937494,1.0,2.713,0.532,1.0,0.966,0.0056,0.9
0.0009274803707276743,0.4385312410370943,0.46274825177970214,1.0,2.713,0.532,1.0,0.966,0.0056,0.9
0.0001317277628558455,0.46470698149863665,0.4632923081517221,1.0,2.713,0.532,1.0,0.966,0.0056,0.9
0.0006982500278434234,0.49677586555480957,0.4638866424560547,1.0,2.713,0.532,1.0,0.966,0.0056,0.9
0.0008616940427484201,0.5000824425369501,0.46396484375,1.0,2.713,0.532,1.0,0.966,0.0056,0.9
0.0004784281135611587,0.4633626937866211,0.4633071899414063,1.0,2.713,0.532,1.0,0.966,0.0056,0.9
0.0002309820592306137,0.4648020452853334,0.46318996494737685,1.0,2.713,0.532,1.0,0.966,0.0056,0.9
0.0008218390016239242,0.4567658247814418,0.4631910257315051,1.0,2.713,0.532,1.0,0.966,0.0056,0.9
0.0009898439169339075,0.45282649993896484,0.4628799438476562,1.0,2.713,0.532,1.0,0.966,0.0056,0.9
0.0007267096919067334,0.43871656097587153,0.46267493391466574,1.0,2.713,0.532,1.0,0.966,0.0056,0.9
0.0005822873128201921,0.44529593316386534,0.4627836506901067,1.0,2.713,0.532,1.0,0.966,0.0056,0.9
0.0008918943178408775,0.44363367557525635,0.46271419525146484,1.0,2.713,0.532,1.0,0.966,0.0056,0.9
0.0003516204120970498,0.4600351621478487,0.4632199285078226,1.0,2.713,0.532,1.0,0.966,0.0056,0.9
0.00029254143617600054,0.45040540822336206,0.4629636725776879,1.0,2.713,0.532,1.0,0.966,0.0056,0.9
0.21790651465441088,0.0006542964911204763,0.1,1.0,2.713,0.532,1.0,0.966,0.0056,0.9
0.00011167224918319582,0.4596736315288581,0.46311492919921915,1.0,2.713,0.532,1.0,0.966,0.0056,0.9
0.0004525252066970489,0.44507502619171646,0.46282097101211583,1.0,2.713,0.532,1.0,0.966,0.0056,0.9
0.0004953938185633455,0.45096778869628906,0.4630218505859374,1.0,2.713,0.532,1.0,0.966,0.0056,0.9
0.000938695147501751,0.45188723474536197,0.46308842538855854,1.0,2.713,0.532,1.0,0.966,0.0056,0.9
0.0006917158450232924,0.44155025482177734,0.4627090454101561,1.0,2.713,0.532,1.0,0.966,0.0056,0.9
0.0004281875724705245,0.4456317834556103,0.4628409683704373,1.0,2.713,0.532,1.0,0.966,0.0056,0.9
0.000810822231201652,0.4559905079073526,0.4631726226962827,1.0,2.713,0.532,1.0,0.966,0.0056,0.9
2.690932643896612e-5,0.4632997512817383,0.46321258544921873,1.0,2.713,0.532,1.0,0.966,0.0056,0.9
0.0004985949710143872,0.44973689690835056,0.46299091809569504,1.0,2.713,0.532,1.0,0.966,0.0056,0.9
0.0007238771022019169,0.4711334705352783,0.4634899139404296,1.0,2.713,0.532,1.0,0.966,0.0056,0.9
0.00016100105588884916,0.47547660396664315,0.4635155138405082,1.0,2.713,0.532,1.0,0.966,0.0056,0.9
7.413885220237392e-7,0.46881103515625,0.4633300781250001,1.0,2.713,0.532,1.0,0.966,0.0056,0.9
8.427366356944807e-5,0.4758148193359375,0.4634521484375,1.0,2.713,0.532,1.0,0.966,0.0056,0.9
0.0009417868255940129,0.47352949056580446,0.4635531721507579,1.0,2.713,0.532,1.0,0.966,0.0056,0.9
0.0002275164452750619,0.4834810495376587,0.4636602401733399,1.0,2.713,0.532,1.0,0.966,0.0056,0.9
0.00032166045699808313,0.4875020980834961,0.46369781494140616,1.0,2.713,0.532,1.0,0.966,0.0056,0.9
0.0007339735017307137,0.44427842036445986,0.46274414465296787,1.0,2.713,0.532,1.0,0.966,0.0056,0.9
0.00019750458501789305,0.4604974179705825,0.4631107478955381,1.0,2.713,0.532,1.0,0.966,0.0056,0.9
0.0003118956876625572,0.48232269287109375,0.46356201171875,1.0,2.713,0.532,1.0,0.966,0.0056,0.9
0.00039966013931091586,0.46735090017318726,0.4632225990295411,1.0,2.713,0.532,1.0,0.966,0.0056,0.9
0.0005349596597714166,0.47004983657388166,0.46326653677969765,1.0,2.713,0.532,1.0,0.966,0.0056,0.9
0.000507388616376752,0.456493826522271,0.46299365400918246,1.0,2.713,0.532,1.0,0.966,0.0056,0.9
0.0003474698641266075,0.4722603792397579,0.46333156196995445,1.0,2.713,0.532,1.0,0.966,0.0056,0.9
8.259658104070973e-5,0.4727714059601337,0.4634489294672074,1.0,2.713,0.532,1.0,0.966,0.0056,0.9
0.000302568380665439,0.4649160149923368,0.4633219154551652,1.0,2.713,0.532,1.0,0.966,0.0056,0.9
0.0008764363776551078,0.4743938446044922,0.4633331298828124,1.0,2.713,0.532,1.0,0.966,0.0056,0.9
0.0009765015222908869,0.4831837459878683,0.4635181254474454,1.0,2.713,0.532,1.0,0.966,0.0056,0.9
0.0006768801272120102,0.49658203125,0.4638916015624998,1.0,2.713,0.532,1.0,0.966,0.0056,0.9
0.0004898745558043102,0.4848823547363281,0.46372680664062493,1.0,2.713,0.532,1.0,0.966,0.0056,0.9
0.0007316472079366984,0.4931262723124519,0.4637717396020893,1.0,2.713,0.532,1.0,0.966,0.0056,0.9
0.0007668350043342251,0.47402684276447893,0.46355076651087845,1.0,2.713,0.532,1.0,0.966,0.0056,0.9
1.008327648870465,0.0,0.4590754893406914,1.0,2.713,0.532,1.0,0.966,0.0056,0.9
0.0008790144030548869,0.5003433227539062,0.46397705078124996,1.0,2.713,0.532,1.0,0.966,0.0056,0.9
0.0009713621784062437,0.4954872131347656,0.46394653320312507,1.0,2.713,0.532,1.0,0.966,0.0056,0.9
0.000556800388754892,0.4788379669189453,0.46362609863281246,1.0,2.713,0.532,1.0,0.966,0.0056,0.9
0.00020092730367769182,0.45302504301071167,0.4630007743835449,1.0,2.713,0.532,1.0,0.966,0.0056,0.9
0.00023293915979340853,0.465718150138855,0.46333026885986345,1.0,2.713,0.532,1.0,0.966,0.0056,0.9
0.00038806011330419184,0.463057279586792,0.46313591003417953,1.0,2.713,0.532,1.0,0.966,0.0056,0.9
0.0006069481185754224,0.4752039909362793,0.463561248779297,1.0,2.713,0.532,1.0,0.966,0.0056,0.9
0.00016554701690856056,0.4568679630756378,0.4630534648895265,1.0,2.713,0.532,1.0,0.966,0.0056,0.9
0.0005045992022082295,0.44546028188022413,0.4628734355617748,1.0,2.713,0.532,1.0,0.966,0.0056,0.9
0.0001371858523547178,0.4575357437133789,0.4631210327148436,1.0,2.713,0.532,1.0,0.966,0.0056,0.9
8.728757077943228e-5,0.46276722204402176,0.4631763219833384,1.0,2.713,0.532,1.0,0.966,0.0056,0.9
0.0007827557741355613,0.44172461051493883,0.4628173828124995,1.0,2.713,0.532,1.0,0.966,0.0056,0.9
0.0007495834270853826,0.439720084866849,0.4627513587474783,1.0,2.713,0.532,1.0,0.966,0.0056,0.9
0.0006147929402039754,0.4409330057978368,0.46273814068114977,1.0,2.713,0.532,1.0,0.966,0.0056,0.9
0.0007849794587751512,0.49558353424072266,0.46382904052734375,1.0,2.713,0.532,1.0,0.966,0.0056,0.9
0.00014836320819795566,0.4661130099431148,0.46332593858241655,1.0,2.713,0.532,1.0,0.966,0.0056,0.9
0.0007117245342354506,0.47554588317871094,0.4633697509765625,1.0,2.713,0.532,1.0,0.966,0.0056,0.9
7.152763468082406e-5,0.4764737459994154,0.4635102499201682,1.0,2.713,0.532,1.0,0.966,0.0056,0.9
0.0006650376355398483,0.4533731937408447,0.46291770935058574,1.0,2.713,0.532,1.0,0.966,0.0056,0.9
0.0001509633014952238,0.47667378197702504,0.46345638445297466,1.0,2.713,0.532,1.0,0.966,0.0056,0.9
0.00037881096329128505,0.45095949716778705,0.4629100799560544,1.0,2.713,0.532,1.0,0.966,0.0056,0.9
0.0007739661819641284,0.4443535804748535,0.46274032592773434,1.0,2.713,0.532,1.0,0.966,0.0056,0.9
0.0008590783548821846,0.4513125419616699,0.4630683898925779,1.0,2.713,0.532,1.0,0.966,0.0056,0.9
1.008328606397235,0.0,0.4590753580367162,1.0,2.713,0.532,1.0,0.966,0.0056,0.9
0.00044813117216910465,0.447710035469413,0.4629271686077131,1.0,2.713,0.532,1.0,0.966,0.0056,0.9
0.0008926461806867487,0.43663085847552474,0.4626058982497672,1.0,2.713,0.532,1.0,0.966,0.0056,0.9
0.0008490422056423964,0.43646800140461584,0.4626635263852808,1.0,2.713,0.532,1.0,0.966,0.0056,0.9
0.0007438497937375614,0.44223642349243164,0.4628257751464847,1.0,2.713,0.532,1.0,0.966,0.0056,0.9
0.0006819699965665034,0.46267713978886604,0.4631013572216027,1.0,2.713,0.532,1.0,0.966,0.0056,0.9
7.374848424480761e-5,0.4593314342200756,0.46313813328743064,1.0,2.713,0.532,1.0,0.966,0.0056,0.9
0.0007593258740699531,0.4422316594136646,0.4627071380615232,1.0,2.713,0.532,1.0,0.966,0.0056,0.9
0.0005195889645147877,0.4472274617810399,0.4629275798797614,1.0,2.713,0.532,1.0,0.966,0.0056,0.9
0.0003047087511818409,0.46679991483688354,0.4632214546203614,1.0,2.713,0.532,1.0,0.966,0.0056,0.9
0.000757533309422039,0.47471074759960175,0.46334831714630176,1.0,2.713,0.532,1.0,0.966,0.0056,0.9
0.0005027968217720142,0.45453090677866437,0.46295657225605813,1.0,2.713,0.532,1.0,0.966,0.0056,0.9
0.0004693158346457074,0.4447845593094826,0.462836492061615,1.0,2.713,0.532,1.0,0.966,0.0056,0.9
0.0006357330868921871,0.48729419708251953,0.46363983154296873,1.0,2.713,0.532,1.0,0.966,0.0056,0.9
0.00017409988321359792,0.4599445405587216,0.4631911286152823,1.0,2.713,0.532,1.0,0.966,0.0056,0.9
0.0001919671552948631,0.45427144318819046,0.4630466341972356,1.0,2.713,0.532,1.0,0.966,0.0056,0.9
0.0007054957857389809,0.4568098327945336,0.463182449340821,1.0,2.713,0.532,1.0,0.966,0.0056,0.9
0.0009364795331415191,0.43730682134628296,0.4626053810119629,1.0,2.713,0.532,1.0,0.966,0.0056,0.9
0.0006416411641756728,0.495780095468195,0.4638901893980806,1.0,2.713,0.532,1.0,0.966,0.0056,0.9
0.00022836678543994515,0.4558741881573951,0.4631016731262205,1.0,2.713,0.532,1.0,0.966,0.0056,0.9
0.0003050187504142621,0.4701061248779297,0.4634307861328126,1.0,2.713,0.532,1.0,0.966,0.0056,0.9
1.0083283567781778,0.0,0.459075392100207,1.0,2.713,0.532,1.0,0.966,0.0056,0.9
3.7076899705614225e-5,0.4684838395832571,0.4633513614535343,1.0,2.713,0.532,1.0,0.966,0.0056,0.9
0.0002869083465341652,0.45162735157832884,0.4629414286822444,1.0,2.713,0.532,1.0,0.966,0.0056,0.9
1.0083274319664126,0.0,0.4590755195497983,1.0,2.713,0.532,1.0,0.966,0.0056,0.9
0.00044704761558489513,0.4821453094482422,0.4636749267578126,1.0,2.713,0.532,1.0,0.966,0.0056,0.9
0.00017637210738288952,0.45617547894287114,0.46309649228515626,1.0,2.713,0.532,1.0,0.966,0.0056,0.9
0.000534583791549382,0.4894880932434096,0.4637058725585941,1.0,2.713,0.532,1.0,0.966,0.0056,0.9
0.0005935789189497943,0.4944581985473633,0.46387176513671885,1.0,2.713,0.532,1.0,0.966,0.0056,0.9
0.00029243039232213294,0.4519139944756007,0.46301020900878886,1.0,2.713,0.532,1.0,0.966,0.0056,0.9
0.0008920274931947499,0.46135414390563967,0.4630586602783205,1.0,2.713,0.532,1.0,0.966,0.0056,0.9
0.0005479257739683031,0.4454823883528185,0.46279288006992897,1.0,2.713,0.532,1.0,0.966,0.0056,0.9
0.0008530208255197636,0.457467350364878,0.4629826248931889,1.0,2.713,0.532,1.0,0.966,0.0056,0.9
0.0002493859835275325,0.4594569672899487,0.4631926930929251,1.0,2.713,0.532,1.0,0.966,0.0056,0.9
0.0009028068104820694,0.43622802326984683,0.46267164882812484,1.0,2.713,0.532,1.0,0.966,0.0056,0.9
0.0004062622429082335,0.46110928344726565,0.46325035156250005,1.0,2.713,0.532,1.0,0.966,0.0056,0.9
0.0009613148892960784,0.43655071132128553,0.46269471271611173,1.0,2.713,0.532,1.0,0.966,0.0056,0.9
0.0006613305436967275,0.4638922784773958,0.4631279038165382,1.0,2.713,0.532,1.0,0.966,0.0056,0.9
0.0008247270701644485,0.4532347995869851,0.4631104991624444,1.0,2.713,0.532,1.0,0.966,0.0056,0.9
0.0002603259296892656,0.48309210345458986,0.46366290136718746,1.0,2.713,0.532,1.0,0.966,0.0056,0.9
0.00020282032189542404,0.4620925387401559,0.4632460266601564,1.0,2.713,0.532,1.0,0.966,0.0056,0.9
0.0004624925892055109,0.4602827849404724,0.4632378790283204,1.0,2.713,0.532,1.0,0.966,0.0056,0.9
0.000541313926591007,0.455447258178711,0.463135587011719,1.0,2.713,0.532,1.0,0.966,0.0056,0.9
0.00018322638424401138,0.45679874103980367,0.46311501873522476,1.0,2.713,0.532,1.0,0.966,0.0056,0.9
0.00030742483602579833,0.4547393163795471,0.4629869459411621,1.0,2.713,0.532,1.0,0.966,0.0056,0.9
0.0006348479926626616,0.4483913520312638,0.4629747117006724,1.0,2.713,0.532,1.0,0.966,0.0056,0.9
0.0001249898201698488,0.46903575315475465,0.4632931758117693,1.0,2.713,0.532,1.0,0.966,0.0056,0.9
0.0003197558521333777,0.4525280290703217,0.463033347686766,1.0,2.713,0.532,1.0,0.966,0.0056,0.9
0.00014483728551852054,0.4569751813434441,0.46310815768041314,1.0,2.713,0.532,1.0,0.966,0.0056,0.9
0.0006964410910787701,0.4397921583083865,0.46268986794411104,1.0,2.713,0.532,1.0,0.966,0.0056,0.9
0.0006719684096409269,0.48719120025634766,0.4636337280273438,1.0,2.713,0.532,1.0,0.966,0.0056,0.9
0.00024095878233320873,0.45880366593749794,0.4630717054893498,1.0,2.713,0.532,1.0,0.966,0.0056,0.9
0.0002397816507897119,0.45180446331787116,0.46298577041015654,1.0,2.713,0.532,1.0,0.966,0.0056,0.9
0.0004416177414915951,0.45421598947362474,0.4630948797119142,1.0,2.713,0.532,1.0,0.966,0.0056,0.9
0.0009442436057200107,0.45041242971247153,0.4630542414681248,1.0,2.713,0.532,1.0,0.966,0.0056,0.9
0.0005277460527701387,0.45180986528396605,0.4629029435729979,1.0,2.713,0.532,1.0,0.966,0.0056,0.9
0.00013341805099507484,0.47147289487824173,0.4634341277090581,1.0,2.713,0.532,1.0,0.966,0.0056,0.9
0.0009517511476704638,0.43399380741626026,0.46259391981534936,1.0,2.713,0.532,1.0,0.966,0.0056,0.9
0.0007215498456167762,0.4386097023276397,0.46268091694429436,1.0,2.713,0.532,1.0,0.966,0.0056,0.9
0.0006322049503882375,0.45624289273071295,0.4631629660644532,1.0,2.713,0.532,1.0,0.966,0.0056,0.9
0.0008576678360439093,0.43998856029558187,0.462779559752655,1.0,2.713,0.532,1.0,0.966,0.0056,0.9
0.00010597985531754492,0.4779269922702313,0.4635450405048376,1.0,2.713,0.532,1.0,0.966,0.0056,0.9
4.9617264385816465e-5,0.4610116180369852,0.4631706344604499,1.0,2.713,0.532,1.0,0.966,0.0056,0.9
0.00033682018111808694,0.4695701887321472,0.463423465704346,1.0,2.713,0.532,1.0,0.966,0.0056,0.9
1.4146862477020932e-5,0.47015631439971917,0.46334718133544883,1.0,2.713,0.532,1.0,0.966,0.0056,0.9
2.0838085016701005e-5,0.46538801658918905,0.4632485721928613,1.0,2.713,0.532,1.0,0.966,0.0056,0.9
0.0006963281511007756,0.46614454995138105,0.46317169697265637,1.0,2.713,0.532,1.0,0.966,0.0056,0.9
0.00048244288094921866,0.4442975498681033,0.4628033898075187,1.0,2.713,0.532,1.0,0.966,0.0056,0.9
0.0004458089670419938,0.4607817954641654,0.46324727914237984,1.0,2.713,0.532,1.0,0.966,0.0056,0.9
5.697817756058694e-5,0.4737252959494591,0.46341104709243797,1.0,2.713,0.532,1.0,0.966,0.0056,0.9
0.0002568300440410858,0.4512177478960413,0.46297391892749173,1.0,2.713,0.532,1.0,0.966,0.0056,0.9
0.0007556811538308245,0.46305802860889544,0.4631034621093749,1.0,2.713,0.532,1.0,0.966,0.0056,0.9
0.0009683218248453374,0.4462934633612633,0.46295697671890257,1.0,2.713,0.532,1.0,0.966,0.0056,0.9
7.415033409593135e-5,0.46270850802612307,0.46317903266601546,1.0,2.713,0.532,1.0,0.966,0.0056,0.9
0.0009008472680465555,0.45550216662597653,0.4631685931640623,1.0,2.713,0.532,1.0,0.966,0.0056,0.9
0.0007365808249509317,0.4529155710343635,0.4629022606973654,1.0,2.713,0.532,1.0,0.966,0.0056,0.9
0.000494689101331252,0.4924119680374861,0.4638012000322334,1.0,2.713,0.532,1.0,0.966,0.0056,0.9
0.00023388888952746625,0.4572351180365388,0.4631369232990823,1.0,2.713,0.532,1.0,0.966,0.0056,0.9
0.00023240876501787826,0.45356930262240724,0.46298446952708955,1.0,2.713,0.532,1.0,0.966,0.0056,0.9
0.00035915129254866714,0.4481998235626221,0.4629156234374997,1.0,2.713,0.532,1.0,0.966,0.0056,0.9
1.008331215468567,0.0,0.45907500513905664,1.0,2.713,0.532,1.0,0.966,0.0056,0.9
0.0009225213365274353,0.46256225338762924,0.46332574390545206,1.0,2.713,0.532,1.0,0.966,0.0056,0.9
0.0009066982578235408,0.4348068919258118,0.4625998896667481,1.0,2.713,0.532,1.0,0.966,0.0056,0.9
0.0007686590537467047,0.4493809056396484,0.4630138463867186,1.0,2.713,0.532,1.0,0.966,0.0056,0.9
0.00043186280060584164,0.48939060361218456,0.46378488094596887,1.0,2.713,0.532,1.0,0.966,0.0056,0.9
0.000292794995789908,0.45160627036956436,0.46293943356323547,1.0,2.713,0.532,1.0,0.966,0.0056,0.9
0.0004626778254152451,0.4687396330146789,0.4634192425598143,1.0,2.713,0.532,1.0,0.966,0.0056,0.9
0.0004901659402566787,0.47452413668036464,0.4635377110385896,1.0,2.713,0.532,1.0,0.966,0.0056,0.9
0.00012956137910450038,0.4679797116514963,0.46336230745850043,1.0,2.713,0.532,1.0,0.966,0.0056,0.9
6.779535370568435e-5,0.4777281266570536,0.46351995445211486,1.0,2.713,0.532,1.0,0.966,0.0056,0.9
0.0007075911944607367,0.479750812524262,0.46365606506347656,1.0,2.713,0.532,1.0,0.966,0.0056,0.9
0.0008302863031831986,0.44444424327254295,0.4628965487155907,1.0,2.713,0.532,1.0,0.966,0.0056,0.9
0.0005666795721034953,0.4549071635742187,0.46295690751953134,1.0,2.713,0.532,1.0,0.966,0.0056,0.9
0.0004361888490570379,0.4724798492431641,0.4634923630859374,1.0,2.713,0.532,1.0,0.966,0.0056,0.9
0.0004296642205235068,0.4705928193753133,0.46345390279972265,1.0,2.713,0.532,1.0,0.966,0.0056,0.9
0.0005208653843097606,0.443764544837991,0.4627807126940598,1.0,2.713,0.532,1.0,0.966,0.0056,0.9
0.000554200269924115,0.4423927664639198,0.4627749560546869,1.0,2.713,0.532,1.0,0.966,0.0056,0.9
1.0083328613322953,0.0,0.45907478425038006,1.0,2.713,0.532,1.0,0.966,0.0056,0.9
0.000945120223562261,0.4340565544541988,0.4625867699986131,1.0,2.713,0.532,1.0,0.966,0.0056,0.9
0.0002152655641166808,0.4816248389793122,0.4635627108855619,1.0,2.713,0.532,1.0,0.966,0.0056,0.9
0.00020893001529866776,0.4527193260192871,0.4629963226318357,1.0,2.713,0.532,1.0,0.966,0.0056,0.9
0.0007965981723982381,0.4405833901218491,0.4627869764688721,1.0,2.713,0.532,1.0,0.966,0.0056,0.9
0.0002983416938439809,0.47548418481225824,0.46340724759987295,1.0,2.713,0.532,1.0,0.966,0.0056,0.9
0.0009870630277375267,0.4348629996445307,0.46256538835116934,1.0,2.713,0.532,1.0,0.966,0.0056,0.9
0.00018033509413621645,0.468379556771072,0.4633789638815515,1.0,2.713,0.532,1.0,0.966,0.0056,0.9
0.0003935679397481062,0.4747557783136601,0.4635326558811187,1.0,2.713,0.532,1.0,0.966,0.0056,0.9
0.00043673016724269726,0.4455395661018129,0.4628298001861557,1.0,2.713,0.532,1.0,0.966,0.0056,0.9
0.0008181623018689749,0.44651571783113475,0.4629480123558044,1.0,2.713,0.532,1.0,0.966,0.0056,0.9
0.0008354803697091263,0.47980906882839147,0.4636669887482521,1.0,2.713,0.532,1.0,0.966,0.0056,0.9
0.000542029252028541,0.443928153713878,0.46277435230712877,1.0,2.713,0.532,1.0,0.966,0.0056,0.9
0.00017003891943729603,0.4603240394565228,0.4631993530644428,1.0,2.713,0.532,1.0,0.966,0.0056,0.9
0.0007445727935024911,0.44137285079956057,0.462801078491211,1.0,2.713,0.532,1.0,0.966,0.0056,0.9
0.0003870583025524431,0.4508654988641738,0.46290700831146225,1.0,2.713,0.532,1.0,0.966,0.0056,0.9
0.000849543947272521,0.43770926002311705,0.46270889463195813,1.0,2.713,0.532,1.0,0.966,0.0056,0.9
1.008328859697547,0.0,0.4590753235487904,1.0,2.713,0.532,1.0,0.966,0.0056,0.9
0.0006553648620490489,0.4439640434509782,0.46275062197675193,1.0,2.713,0.532,1.0,0.966,0.0056,0.9
0.0005695511267886145,0.48774018124389185,0.46365786188964797,1.0,2.713,0.532,1.0,0.966,0.0056,0.9
0.0008925417379264371,0.4374916403627866,0.462615912368426,1.0,2.713,0.532,1.0,0.966,0.0056,0.9
1.0083286118758383,0.0,0.45907535729008186,1.0,2.713,0.532,1.0,0.966,0.0056,0.9
1.0083285090021175,0.0,0.45907537131747306,1.0,2.713,0.532,1.0,0.966,0.0056,0.9
0.0002460797878386891,0.4525882677078248,0.46301588104248037,1.0,2.713,0.532,1.0,0.966,0.0056,0.9
0.0006281624677053881,0.4938787805336039,0.46380873680268536,1.0,2.713,0.532,1.0,0.966,0.0056,0.9
0.0001263882005982313,0.45812601509857176,0.46308544195556645,1.0,2.713,0.532,1.0,0.966,0.0056,0.9
0.0009299964362147592,0.4736977815628052,0.46355571746826185,1.0,2.713,0.532,1.0,0.966,0.0056,0.9
0.0008141300073674314,0.43666892742919927,0.4626520069335938,1.0,2.713,0.532,1.0,0.966,0.0056,0.9
0.000759757798658972,0.464893531065236,0.4631409890736208,1.0,2.713,0.532,1.0,0.966,0.0056,0.9
0.0005774028593868078,0.4469777551698408,0.46281137707469505,1.0,2.713,0.532,1.0,0.966,0.0056,0.9
0.0005413623686629436,0.4903803465576172,0.4638187616210938,1.0,2.713,0.532,1.0,0.966,0.0056,0.9
0.0009353365783620316,0.4345100109170369,0.4625810932149004,1.0,2.713,0.532,1.0,0.966,0.0056,0.9
0.0005117992327908112,0.4483479349717706,0.46295654517498047,1.0,2.713,0.532,1.0,0.966,0.0056,0.9
0.0009516084088005943,0.43586699837396325,0.4625841492036915,1.0,2.713,0.532,1.0,0.966,0.0056,0.9
0.0002466094779992269,0.4579484462738037,0.4631565093994141,1.0,2.713,0.532,1.0,0.966,0.0056,0.9
0.00011797023550891212,0.45677621487426756,0.46307776987304694,1.0,2.713,0.532,1.0,0.966,0.0056,0.9
0.0005638640544197461,0.4448421055122328,0.462780466781048,1.0,2.713,0.532,1.0,0.966,0.0056,0.9
0.0009926455423229878,0.4336670093508094,0.4625561177352252,1.0,2.713,0.532,1.0,0.966,0.0056,0.9
9.050401552332567e-5,0.46629012400541936,0.4633186280593788,1.0,2.713,0.532,1.0,0.966,0.0056,0.9
0.0009838116977734673,0.4598515331320294,0.46302164823102054,1.0,2.713,0.532,1.0,0.966,0.0056,0.9
0.0006907118453532545,0.44404608326721196,0.46286795087890614,1.0,2.713,0.532,1.0,0.966,0.0056,0.9
5.49313540903778e-5,0.47680355607933067,0.4635021486083985,1.0,2.713,0.532,1.0,0.966,0.0056,0.9
0.00033467238969739284,0.4715694496675517,0.4634636519805907,1.0,2.713,0.532,1.0,0.966,0.0056,0.9
0.0005368126665425967,0.4444480774321843,0.4628500873312943,1.0,2.713,0.532,1.0,0.966,0.0056,0.9
0.000663700762936719,0.4437766250109446,0.4627463435217753,1.0,2.713,0.532,1.0,0.966,0.0056,0.9
0.00024214160619059216,0.4808429663618012,0.46362384130859396,1.0,2.713,0.532,1.0,0.966,0.0056,0.9
0.00018059092807627518,0.45594371971249864,0.46303476611710015,1.0,2.713,0.532,1.0,0.966,0.0056,0.9
2.151982107625484e-5,0.47382114056396474,0.4634348373046874,1.0,2.713,0.532,1.0,0.966,0.0056,0.9
6.568327034946131e-5,0.46585979797363275,0.4632410057617189,1.0,2.713,0.532,1.0,0.966,0.0056,0.9
0.0003855042007959187,0.45258383789062495,0.4630465625,1.0,2.713,0.532,1.0,0.966,0.0056,0.9
0.0009148019746203224,0.43780341931152345,0.4626160249023438,1.0,2.713,0.532,1.0,0.966,0.0056,0.9
0.0006578060707727357,0.45406338609284924,0.4629317018503303,1.0,2.713,0.532,1.0,0.966,0.0056,0.9
0.0005641491771180085,0.45882485224427905,0.4632152221295456,1.0,2.713,0.532,1.0,0.966,0.0056,0.9
0.00043658300716949714,0.48636239215087895,0.4636417225585939,1.0,2.713,0.532,1.0,0.966,0.0056,0.9
0.0008536879446994264,0.48387977600097654,0.4637432250976564,1.0,2.713,0.532,1.0,0.966,0.0056,0.9
0.0007279959059851199,0.4971933933057072,0.46392673497314485,1.0,2.713,0.532,1.0,0.966,0.0056,0.9
0.0007728639499210523,0.44281863079833983,0.46271462509765626,1.0,2.713,0.532,1.0,0.966,0.0056,0.9
0.0006389741165033293,0.47510368078613285,0.46356194641113296,1.0,2.713,0.532,1.0,0.966,0.0056,0.9
0.00034225545582232305,0.4626152350366115,0.4631321202945706,1.0,2.713,0.532,1.0,0.966,0.0056,0.9
0.0007303103121790276,0.479882701822281,0.4634630306488037,1.0,2.713,0.532,1.0,0.966,0.0056,0.9
0.0008222359609841892,0.46934172818471875,0.4632294121701521,1.0,2.713,0.532,1.0,0.966,0.0056,0.9
0.0009544566372651209,0.43395796794700625,0.4625763064117433,1.0,2.713,0.532,1.0,0.966,0.0056,0.9
0.0008027409045385374,0.43872422131347655,0.46264985654296875,1.0,2.713,0.532,1.0,0.966,0.0056,0.9
1.0083310190310226,0.0,0.45907503157235807,1.0,2.713,0.532,1.0,0.966,0.0056,0.9
0.0009598572866269391,0.4659049467907252,0.4633990848627414,1.0,2.713,0.532,1.0,0.966,0.0056,0.9
0.0009503000870353705,0.4355780102273086,0.46258132174240557,1.0,2.713,0.532,1.0,0.966,0.0056,0.9
0.0008317410396829707,0.46871422583007816,0.4634485571289063,1.0,2.713,0.532,1.0,0.966,0.0056,0.9
0.0006600439240442934,0.4409255962267247,0.46271011841442383,1.0,2.713,0.532,1.0,0.966,0.0056,0.9
1.0083309594250158,0.0,0.4590750395966033,1.0,2.713,0.532,1.0,0.966,0.0056,0.9
0.0007831648683504135,0.4625014923095703,0.46308999511718746,1.0,2.713,0.532,1.0,0.966,0.0056,0.9
0.000535389428181915,0.45591359523010255,0.4629795184326172,1.0,2.713,0.532,1.0,0.966,0.0056,0.9
1.0083295523681808,0.0,0.45907522954970564,1.0,2.713,0.532,1.0,0.966,0.0056,0.9
0.0005261686361024184,0.4897972191352844,0.46371514811401365,1.0,2.713,0.532,1.0,0.966,0.0056,0.9
0.00048236810976397943,0.45659221373253295,0.4629982271733579,1.0,2.713,0.532,1.0,0.966,0.0056,0.9
0.00023523451397956455,0.4774615877909322,0.4635639515466977,1.0,2.713,0.532,1.0,0.966,0.0056,0.9
0.00035432709391324126,0.4743095197753906,0.46337505712890625,1.0,2.713,0.532,1.0,0.966,0.0056,0.9
0.0007442313979066752,0.47953178344726566,0.463654880859375,1.0,2.713,0.532,1.0,0.966,0.0056,0.9
0.0007637926727862915,0.44064990217483024,0.4627831839630128,1.0,2.713,0.532,1.0,0.966,0.0056,0.9
0.000878589216662167,0.46855642972753286,0.4634485815551764,1.0,2.713,0.532,1.0,0.966,0.0056,0.9
0.000637482197282076,0.4416168247866846,0.4627231687438336,1.0,2.713,0.532,1.0,0.966,0.0056,0.9
0.000343252198015495,0.4483085259039402,0.4629104829067234,1.0,2.713,0.532,1.0,0.966,0.0056,0.9
0.0002533513513290698,0.4513608962720931,0.46295293476562505,1.0,2.713,0.532,1.0,0.966,0.0056,0.9
0.0009299556679297223,0.4939841250152588,0.4639197443603516,1.0,2.713,0.532,1.0,0.966,0.0056,0.9
0.0008104297950744603,0.4381372646884024,0.46271369377441335,1.0,2.713,0.532,1.0,0.966,0.0056,0.9
0.00020204799373161415,0.4694803781742575,0.4634048444950613,1.0,2.713,0.532,1.0,0.966,0.0056,0.9
0.0003589319397943826,0.45501979870319365,0.4629839065353394,1.0,2.713,0.532,1.0,0.966,0.0056,0.9
0.0006612702117958058,0.45036478551786224,0.46302683519897475,1.0,2.713,0.532,1.0,0.966,0.0056,0.9
0.0006822149557051585,0.47849966769518326,0.46343638831327927,1.0,2.713,0.532,1.0,0.966,0.0056,0.9
0.0005795511895475717,0.44813413219451903,0.4629609518432618,1.0,2.713,0.532,1.0,0.966,0.0056,0.9
0.0005521551015411062,0.480723476536141,0.4636604279954183,1.0,2.713,0.532,1.0,0.966,0.0056,0.9
0.00029256587060918755,0.4579538394362665,0.46304784833555185,1.0,2.713,0.532,1.0,0.966,0.0056,0.9
0.0002249587008661146,0.4619391568298339,0.4632459894042968,1.0,2.713,0.532,1.0,0.966,0.0056,0.9
0.00028973094650815926,0.4559031537322997,0.46301060888671874,1.0,2.713,0.532,1.0,0.966,0.0056,0.9
0.0002777788706887299,0.45556344191837317,0.46310349169769305,1.0,2.713,0.532,1.0,0.966,0.0056,0.9
0.00017429359708829654,0.47326764125823984,0.4633756631469726,1.0,2.713,0.532,1.0,0.966,0.0056,0.9
0.0001204791041124913,0.4769766932373046,0.46347025068359377,1.0,2.713,0.532,1.0,0.966,0.0056,0.9
0.0007028513222816251,0.48828400845336917,0.4638065331542971,1.0,2.713,0.532,1.0,0.966,0.0056,0.9
1.0083307961758514,0.0,0.45907506158140665,1.0,2.713,0.532,1.0,0.966,0.0056,0.9
1.008328171110505,0.0,0.4590754174964806,1.0,2.713,0.532,1.0,0.966,0.0056,0.9
0.0001813436208976381,0.482370244216919,0.4636313006591798,1.0,2.713,0.532,1.0,0.966,0.0056,0.9
0.0002192440929194784,0.4643874100990295,0.46318327304077167,1.0,2.713,0.532,1.0,0.966,0.0056,0.9
0.0005163348081777037,0.44547019607306504,0.46287660528414476,1.0,2.713,0.532,1.0,0.966,0.0056,0.9
0.000883734728921614,0.49912488176742875,0.46391420970083375,1.0,2.713,0.532,1.0,0.966,0.0056,0.9
0.00029895721258613124,0.4665813365886464,0.46321762392578103,1.0,2.713,0.532,1.0,0.966,0.0056,0.9
0.0004847517367179604,0.4701692008972168,0.46345054626464854,1.0,2.713,0.532,1.0,0.966,0.0056,0.9
0.0007435648275799763,0.48773428076171876,0.46380131337890623,1.0,2.713,0.532,1.0,0.966,0.0056,0.9
0.0006124602216366309,0.48432029333496096,0.4637303491210939,1.0,2.713,0.532,1.0,0.966,0.0056,0.9
0.00013163304037671527,0.46438829141223614,0.4632852282036157,1.0,2.713,0.532,1.0,0.966,0.0056,0.9
0.0008836661478945571,0.49772607905578614,0.4639659896240236,1.0,2.713,0.532,1.0,0.966,0.0056,0.9
1.0083276276641404,0.0,0.45907549227782884,1.0,2.713,0.532,1.0,0.966,0.0056,0.9
1.0083307769688494,0.0,0.4590750641689123,1.0,2.713,0.532,1.0,0.966,0.0056,0.9
7.042548752069689e-5,0.46501145159954693,0.46328556388099995,1.0,2.713,0.532,1.0,0.966,0.0056,0.9
0.0008508029469139054,0.4368441184526911,0.4626790679748534,1.0,2.713,0.532,1.0,0.966,0.0056,0.9
0.0004244777103768217,0.44605713741713393,0.4628651898828746,1.0,2.713,0.532,1.0,0.966,0.0056,0.9
0.0005875785854947152,0.4427577121232784,0.46274900920867756,1.0,2.713,0.532,1.0,0.966,0.0056,0.9
0.0003935600800120163,0.4471115179977416,0.4628558946655275,1.0,2.713,0.532,1.0,0.966,0.0056,0.9
0.0001887113156107331,0.4551580427144766,0.46302073466281823,1.0,2.713,0.532,1.0,0.966,0.0056,0.9
0.0005567382546211228,0.44454023139891785,0.46285782468056735,1.0,2.713,0.532,1.0,0.966,0.0056,0.9
0.0008453133651017965,0.4415958378388418,0.4628227098302665,1.0,2.713,0.532,1.0,0.966,0.0056,0.9
0.0004795206725877938,0.44431387056427024,0.4628064288687913,1.0,2.713,0.532,1.0,0.966,0.0056,0.9
0.0009352208989012551,0.43427604014906274,0.4625865574707031,1.0,2.713,0.532,1.0,0.966,0.0056,0.9
0.0007849509163596438,0.4471937261734009,0.46278969500732436,1.0,2.713,0.532,1.0,0.966,0.0056,0.9
0.0001703681621887487,0.47795193438720707,0.46356148193359376,1.0,2.713,0.532,1.0,0.966,0.0056,0.9
0.0007992713406503112,0.44314065666493774,0.4627164720304966,1.0,2.713,0.532,1.0,0.966,0.0056,0.9
0.0004907868202738807,0.45089332495117185,0.4630193394531251,1.0,2.713,0.532,1.0,0.966,0.0056,0.9
8.445690404871999e-5,0.46309109839591733,0.46324521022555465,1.0,2.713,0.532,1.0,0.966,0.0056,0.9
0.0003151215536557846,0.4878884055481575,0.46372821560668886,1.0,2.713,0.532,1.0,0.966,0.0056,0.9
2.7405490695147295e-5,0.4714456213240624,0.4634068080940248,1.0,2.713,0.532,1.0,0.966,0.0056,0.9
2.1906188659043252e-5,0.47258527982921805,0.4634243011474607,1.0,2.713,0.532,1.0,0.966,0.0056,0.9
0.0007841907468283448,0.4418451600915352,0.4628209777832031,1.0,2.713,0.532,1.0,0.966,0.0056,0.9
0.00023939112697690516,0.46250010091046223,0.4632607151723074,1.0,2.713,0.532,1.0,0.966,0.0056,0.9
0.0005172335288678975,0.4728561778564453,0.463327765625,1.0,2.713,0.532,1.0,0.966,0.0056,0.9
0.0006263886901026791,0.46820831298828125,0.46322021484375003,1.0,2.713,0.532,1.0,0.966,0.0056,0.9
0.00023279134423142338,0.4716847067463482,0.4633329245480124,1.0,2.713,0.532,1.0,0.966,0.0056,0.9
0.0005439982533916786,0.44506029760296983,0.46287059138417375,1.0,2.713,0.532,1.0,0.966,0.0056,0.9
0.0002417564705901232,0.46666754180155356,0.4633516860335331,1.0,2.713,0.532,1.0,0.966,0.0056,0.9
0.0009003756819331795,0.44621570030091495,0.46294873242111495,1.0,2.713,0.532,1.0,0.966,0.0056,0.9
1.008328363987841,0.0,0.4590753911150696,1.0,2.713,0.532,1.0,0.966,0.0056,0.9
0.00032332586919061945,0.4603918936799726,0.46322450560913175,1.0,2.713,0.532,1.0,0.966,0.0056,0.9
0.0009115959494888153,0.4373307936052352,0.46261017867015575,1.0,2.713,0.532,1.0,0.966,0.0056,0.9
0.00039836939638823314,0.4472201598023148,0.46285436997309287,1.0,2.713,0.532,1.0,0.966,0.0056,0.9
0.0009188823347426186,0.43513158505596633,0.4626349944112915,1.0,2.713,0.532,1.0,0.966,0.0056,0.9
0.0006238427780081415,0.47379011861419684,0.4635349989868163,1.0,2.713,0.532,1.0,0.966,0.0056,0.9
0.00034852433788490464,0.48667444548827943,0.4637323970676484,1.0,2.713,0.532,1.0,0.966,0.0056,0.9
1.0083308753597335,0.0,0.4590750509161976,1.0,2.713,0.532,1.0,0.966,0.0056,0.9
0.0006105743611078684,0.45068204847754223,0.4630290170218323,1.0,2.713,0.532,1.0,0.966,0.0056,0.9
0.0005875174786602666,0.48382690397545647,0.46356397448577835,1.0,2.713,0.532,1.0,0.966,0.0056,0.9
0.000913898478116299,0.45660876184082033,0.46296087910156253,1.0,2.713,0.532,1.0,0.966,0.0056,0.9
0.00034136484163315063,0.4486781873124166,0.4628901368242466,1.0,2.713,0.532,1.0,0.966,0.0056,0.9
0.00026093237268709165,0.451127392263419,0.46297310117187485,1.0,2.713,0.532,1.0,0.966,0.0056,0.9
0.0004906826507198321,0.47176509727793214,0.4634832762693213,1.0,2.713,0.532,1.0,0.966,0.0056,0.9
0.0009517860209114483,0.4969453483886719,0.46396518906250006,1.0,2.713,0.532,1.0,0.966,0.0056,0.9
0.0003491402097355768,0.4708483863525391,0.46330125947265627,1.0,2.713,0.532,1.0,0.966,0.0056,0.9
0.000561516067932834,0.46033426620508516,0.4632486723158478,1.0,2.713,0.532,1.0,0.966,0.0056,0.9
0.0009997330146114991,0.43868919594199374,0.462762772992954,1.0,2.713,0.532,1.0,0.966,0.0056,0.9
0.0007120152433801828,0.4407001655273437,0.46269389023437507,1.0,2.713,0.532,1.0,0.966,0.0056,0.9
0.0006536306737497751,0.4722136744134684,0.46330269029722215,1.0,2.713,0.532,1.0,0.966,0.0056,0.9
0.0008913375435694196,0.43923173453117526,0.46264072490234365,1.0,2.713,0.532,1.0,0.966,0.0056,0.9
0.0006151564190560442,0.47162763049316414,0.4634913056640627,1.0,2.713,0.532,1.0,0.966,0.0056,0.9
0.00027276404251932654,0.45623410301810485,0.46311925144219535,1.0,2.713,0.532,1.0,0.966,0.0056,0.9
4.523379302140156e-5,0.46467499736352896,0.4632701068740761,1.0,2.713,0.532,1.0,0.966,0.0056,0.9
8.625226889160435e-5,0.4658928828356558,0.4633090143798818,1.0,2.713,0.532,1.0,0.966,0.0056,0.9
0.00013308073332818148,0.4774463107223511,0.46347847325439445,1.0,2.713,0.532,1.0,0.966,0.0056,0.9
0.0008231405379380334,0.47675822269293233,0.46360807899475065,1.0,2.713,0.532,1.0,0.966,0.0056,0.9
0.0007977377224278994,0.4541552476341958,0.46292114845585347,1.0,2.713,0.532,1.0,0.966,0.0056,0.9
0.0003717991523903327,0.4478278792648316,0.46290783292236337,1.0,2.713,0.532,1.0,0.966,0.0056,0.9
0.0005136686474714497,0.4457060873127081,0.4628032690967325,1.0,2.713,0.532,1.0,0.966,0.0056,0.9
0.0009388968162099364,0.4964142121513051,0.4638308354728704,1.0,2.713,0.532,1.0,0.966,0.0056,0.9
0.0005186415789405986,0.48054246749877927,0.4634960949707031,1.0,2.713,0.532,1.0,0.966,0.0056,0.9
0.00045200848152529376,0.4586461943302751,0.46319986146535913,1.0,2.713,0.532,1.0,0.966,0.0056,0.9
0.0006909277929452998,0.4395348565673828,0.46272477180175786,1.0,2.713,0.532,1.0,0.966,0.0056,0.9
0.0008353926279112541,0.4445144478912353,0.4627359900146485,1.0,2.713,0.532,1.0,0.966,0.0056,0.9
0.0005994972665653276,0.45997058203124996,0.46305342812500017,1.0,2.713,0.532,1.0,0.966,0.0056,0.9
0.0004736121668620658,0.4674322605933332,0.4633931825489192,1.0,2.713,0.532,1.0,0.966,0.0056,0.9
0.0008774846587580056,0.43619315939448616,0.4626065540540194,1.0,2.713,0.532,1.0,0.966,0.0056,0.9
0.00062781593150194,0.45646167192649845,0.4629812230072022,1.0,2.713,0.532,1.0,0.966,0.0056,0.9
0.00072393662660217,0.4543353816673804,0.46312732919472327,1.0,2.713,0.532,1.0,0.966,0.0056,0.9
0.0004857132203529357,0.4748432817382813,0.46337344638671873,1.0,2.713,0.532,1.0,0.966,0.0056,0.9
0.0006412639837177779,0.4626669955596924,0.4633067143798829,1.0,2.713,0.532,1.0,0.966,0.0056,0.9
0.0009451638543547377,0.45025054927208785,0.4630504872345047,1.0,2.713,0.532,1.0,0.966,0.0056,0.9
0.00043526978988840697,0.44552711840820314,0.46283151367187525,1.0,2.713,0.532,1.0,0.966,0.0056,0.9
7.025489069975265e-5,0.46984234570247274,0.46338855821109903,1.0,2.713,0.532,1.0,0.966,0.0056,0.9
0.0009915080973141352,0.5007262354736328,0.4640149701171875,1.0,2.713,0.532,1.0,0.966,0.0056,0.9
6.149550448303825e-5,0.4770616013027491,0.4634958922363278,1.0,2.713,0.532,1.0,0.966,0.0056,0.9
0.0008308527899694466,0.4719269885632499,0.4635136637817382,1.0,2.713,0.532,1.0,0.966,0.0056,0.9
0.0006979992243030237,0.4642720771625489,0.4631328306152337,1.0,2.713,0.532,1.0,0.966,0.0056,0.9
0.0006685300961140567,0.4429269739038073,0.46273271363807933,1.0,2.713,0.532,1.0,0.966,0.0056,0.9
0.0008108609688081218,0.43864984396362305,0.46264716254882815,1.0,2.713,0.532,1.0,0.966,0.0056,0.9
0.0003701022152456248,0.44939578037894684,0.46295765430908237,1.0,2.713,0.532,1.0,0.966,0.0056,0.9
0.0005850213910456093,0.4430229263305664,0.4628171069335938,1.0,2.713,0.532,1.0,0.966,0.0056,0.9
0.00044058047818492974,0.44786438167762754,0.4629299458892824,1.0,2.713,0.532,1.0,0.966,0.0056,0.9
0.0006839363266550378,0.4397567396270037,0.4626952715742112,1.0,2.713,0.532,1.0,0.966,0.0056,0.9
0.00033892413079577194,0.47238836094184766,0.4634804252029421,1.0,2.713,0.532,1.0,0.966,0.0056,0.9
0.0009819479104808493,0.4518658010063845,0.4628615981608629,1.0,2.713,0.532,1.0,0.966,0.0056,0.9
0.000964503994179616,0.4339232713012695,0.46256908671874997,1.0,2.713,0.532,1.0,0.966,0.0056,0.9
0.0009705236502411134,0.4884527157819757,0.4638327439498344,1.0,2.713,0.532,1.0,0.966,0.0056,0.9
0.00035695483759862044,0.4751212102355957,0.4635357362792969,1.0,2.713,0.532,1.0,0.966,0.0056,0.9
0.00013572572609365534,0.46511676104432076,0.46330206879491764,1.0,2.713,0.532,1.0,0.966,0.0056,0.9
0.0006650140442308439,0.4417624117584229,0.46271761892089835,1.0,2.713,0.532,1.0,0.966,0.0056,0.9
0.0001132002111447302,0.46903340024948115,0.46338118362426745,1.0,2.713,0.532,1.0,0.966,0.0056,0.9
0.000461768839366547,0.4677349007968902,0.4633983653167725,1.0,2.713,0.532,1.0,0.966,0.0056,0.9
0.0004910315188644166,0.4456932476956844,0.4628085964023593,1.0,2.713,0.532,1.0,0.966,0.0056,0.9
0.0008215452047749625,0.4394972093584649,0.4626560652061775,1.0,2.713,0.532,1.0,0.966,0.0056,0.9
1.5073975269256686e-6,0.46934794181425143,0.4633401900042586,1.0,2.713,0.532,1.0,0.966,0.0056,0.9
0.0001467532458245524,0.4570385160131455,0.46306207243194597,1.0,2.713,0.532,1.0,0.966,0.0056,0.9
0.0005233074188594972,0.4432383268807376,0.46278075538580987,1.0,2.713,0.532,1.0,0.966,0.0056,0.9
0.0008833944841287416,0.4576047153308803,0.4632145443949985,1.0,2.713,0.532,1.0,0.966,0.0056,0.9
0.0006386435280078691,0.44042960985946655,0.46272193259887706,1.0,2.713,0.532,1.0,0.966,0.0056,0.9
0.0003945325939278884,0.482449348449707,0.4635534252929687,1.0,2.713,0.532,1.0,0.966,0.0056,0.9
1.21148392352776e-5,0.46734499493994475,0.46331611521773564,1.0,2.713,0.532,1.0,0.966,0.0056,0.9
0.0003669798640916911,0.4515758553161622,0.46292238041992206,1.0,2.713,0.532,1.0,0.966,0.0056,0.9
0.00038324561487643443,0.4671942566223144,0.46337927800292966,1.0,2.713,0.532,1.0,0.966,0.0056,0.9
0.00032706616295680017,0.4498273943196767,0.46290626656918854,1.0,2.713,0.532,1.0,0.966,0.0056,0.9
0.0002575285144550624,0.45858393332387914,0.4631734445075983,1.0,2.713,0.532,1.0,0.966,0.0056,0.9
0.0007782933254176666,0.4881717007567223,0.46364663696289077,1.0,2.713,0.532,1.0,0.966,0.0056,0.9
0.0009983296389220722,0.4448267528762817,0.46272539979248045,1.0,2.713,0.532,1.0,0.966,0.0056,0.9
0.0007047588880287402,0.4636665705661773,0.4633333586517333,1.0,2.713,0.532,1.0,0.966,0.0056,0.9
0.0006651310720808243,0.44158555204341565,0.4627154648825063,1.0,2.713,0.532,1.0,0.966,0.0056,0.9
0.0005952271838588536,0.4718015319824219,0.46349314453125,1.0,2.713,0.532,1.0,0.966,0.0056,0.9
0.00026269930748538657,0.45658013958667953,0.46312601664461595,1.0,2.713,0.532,1.0,0.966,0.0056,0.9
0.0006246576099808383,0.44886982901382444,0.46298556918334977,1.0,2.713,0.532,1.0,0.966,0.0056,0.9
0.00022904340553609728,0.4537120980529785,0.4630435267089844,1.0,2.713,0.532,1.0,0.966,0.0056,0.9
0.00034218924600420736,0.4577209462307435,0.46316537604775476,1.0,2.713,0.532,1.0,0.966,0.0056,0.9
1.0083327320436972,0.0,0.45907480156821046,1.0,2.713,0.532,1.0,0.966,0.0056,0.9
1.8558202670525918e-5,0.4725923273498118,0.4634220570683959,1.0,2.713,0.532,1.0,0.966,0.0056,0.9
0.0005742875595422172,0.4420611264355774,0.46275218794061296,1.0,2.713,0.532,1.0,0.966,0.0056,0.9
9.697272409446128e-5,0.47627678916549687,0.46345960149536175,1.0,2.713,0.532,1.0,0.966,0.0056,0.9
9.161468062080633e-6,0.47115147120857237,0.4633906263641355,1.0,2.713,0.532,1.0,0.966,0.0056,0.9
0.0006673071338369309,0.4417285919189453,0.4627166748046874,1.0,2.713,0.532,1.0,0.966,0.0056,0.9
0.0002497079632709338,0.4653205871582031,0.463323974609375,1.0,2.713,0.532,1.0,0.966,0.0056,0.9
0.0007509741346538596,0.4877315985813141,0.4636388560638428,1.0,2.713,0.532,1.0,0.966,0.0056,0.9
0.0001429563785564201,0.4560788826732636,0.4630517782501222,1.0,2.713,0.532,1.0,0.966,0.0056,0.9
0.0006922932979381176,0.45692023890888533,0.4629845587063735,1.0,2.713,0.532,1.0,0.966,0.0056,0.9
0.00012862356735030662,0.46451380662396824,0.46320056360913475,1.0,2.713,0.532,1.0,0.966,0.0056,0.9
0.00010237586435303241,0.4709770385742187,0.46333864990234386,1.0,2.713,0.532,1.0,0.966,0.0056,0.9
0.0007391080263149562,0.4844229122314454,0.4637436744140625,1.0,2.713,0.532,1.0,0.966,0.0056,0.9
0.0008019279081244239,0.4507594227294922,0.46285492177734383,1.0,2.713,0.532,1.0,0.966,0.0056,0.9
0.0007462666566983411,0.44771291857910156,0.46280325214843737,1.0,2.713,0.532,1.0,0.966,0.0056,0.9
0.00027994600181769583,0.4587900959106057,0.46306544948577866,1.0,2.713,0.532,1.0,0.966,0.0056,0.9
0.0008880384190811259,0.460449511291005,0.4632776183158882,1.0,2.713,0.532,1.0,0.966,0.0056,0.9
0.0007031038995456767,0.47702857479858396,0.46340258200683604,1.0,2.713,0.532,1.0,0.966,0.0056,0.9
0.0001484034624465262,0.46739845443008304,0.4632551767883304,1.0,2.713,0.532,1.0,0.966,0.0056,0.9
0.00013192859204571927,0.4568459169884629,0.46309874140624996,1.0,2.713,0.532,1.0,0.966,0.0056,0.9
0.0008325589166643481,0.4478650330461575,0.4627973672624537,1.0,2.713,0.532,1.0,0.966,0.0056,0.9
0.0009677969576631283,0.436026209640503,0.4626794805908205,1.0,2.713,0.532,1.0,0.966,0.0056,0.9
0.00017991386497424498,0.4708571064405294,0.4634294882275579,1.0,2.713,0.532,1.0,0.966,0.0056,0.9
0.000968681610077305,0.43971258513740197,0.4626378804594705,1.0,2.713,0.532,1.0,0.966,0.0056,0.9
0.00040746319398774747,0.4468682766113281,0.4628886382812501,1.0,2.713,0.532,1.0,0.966,0.0056,0.9
0.0007829469107696087,0.4434557236645117,0.46286482248420685,1.0,2.713,0.532,1.0,0.966,0.0056,0.9
0.0007049407139785545,0.4472633590698243,0.4627996899414062,1.0,2.713,0.532,1.0,0.966,0.0056,0.9
0.0005824478435514914,0.47347537559239133,0.4633354351801805,1.0,2.713,0.532,1.0,0.966,0.0056,0.9
0.0006282822156607696,0.4438751451514018,0.46275398993626193,1.0,2.713,0.532,1.0,0.966,0.0056,0.9
0.0006507337911956035,0.4449864058286198,0.46276760482466256,1.0,2.713,0.532,1.0,0.966,0.0056,0.9
0.000574035337368397,0.4464746046532988,0.46280363438348804,1.0,2.713,0.532,1.0,0.966,0.0056,0.9
0.00018979225733580947,0.4537528451106025,0.4630055084228512,1.0,2.713,0.532,1.0,0.966,0.0056,0.9
0.00024367463145540835,0.4774885157352845,0.46356570595703117,1.0,2.713,0.532,1.0,0.966,0.0056,0.9
0.0009326039925761423,0.44349857646181245,0.4628832734989168,1.0,2.713,0.532,1.0,0.966,0.0056,0.9
0.0002322830328817177,0.4695386612128223,0.4634101986572264,1.0,2.713,0.532,1.0,0.966,0.0056,0.9
0.0006164559651555169,0.46660124371463674,0.46338836999816857,1.0,2.713,0.532,1.0,0.966,0.0056,0.9
0.0007515362881127623,0.4423912048259152,0.4627108302330215,1.0,2.713,0.532,1.0,0.966,0.0056,0.9
8.164387795402039e-5,0.4593373939304221,0.46312294445623164,1.0,2.713,0.532,1.0,0.966,0.0056,0.9
0.0007679244021693438,0.45024525618566424,0.4630347192812016,1.0,2.713,0.532,1.0,0.966,0.0056,0.9
0.0003493516370557511,0.4593328456576097,0.46306657622927205,1.0,2.713,0.532,1.0,0.966,0.0056,0.9
1.0083283561728376,0.0,0.45907539218288496,1.0,2.713,0.532,1.0,0.966,0.0056,0.9
0.0007205151379808844,0.4456359435455412,0.4629144567700516,1.0,2.713,0.532,1.0,0.966,0.0056,0.9
8.160762564286028e-5,0.46686142536163333,0.4633289689331055,1.0,2.713,0.532,1.0,0.966,0.0056,0.9
0.00028507349552531447,0.4647277007172337,0.46318143964691316,1.0,2.713,0.532,1.0,0.966,0.0056,0.9
0.00016095984898840216,0.4603552648730681,0.4631982830521586,1.0,2.713,0.532,1.0,0.966,0.0056,0.9
0.0007428125795502078,0.47175260920715334,0.4635037841552735,1.0,2.713,0.532,1.0,0.966,0.0056,0.9
0.0009106068132181716,0.4711773439483642,0.4635040948974607,1.0,2.713,0.532,1.0,0.966,0.0056,0.9
0.0004782111279131244,0.4578509287327204,0.4630230951701124,1.0,2.713,0.532,1.0,0.966,0.0056,0.9
0.0005329230386945003,0.491445999130249,0.4637584226806639,1.0,2.713,0.532,1.0,0.966,0.0056,0.9
0.00011456914960842426,0.46640661615753176,0.4632410075073242,1.0,2.713,0.532,1.0,0.966,0.0056,0.9
0.0001234327378316695,0.4711044962472924,0.46333734016074934,1.0,2.713,0.532,1.0,0.966,0.0056,0.9
0.0009515710432497818,0.4353653429336548,0.4625789199584961,1.0,2.713,0.532,1.0,0.966,0.0056,0.9
0.0003954762197780728,0.4745521134522242,0.46352891385376316,1.0,2.713,0.532,1.0,0.966,0.0056,0.9
0.0003057242659169602,0.4497263818664551,0.4629145002685546,1.0,2.713,0.532,1.0,0.966,0.0056,0.9
0.0008925451702107677,0.4351149547131238,0.46261792981834426,1.0,2.713,0.532,1.0,0.966,0.0056,0.9
0.0003472916442697924,0.462655740294697,0.4631323518798828,1.0,2.713,0.532,1.0,0.966,0.0056,0.9
0.0004729048106964033,0.4466759039611816,0.4628258455566407,1.0,2.713,0.532,1.0,0.966,0.0056,0.9
0.0007022297820261565,0.46050436593974386,0.4632646121093749,1.0,2.713,0.532,1.0,0.966,0.0056,0.9
0.0006895478562577718,0.4403640578181893,0.46275701919197804,1.0,2.713,0.532,1.0,0.966,0.0056,0.9
0.000354461144271411,0.44792020704460145,0.4629008713836668,1.0,2.713,0.532,1.0,0.966,0.0056,0.9
0.0008312479884877705,0.4552284867767946,0.46315692888183524,1.0,2.713,0.532,1.0,0.966,0.0056,0.9
0.0003681059442540907,0.4495059061339465,0.4628902359008788,1.0,2.713,0.532,1.0,0.966,0.0056,0.9
0.0005162267198965695,0.45102323057174676,0.46302601878051747,1.0,2.713,0.532,1.0,0.966,0.0056,0.9
0.0007619891402233907,0.4510246865924421,0.46305287065429596,1.0,2.713,0.532,1.0,0.966,0.0056,0.9
0.0009239668587678484,0.4462284292442278,0.4629512915916447,1.0,2.713,0.532,1.0,0.966,0.0056,0.9
0.0003613723015494535,0.44758233383760476,0.46288821447143574,1.0,2.713,0.532,1.0,0.966,0.0056,0.9
0.0006565721669180293,0.4406074187517166,0.46270931377410907,1.0,2.713,0.532,1.0,0.966,0.0056,0.9
0.0009102827095548322,0.47375667190694815,0.4635555568641663,1.0,2.713,0.532,1.0,0.966,0.0056,0.9
0.00061918369857029,0.4437109950714111,0.46284629479980477,1.0,2.713,0.532,1.0,0.966,0.0056,0.9
0.00024837674012435755,0.4676912861633301,0.46324674194335946,1.0,2.713,0.532,1.0,0.966,0.0056,0.9
0.0008749398225800836,0.44485769195556646,0.4627379052734376,1.0,2.713,0.532,1.0,0.966,0.0056,0.9
0.0007691005423607499,0.4497979631945135,0.46302402148993604,1.0,2.713,0.532,1.0,0.966,0.0056,0.9
0.000437382627297514,0.44584774038921443,0.46286371094959894,1.0,2.713,0.532,1.0,0.966,0.0056,0.9
0.0007221909055018841,0.4813778591308594,0.46368735078125006,1.0,2.713,0.532,1.0,0.966,0.0056,0.9
0.000317253274619595,0.4753629697635565,0.4634023015769142,1.0,2.713,0.532,1.0,0.966,0.0056,0.9
0.000872760076951175,0.4418592964627518,0.46283340764923087,1.0,2.713,0.532,1.0,0.966,0.0056,0.9
0.0007176659177295542,0.46754798875886294,0.46319932343749964,1.0,2.713,0.532,1.0,0.966,0.0056,0.9
0.0008506025677665765,0.4360628573710046,0.4626189529675673,1.0,2.713,0.532,1.0,0.966,0.0056,0.9
0.00010576481976281969,0.4716023464641177,0.463351480243278,1.0,2.713,0.532,1.0,0.966,0.0056,0.9
0.00033312510218921074,0.45420891313126016,0.4630790905344958,1.0,2.713,0.532,1.0,0.966,0.0056,0.9
0.0003150163070313089,0.47475783803266325,0.46352393913269285,1.0,2.713,0.532,1.0,0.966,0.0056,0.9
0.0005095553030101481,0.4926190613119937,0.46380216668045804,1.0,2.713,0.532,1.0,0.966,0.0056,0.9
0.00022034926959136404,0.457965192199707,0.46315226621093764,1.0,2.713,0.532,1.0,0.966,0.0056,0.9
0.00034738131779293033,0.45908343718561134,0.4630619907429166,1.0,2.713,0.532,1.0,0.966,0.0056,0.9
9.177803087941613e-5,0.458351784107114,0.46312117303466793,1.0,2.713,0.532,1.0,0.966,0.0056,0.9
0.000450132497191591,0.46029338646928974,0.46323683212280303,1.0,2.713,0.532,1.0,0.966,0.0056,0.9
0.0004287119665104254,0.47367529819423126,0.46351521023012776,1.0,2.713,0.532,1.0,0.966,0.0056,0.9
0.0008040972197801837,0.4368329967098237,0.4626459090240477,1.0,2.713,0.532,1.0,0.966,0.0056,0.9
0.00043354443375607734,0.4489559372241099,0.46286771394624415,1.0,2.713,0.532,1.0,0.966,0.0056,0.9
0.00013682621671618265,0.4558526606445312,0.46305730585937505,1.0,2.713,0.532,1.0,0.966,0.0056,0.9
0.00010147370766649982,0.4726314046898856,0.4634505248223254,1.0,2.713,0.532,1.0,0.966,0.0056,0.9
1.0083275147513897,0.0,0.4590755079648442,1.0,2.713,0.532,1.0,0.966,0.0056,0.9
0.0005322997143995011,0.4497167561262547,0.46286473046937027,1.0,2.713,0.532,1.0,0.966,0.0056,0.9
0.0006425547435241048,0.4410659763222431,0.46271712670726595,1.0,2.713,0.532,1.0,0.966,0.0056,0.9
3.910551777315282e-5,0.46226468099975593,0.4631884425537108,1.0,2.713,0.532,1.0,0.966,0.0056,0.9
0.0003751561925439522,0.4513688100656985,0.46301332580638666,1.0,2.713,0.532,1.0,0.966,0.0056,0.9
0.00014905182743066758,0.4588046188225403,0.4630898591713225,1.0,2.713,0.532,1.0,0.966,0.0056,0.9
0.0002710819676448983,0.48322785151939096,0.46366717104408794,1.0,2.713,0.532,1.0,0.966,0.0056,0.9
0.000875251184611323,0.43559097335815433,0.46263491267089846,1.0,2.713,0.532,1.0,0.966,0.0056,0.9
0.0005867740503091488,0.44194367718505856,0.46277769697265636,1.0,2.713,0.532,1.0,0.966,0.0056,0.9
0.000733970462983927,0.44234168076216074,0.4628271757150856,1.0,2.713,0.532,1.0,0.966,0.0056,0.9
0.000237724413006841,0.46656186447143555,0.46334891052246097,1.0,2.713,0.532,1.0,0.966,0.0056,0.9
0.000420705714993178,0.4512592830109984,0.4630182739430875,1.0,2.713,0.532,1.0,0.966,0.0056,0.9
0.0004898403409394888,0.4739921088867187,0.46352729140624993,1.0,2.713,0.532,1.0,0.966,0.0056,0.9
0.0009066828927027258,0.47881981372070315,0.4634268502929689,1.0,2.713,0.532,1.0,0.966,0.0056,0.9
0.000580594794108494,0.46230448301867,0.4632936477661135,1.0,2.713,0.532,1.0,0.966,0.0056,0.9
0.00024366519878268552,0.4656411006272947,0.4632052510976794,1.0,2.713,0.532,1.0,0.966,0.0056,0.9
4.226165990160073e-6,0.47065776985004537,0.46336721588091856,1.0,2.713,0.532,1.0,0.966,0.0056,0.9
5.0594785180945685e-6,0.46988716988541623,0.46336401586914033,1.0,2.713,0.532,1.0,0.966,0.0056,0.9
7.107892439355048e-6,0.471695487215388,0.46339445770692733,1.0,2.713,0.532,1.0,0.966,0.0056,0.9
9.611572722556548e-6,0.471972366140334,0.4634033917765204,1.0,2.713,0.532,1.0,0.966,0.0056,0.9
4.906946087925665e-6,0.4663623713986453,0.46328202337298546,1.0,2.713,0.532,1.0,0.966,0.0056,0.9
5.672323580217847e-6,0.47020294772338855,0.4633543652099609,1.0,2.713,0.532,1.0,0.966,0.0056,0.9
5.157643307712178e-6,0.4677006827721385,0.463302202035403,1.0,2.713,0.532,1.0,0.966,0.0056,0.9
8.792520779567856e-6,0.4655553788457485,0.46326423840694864,1.0,2.713,0.532,1.0,0.966,0.0056,0.9
9.74190449289188e-6,0.46566604392114885,0.46326278983762237,1.0,2.713,0.532,1.0,0.966,0.0056,0.9
6.769015481738661e-7,0.46808914009173297,0.46331646550595784,1.0,2.713,0.532,1.0,0.966,0.0056,0.9
2.372180519600545e-6,0.47047750080161643,0.4633676989153095,1.0,2.713,0.532,1.0,0.966,0.0056,0.9
7.149747731826883e-6,0.4670022989626238,0.4633045141094777,1.0,2.713,0.532,1.0,0.966,0.0056,0.9
3.4514053612294553e-6,0.4705896182565806,0.463366927405126,1.0,2.713,0.532,1.0,0.966,0.0056,0.9
9.122372944644578e-6,0.46596773970972927,0.463267880344828,1.0,2.713,0.532,1.0,0.966,0.0056,0.9
6.6460275120093235e-6,0.4696830973932433,0.46334179649947604,1.0,2.713,0.532,1.0,0.966,0.0056,0.9
9.875633723660907e-6,0.465563912371785,0.4632613304811758,1.0,2.713,0.532,1.0,0.966,0.0056,0.9
8.154966331329386e-6,0.4679235959489858,0.46330400600637367,1.0,2.713,0.532,1.0,0.966,0.0056,0.9
4.098322748706189e-6,0.47075833893134955,0.46337771709173226,1.0,2.713,0.532,1.0,0.966,0.0056,0.9
7.232921772666168e-6,0.4716695981887046,0.4633904833742387,1.0,2.713,0.532,1.0,0.966,0.0056,0.9
6.419058830392383e-6,0.46611870019725415,0.4632746017196473,1.0,2.713,0.532,1.0,0.966,0.0056,0.9
6.415298219243998e-6,0.46810776068402027,0.46330900995663726,1.0,2.713,0.532,1.0,0.966,0.0056,0.9
9.907956464151177e-6,0.4661554644887713,0.46328653474035186,1.0,2.713,0.532,1.0,0.966,0.0056,0.9
6.947138713463713e-6,0.46699678399642025,0.4632874221140465,1.0,2.713,0.532,1.0,0.966,0.0056,0.9
1.8293572336909906e-6,0.4673636393052587,0.46330195783331496,1.0,2.713,0.532,1.0,0.966,0.0056,0.9
9.445764560330862e-6,0.4675024451862094,0.4632948398793697,1.0,2.713,0.532,1.0,0.966,0.0056,0.9
5.703228489308531e-6,0.46618275810384224,0.46327776851576197,1.0,2.713,0.532,1.0,0.966,0.0056,0.9
6.498269640761353e-6,0.4700898204306929,0.4633691896321239,1.0,2.713,0.532,1.0,0.966,0.0056,0.9
3.84583205768299e-6,0.466778779552651,0.4632940846754078,1.0,2.713,0.532,1.0,0.966,0.0056,0.9
9.180403896106271e-6,0.47056709378831263,0.46338028862406827,1.0,2.713,0.532,1.0,0.966,0.0056,0.9
4.1502395045011265e-6,0.4688735543504783,0.46334307748702996,1.0,2.713,0.532,1.0,0.966,0.0056,0.9
1.8837004162201122e-6,0.47010996467348776,0.4633578312780495,1.0,2.713,0.532,1.0,0.966,0.0056,0.9
7.220389265098376e-6,0.4716932761390077,0.46339508677887087,1.0,2.713,0.532,1.0,0.966,0.0056,0.9
8.78768633957155e-6,0.4719701483443821,0.46340141252017414,1.0,2.713,0.532,1.0,0.966,0.0056,0.9
6.725862863265821e-6,0.46723635668227104,0.463309599000441,1.0,2.713,0.532,1.0,0.966,0.0056,0.9
9.753359180478393e-6,0.46609139280241996,0.4632690844169997,1.0,2.713,0.532,1.0,0.966,0.0056,0.9
7.493061782098206e-6,0.4710122648409233,0.46337179605623874,1.0,2.713,0.532,1.0,0.966,0.0056,0.9
8.97757564711449e-7,0.4677758774715748,0.46331282555297226,1.0,2.713,0.532,1.0,0.966,0.0056,0.9
5.899033107953047e-6,0.467845801866775,0.4633042994926446,1.0,2.713,0.532,1.0,0.966,0.0056,0.9
9.810857378416874e-7,0.46954637928631104,0.4633517017942116,1.0,2.713,0.532,1.0,0.966,0.0056,0.9
5.776472350343601e-6,0.4711841421193894,0.4633787102568483,1.0,2.713,0.532,1.0,0.966,0.0056,0.9
1.4937545974522831e-6,0.46950955512436265,0.4633438906382888,1.0,2.713,0.532,1.0,0.966,0.0056,0.9
6.54722103926932e-6,0.4659794902211415,0.46327439505122964,1.0,2.713,0.532,1.0,0.966,0.0056,0.9
2.4617841639421693e-6,0.4674864589589154,0.4633018627550873,1.0,2.713,0.532,1.0,0.966,0.0056,0.9
6.544427840985269e-6,0.47141134088289643,0.4633911052929052,1.0,2.713,0.532,1.0,0.966,0.0056,0.9
2.819475110438131e-6,0.4669665705144303,0.46329612766242056,1.0,2.713,0.532,1.0,0.966,0.0056,0.9
1.7420999800308482e-6,0.468429020858392,0.4633204533619012,1.0,2.713,0.532,1.0,0.966,0.0056,0.9
2.6643322840061557e-6,0.4684206121453951,0.4633189890693572,1.0,2.713,0.532,1.0,0.966,0.0056,0.9
5.8275341059310765e-6,0.47143663903031197,0.4633880196178438,1.0,2.713,0.532,1.0,0.966,0.0056,0.9
8.196872614927793e-6,0.47048247827278733,0.4633779396475335,1.0,2.713,0.532,1.0,0.966,0.0056,0.9
3.2355510390489466e-6,0.4672187510604955,0.4633048325026261,1.0,2.713,0.532,1.0,0.966,0.0056,0.9
7.7834899650889e-6,0.46636495666048616,0.46327570618743763,1.0,2.713,0.532,1.0,0.966,0.0056,0.9
5.047545135363107e-6,0.4711381333671677,0.4633845384382268,1.0,2.713,0.532,1.0,0.966,0.0056,0.9
5.643869142124866e-6,0.4663027150270671,0.4632784184166932,1.0,2.713,0.532,1.0,0.966,0.0056,0.9
7.531705795265935e-6,0.46935368141186457,0.46335570479789534,1.0,2.713,0.532,1.0,0.966,0.0056,0.9
7.659762427540327e-6,0.46612274863244696,0.46327217755306693,1.0,2.713,0.532,1.0,0.966,0.0056,0.9
7.60826691497705e-6,0.4700979725104455,0.4633502410775853,1.0,2.713,0.532,1.0,0.966,0.0056,0.9
8.358398239741074e-6,0.4673226221062795,0.46331297784342873,1.0,2.713,0.532,1.0,0.966,0.0056,0.9
2.8607849119617117e-6,0.46733956679367006,0.46330721177757905,1.0,2.713,0.532,1.0,0.966,0.0056,0.9
1.1177740326105932e-6,0.4681617208285881,0.46332364418053684,1.0,2.713,0.532,1.0,0.966,0.0056,0.9
1.3299084187119443e-6,0.46753022365437324,0.4633072489767509,1.0,2.713,0.532,1.0,0.966,0.0056,0.9
7.6271638583904004e-6,0.46575588572023824,0.4632696634340859,1.0,2.713,0.532,1.0,0.966,0.0056,0.9
5.90431607494456e-6,0.4664534444820674,0.4632892312828165,1.0,2.713,0.532,1.0,0.966,0.0056,0.9
5.935925930190732e-6,0.4714323765577644,0.4633864517316695,1.0,2.713,0.532,1.0,0.966,0.0056,0.9
8.130971838339114e-6,0.46593367943179276,0.4632783826721568,1.0,2.713,0.532,1.0,0.966,0.0056,0.9
9.391485038132917e-6,0.46927328133594276,0.4633553976230036,1.0,2.713,0.532,1.0,0.966,0.0056,0.9
3.368664678318435e-6,0.47045685412693006,0.46336354292181514,1.0,2.713,0.532,1.0,0.966,0.0056,0.9
6.063808572783826e-6,0.4705834095741638,0.463377732938148,1.0,2.713,0.532,1.0,0.966,0.0056,0.9
7.983094520650722e-6,0.470166983905961,0.4633514959016363,1.0,2.713,0.532,1.0,0.966,0.0056,0.9
6.804894801882362e-6,0.47120267518571046,0.46338876832625076,1.0,2.713,0.532,1.0,0.966,0.0056,0.9
5.337171256207008e-6,0.469545434504385,0.463339908337534,1.0,2.713,0.532,1.0,0.966,0.0056,0.9
6.3491727351758635e-6,0.4702809523094402,0.463355506826889,1.0,2.713,0.532,1.0,0.966,0.0056,0.9
6.337677732072137e-6,0.4698855994389599,0.46336517668683375,1.0,2.713,0.532,1.0,0.966,0.0056,0.9
3.4258438647275595e-6,0.4705141269573928,0.4633728268220095,1.0,2.713,0.532,1.0,0.966,0.0056,0.9
2.6254042182938676e-6,0.46978289709100574,0.4633591530677439,1.0,2.713,0.532,1.0,0.966,0.0056,0.9
8.380156841737285e-6,0.4704476568055583,0.46335756768213143,1.0,2.713,0.532,1.0,0.966,0.0056,0.9
5.678490860608173e-6,0.46887725057040375,0.4633445516582661,1.0,2.713,0.532,1.0,0.966,0.0056,0.9
8.290475508962653e-6,0.46791595381680406,0.46332614272622236,1.0,2.713,0.532,1.0,0.966,0.0056,0.9
6.591398173517958e-6,0.46942910683803585,0.4633564798619323,1.0,2.713,0.532,1.0,0.966,0.0056,0.9
6.758247398565934e-6,0.47045086527326896,0.4633760843335487,1.0,2.713,0.532,1.0,0.966,0.0056,0.9
7.714240863703297e-6,0.47183192920385475,0.4633964969490217,1.0,2.713,0.532,1.0,0.966,0.0056,0.9
9.977041471310547e-6,0.4653882841607841,0.46325964325904234,1.0,2.713,0.532,1.0,0.966,0.0056,0.9
1.8600802387120302e-6,0.4700644878017317,0.4633624601626478,1.0,2.713,0.532,1.0,0.966,0.0056,0.9
5.484463463319369e-6,0.4662239339750369,0.46327904596615543,1.0,2.713,0.532,1.0,0.966,0.0056,0.9
1.008327397694265,0.0,0.4590755244032173,1.0,2.713,0.532,1.0,0.966,0.0056,0.9
5.116123019255747e-6,0.4709962180761621,0.46338302571584017,1.0,2.713,0.532,1.0,0.966,0.0056,0.9
8.092420989862286e-6,0.47067003501924376,0.4633812506549261,1.0,2.713,0.532,1.0,0.966,0.0056,0.9
9.622319160407589e-6,0.4721829451626145,0.4634040421647635,1.0,2.713,0.532,1.0,0.966,0.0056,0.9
8.25855649011682e-6,0.471809189082425,0.46339239629312856,1.0,2.713,0.532,1.0,0.966,0.0056,0.9
3.924084919143807e-6,0.4685278924588331,0.4633356186506589,1.0,2.713,0.532,1.0,0.966,0.0056,0.9
9.047617038291135e-6,0.4672133064376962,0.46331102508222044,1.0,2.713,0.532,1.0,0.966,0.0056,0.9
8.83369292720373e-6,0.4695137149913793,0.4633364590572126,1.0,2.713,0.532,1.0,0.966,0.0056,0.9
5.263074092173134e-6,0.4693856732024462,0.4633544839104119,1.0,2.713,0.532,1.0,0.966,0.0056,0.9
3.3695826973610335e-6,0.4702985325556398,0.4633693216491855,1.0,2.713,0.532,1.0,0.966,0.0056,0.9
1.28133078810981e-6,0.46800184876777207,0.46331320234720497,1.0,2.713,0.532,1.0,0.966,0.0056,0.9
4.251194928014805e-6,0.46820464650618354,0.463329003497843,1.0,2.713,0.532,1.0,0.966,0.0056,0.9
1.0083273969964364,0.0,0.4590755245040002,1.0,2.713,0.532,1.0,0.966,0.0056,0.9
4.32533162153015e-6,0.4710641551707629,0.4633795993020663,1.0,2.713,0.532,1.0,0.966,0.0056,0.9
7.121250182386617e-6,0.46590632482500627,0.46327109229741237,1.0,2.713,0.532,1.0,0.966,0.0056,0.9
0.0007025096746579276,0.4430389404296875,0.46284179687499993,1.0,2.713,0.532,1.0,0.966,0.0056,0.9
1.8901827170654344e-6,0.4689205966382577,0.46333029996274705,1.0,2.713,0.532,1.0,0.966,0.0056,0.9
2.783997329037243e-6,0.46767748061274095,0.46330462454243804,1.0,2.713,0.532,1.0,0.966,0.0056,0.9
9.413664800000775e-6,0.4691421527984315,0.4633281209219355,1.0,2.713,0.532,1.0,0.966,0.0056,0.9
9.359533969313921e-6,0.4720560958961839,0.4633980247115501,1.0,2.713,0.532,1.0,0.966,0.0056,0.9
0.0003332792261420335,0.4669619176042943,0.46336899995803826,1.0,2.713,0.532,1.0,0.966,0.0056,0.9
8.087150169872525e-6,0.46706668761214015,0.4632876535162928,1.0,2.713,0.532,1.0,0.966,0.0056,0.9
6.61587813169443e-6,0.4692559358467553,0.4633530357742916,1.0,2.713,0.532,1.0,0.966,0.0056,0.9
1.2535665680507295e-6,0.46756541928656153,0.46330742433304983,1.0,2.713,0.532,1.0,0.966,0.0056,0.9
9.357572434931164e-6,0.4661518739867183,0.4632858747698756,1.0,2.713,0.532,1.0,0.966,0.0056,0.9
4.042616855507107e-6,0.46718923071774976,0.4633054156876498,1.0,2.713,0.532,1.0,0.966,0.0056,0.9
9.353341307119211e-6,0.46959224355332974,0.4633617545569525,1.0,2.713,0.532,1.0,0.966,0.0056,0.9
5.8004750814690186e-6,0.4672668480511015,0.4632934606623864,1.0,2.713,0.532,1.0,0.966,0.0056,0.9
8.405095504543288e-6,0.4661081797491573,0.4632709165886723,1.0,2.713,0.532,1.0,0.966,0.0056,0.9
4.583084472136731e-6,0.46649058625767825,0.46328704053517133,1.0,2.713,0.532,1.0,0.966,0.0056,0.9
3.853639273805902e-6,0.4667175397098047,0.46329215220687914,1.0,2.713,0.532,1.0,0.966,0.0056,0.9
6.307690767988635e-6,0.46935453352561884,0.46333492454510067,1.0,2.713,0.532,1.0,0.966,0.0056,0.9
3.807496630112283e-6,0.47076446437158714,0.46337710597250176,1.0,2.713,0.532,1.0,0.966,0.0056,0.9
4.370777904988732e-6,0.47066436211295315,0.463376847189559,1.0,2.713,0.532,1.0,0.966,0.0056,0.9
1.008327397529676,0.0,0.45907552442705507,1.0,2.713,0.532,1.0,0.966,0.0056,0.9
5.7622064646358e-6,0.4710905304244605,0.4633761214619428,1.0,2.713,0.532,1.0,0.966,0.0056,0.9
2.4705606004484153e-6,0.4673606501052777,0.4632998310483801,1.0,2.713,0.532,1.0,0.966,0.0056,0.9
6.358409363656796e-6,0.4713058141450226,0.4633894713150658,1.0,2.713,0.532,1.0,0.966,0.0056,0.9
6.278099046566325e-6,0.4702742402476176,0.46335541939060054,1.0,2.713,0.532,1.0,0.966,0.0056,0.9
5.720704140324677e-6,0.4677248337587333,0.46331981469919903,1.0,2.713,0.532,1.0,0.966,0.0056,0.9
7.5318094622561346e-6,0.4676965728436595,0.46330003368558736,1.0,2.713,0.532,1.0,0.966,0.0056,0.9
2.220143423620261e-6,0.4681006390904293,0.46331332852481916,1.0,2.713,0.532,1.0,0.966,0.0056,0.9
5.425744913567082e-6,0.46624610446209047,0.46328113462312775,1.0,2.713,0.532,1.0,0.966,0.0056,0.9
7.341196582455907e-6,0.4698161109796576,0.46334416795199806,1.0,2.713,0.532,1.0,0.966,0.0056,0.9
7.648687649482053e-6,0.47159833408302776,0.4633954969502127,1.0,2.713,0.532,1.0,0.966,0.0056,0.9
4.1620309776961545e-7,0.46816315936394076,0.46331889973080276,1.0,2.713,0.532,1.0,0.966,0.0056,0.9
6.252067509549377e-6,0.4664155856669301,0.4632887769890568,1.0,2.713,0.532,1.0,0.966,0.0056,0.9
8.428240724507263e-6,0.4719385267577346,0.4633966926459284,1.0,2.713,0.532,1.0,0.966,0.0056,0.9
8.339270832847491e-6,0.47138031488146914,0.46338013979949555,1.0,2.713,0.532,1.0,0.966,0.0056,0.9
5.337331226760312e-6,0.4682341531366542,0.4633124547344648,1.0,2.713,0.532,1.0,0.966,0.0056,0.9
9.63361979010742e-7,0.4692715348034211,0.4633395689667437,1.0,2.713,0.532,1.0,0.966,0.0056,0.9
1.5089028422765143e-6,0.4693369045129913,0.46333994000507006,1.0,2.713,0.532,1.0,0.966,0.0056,0.9
4.687102900418561e-6,0.47086080943739833,0.4633803277311268,1.0,2.713,0.532,1.0,0.966,0.0056,0.9
6.402406771881833e-6,0.46852000946342,0.46331733490917754,1.0,2.713,0.532,1.0,0.966,0.0056,0.9
8.864422038163133e-6,0.46791028749778285,0.4633264317092828,1.0,2.713,0.532,1.0,0.966,0.0056,0.9
2.0854866817856824e-6,0.4694207299161962,0.46335156425059193,1.0,2.713,0.532,1.0,0.966,0.0056,0.9
9.86133181283362e-6,0.46753880755441557,0.46331894580228206,1.0,2.713,0.532,1.0,0.966,0.0056,0.9
5.521840953809143e-6,0.4683495269059005,0.4633146079966707,1.0,2.713,0.532,1.0,0.966,0.0056,0.9
4.281001732270137e-6,0.470316369585256,0.46337095908040193,1.0,2.713,0.532,1.0,0.966,0.0056,0.9
3.4742230114328904e-6,0.4683327805720683,0.46331627464847297,1.0,2.713,0.532,1.0,0.966,0.0056,0.9
5.432030803225847e-6,0.4672202190005893,0.46329300778122384,1.0,2.713,0.532,1.0,0.966,0.0056,0.9
2.258113213751609e-6,0.4687905349238217,0.4633270607748897,1.0,2.713,0.532,1.0,0.966,0.0056,0.9
4.835170305650076e-6,0.46712083015650757,0.4632919567930926,1.0,2.713,0.532,1.0,0.966,0.0056,0.9
9.163516769997159e-6,0.47005123906542723,0.46334801221055477,1.0,2.713,0.532,1.0,0.966,0.0056,0.9
7.454813568171314e-6,0.4713202696109611,0.4633914305690642,1.0,2.713,0.532,1.0,0.966,0.0056,0.9
5.534978575000342e-6,0.47081978728000795,0.463381059212481,1.0,2.713,0.532,1.0,0.966,0.0056,0.9
6.184187301570384e-6,0.46748033453634075,0.46329704690302703,1.0,2.713,0.532,1.0,0.966,0.0056,0.9
7.641642871010412e-6,0.47164343958637167,0.46338851759050875,1.0,2.713,0.532,1.0,0.966,0.0056,0.9
4.538352131764012e-6,0.4706451205709635,0.4633768143705894,1.0,2.713,0.532,1.0,0.966,0.0056,0.9
4.2515438751563545e-6,0.4705494620768347,0.463364393624217,1.0,2.713,0.532,1.0,0.966,0.0056,0.9
9.875201318141925e-6,0.469250814727339,0.4633552611094811,1.0,2.713,0.532,1.0,0.966,0.0056,0.9
4.086385138738477e-6,0.4677623830353106,0.46330450399978745,1.0,2.713,0.532,1.0,0.966,0.0056,0.9
8.49936250069864e-6,0.47129721781776734,0.4633923576986171,1.0,2.713,0.532,1.0,0.966,0.0056,0.9
8.251853272366698e-6,0.4687825045158738,0.46332136444898325,1.0,2.713,0.532,1.0,0.966,0.0056,0.9
6.142568320441226e-6,0.467198110602174,0.46329185969192266,1.0,2.713,0.532,1.0,0.966,0.0056,0.9
6.914689065310389e-6,0.4669725821026407,0.46328702059922416,1.0,2.713,0.532,1.0,0.966,0.0056,0.9
7.396814309126063e-6,0.4717699742333521,0.46339505420920896,1.0,2.713,0.532,1.0,0.966,0.0056,0.9
9.750025859704894e-6,0.4673520412121771,0.46329172927083256,1.0,2.713,0.532,1.0,0.966,0.0056,0.9
7.183561468337025e-6,0.4692164477171805,0.46333127529099494,1.0,2.713,0.532,1.0,0.966,0.0056,0.9
5.938470395555981e-6,0.4686834805220458,0.4633407445230185,1.0,2.713,0.532,1.0,0.966,0.0056,0.9
4.596750703488347e-6,0.47086533628336436,0.46338021556200193,1.0,2.713,0.532,1.0,0.966,0.0056,0.9
2.294232627870133e-6,0.4683244389883028,0.46331756769409516,1.0,2.713,0.532,1.0,0.966,0.0056,0.9
3.561597748141465e-6,0.4682907150121506,0.46333014434814423,1.0,2.713,0.532,1.0,0.966,0.0056,0.9
3.097846083067967e-6,0.46825002752904005,0.46332872520124113,1.0,2.713,0.532,1.0,0.966,0.0056,0.9
3.822410838430946e-6,0.4697571429818441,0.4633602346054828,1.0,2.713,0.532,1.0,0.966,0.0056,0.9
4.41854660967383e-6,0.47094640865382875,0.46338082960991916,1.0,2.713,0.532,1.0,0.966,0.0056,0.9
4.161656112487381e-6,0.4676744899250874,0.4633027654894385,1.0,2.713,0.532,1.0,0.966,0.0056,0.9
7.765743783223806e-6,0.47120957634724725,0.463390119018245,1.0,2.713,0.532,1.0,0.966,0.0056,0.9
7.593348809514729e-6,0.4690117195476904,0.4633488232432438,1.0,2.713,0.532,1.0,0.966,0.0056,0.9
9.006378672826694e-6,0.47077313015460787,0.4633646123139631,1.0,2.713,0.532,1.0,0.966,0.0056,0.9
6.112808236571408e-6,0.4681620252228583,0.4633103421316948,1.0,2.713,0.532,1.0,0.966,0.0056,0.9
8.068729638540909e-7,0.46860777653335506,0.4633257674365688,1.0,2.713,0.532,1.0,0.966,0.0056,0.9
8.66344048348403e-6,0.47168835125586883,0.4633879908977724,1.0,2.713,0.532,1.0,0.966,0.0056,0.9
5.498228182054349e-6,0.47118350878592113,0.4633861847643195,1.0,2.713,0.532,1.0,0.966,0.0056,0.9
4.0361187873746484e-6,0.46878359815740256,0.4633411014861198,1.0,2.713,0.532,1.0,0.966,0.0056,0.9
3.4266488828061492e-6,0.4693714330270046,0.4633523515689567,1.0,2.713,0.532,1.0,0.966,0.0056,0.9
7.233161014164948e-6,0.4680521031859468,0.4633072499242289,1.0,2.713,0.532,1.0,0.966,0.0056,0.9
6.780564728112927e-6,0.4698696034452169,0.46336524801359513,1.0,2.713,0.532,1.0,0.966,0.0056,0.9
5.610343429824143e-6,0.4677275650909489,0.46331977311789685,1.0,2.713,0.532,1.0,0.966,0.0056,0.9
1.2825116487793975e-6,0.46847735277017444,0.46333104740824693,1.0,2.713,0.532,1.0,0.966,0.0056,0.9
3.1906041341618735e-6,0.46818129972807054,0.46332732897562046,1.0,2.713,0.532,1.0,0.966,0.0056,0.9
7.4995020558665735e-6,0.4662075295329423,0.4632850415619282,1.0,2.713,0.532,1.0,0.966,0.0056,0.9
9.685309669455803e-6,0.4694092720982652,0.4633336348578092,1.0,2.713,0.532,1.0,0.966,0.0056,0.9
2.6094040465818786e-6,0.4705601691043484,0.4633694249877298,1.0,2.713,0.532,1.0,0.966,0.0056,0.9
5.874080137488369e-6,0.470348172308826,0.46335753599579776,1.0,2.713,0.532,1.0,0.966,0.0056,0.9
4.6859560836563164e-6,0.4704093318290783,0.46337309251493464,1.0,2.713,0.532,1.0,0.966,0.0056,0.9
6.317580369800195e-6,0.46877180304885435,0.4633225914665665,1.0,2.713,0.532,1.0,0.966,0.0056,0.9
8.194466476229253e-6,0.46636822265005495,0.46327528674233154,1.0,2.713,0.532,1.0,0.966,0.0056,0.9
1.02241346827847e-6,0.46903952631233325,0.46333432071779657,1.0,2.713,0.532,1.0,0.966,0.0056,0.9
6.062666575733586e-7,0.46946335533614403,0.4633490480523995,1.0,2.713,0.532,1.0,0.966,0.0056,0.9
3.923853439689051e-6,0.4680838038501278,0.4633260127551413,1.0,2.713,0.532,1.0,0.966,0.0056,0.9
9.620981292356359e-6,0.470080242605191,0.46334833319177265,1.0,2.713,0.532,1.0,0.966,0.0056,0.9
4.520179227297905e-6,0.4707606034451002,0.46336940702087653,1.0,2.713,0.532,1.0,0.966,0.0056,0.9
8.160898151990292e-6,0.47162926690291496,0.4633871213434263,1.0,2.713,0.532,1.0,0.966,0.0056,0.9
3.452082052774216e-6,0.46972876592142077,0.46335926013598905,1.0,2.713,0.532,1.0,0.966,0.0056,0.9
7.68128570609049e-5,0.46929644252230673,0.46337899267673566,1.0,2.713,0.532,1.0,0.966,0.0056,0.9
6.866572386686754e-6,0.467073200457254,0.46330591615209826,1.0,2.713,0.532,1.0,0.966,0.0056,0.9
7.78717492137205e-5,0.459808349609375,0.4631591796875,1.0,2.713,0.532,1.0,0.966,0.0056,0.9
3.1611579951701813e-6,0.4668994477763596,0.4632955444720122,1.0,2.713,0.532,1.0,0.966,0.0056,0.9
2.5857993267998356e-6,0.46704569537175544,0.4632977780149856,1.0,2.713,0.532,1.0,0.966,0.0056,0.9
8.967196955214009e-7,0.46875449163064054,0.46332855818893925,1.0,2.713,0.532,1.0,0.966,0.0056,0.9
7.916404446906669e-6,0.4713125693745416,0.4633789013930528,1.0,2.713,0.532,1.0,0.966,0.0056,0.9
1.4670798367524177e-6,0.4676057153224943,0.46331069469298725,1.0,2.713,0.532,1.0,0.966,0.0056,0.9
6.131329480199927e-6,0.46905554448676856,0.46332868803560856,1.0,2.713,0.532,1.0,0.966,0.0056,0.9
2.4204572774084248e-6,0.47049812129689106,0.46336868589559144,1.0,2.713,0.532,1.0,0.966,0.0056,0.9
1.9624462170627955e-6,0.4700558842849942,0.46335617338783797,1.0,2.713,0.532,1.0,0.966,0.0056,0.9
6.169811594101431e-6,0.4691992783408794,0.4633317092793849,1.0,2.713,0.532,1.0,0.966,0.0056,0.9
3.7428980240940493e-6,0.468001940912811,0.4633239988375506,1.0,2.713,0.532,1.0,0.966,0.0056,0.9
4.968718338622915e-6,0.4691493558960578,0.46334948458076974,1.0,2.713,0.532,1.0,0.966,0.0056,0.9
2.027863530535724e-6,0.4698224949092078,0.46335886626977185,1.0,2.713,0.532,1.0,0.966,0.0056,0.9
5.775542104325723e-6,0.469142241615659,0.4633500509667646,1.0,2.713,0.532,1.0,0.966,0.0056,0.9
3.2582863932664235e-6,0.47028821049658376,0.46336896450996345,1.0,2.713,0.532,1.0,0.966,0.0056,0.9
6.922103109472951e-6,0.47138650579856,0.4633823329260593,1.0,2.713,0.532,1.0,0.966,0.0056,0.9
9.235729696373538e-6,0.4720213204731162,0.4633971216464172,1.0,2.713,0.532,1.0,0.966,0.0056,0.9
6.3896506333581805e-6,0.46698898585692405,0.4632878493711063,1.0,2.713,0.532,1.0,0.966,0.0056,0.9
3.92270929886807e-6,0.4671844155400591,0.46330511725628776,1.0,2.713,0.532,1.0,0.966,0.0056,0.9
5.525564174736152e-6,0.46720177301618215,0.46330757829666436,1.0,2.713,0.532,1.0,0.966,0.0056,0.9
8.49755224016168e-6,0.4712476769964986,0.4633765777145601,1.0,2.713,0.532,1.0,0.966,0.0056,0.9
6.243878989136664e-7,0.46957367571693187,0.4633507768169749,1.0,2.713,0.532,1.0,0.966,0.0056,0.9
3.688485153132665e-6,0.47056162988428607,0.46337405784579166,1.0,2.713,0.532,1.0,0.966,0.0056,0.9
7.324460192569626e-6,0.4679236273835674,0.4633255798846615,1.0,2.713,0.532,1.0,0.966,0.0056,0.9
4.565844614354343e-6,0.4683904243363498,0.46331630668650414,1.0,2.713,0.532,1.0,0.966,0.0056,0.9
6.686921609755871e-6,0.46807746668855743,0.4633284308518871,1.0,2.713,0.532,1.0,0.966,0.0056,0.9
8.883328167462364e-6,0.4676560661862019,0.463320855796329,1.0,2.713,0.532,1.0,0.966,0.0056,0.9
7.999756020122481e-6,0.46953487130761595,0.4633596620699326,1.0,2.713,0.532,1.0,0.966,0.0056,0.9
8.508711197892842e-6,0.4682609929443726,0.46331049623042264,1.0,2.713,0.532,1.0,0.966,0.0056,0.9
3.2537107492279347e-6,0.46801025301978705,0.4633102056108279,1.0,2.713,0.532,1.0,0.966,0.0056,0.9
4.038100372887844e-6,0.46757067637155125,0.4633145335908316,1.0,2.713,0.532,1.0,0.966,0.0056,0.9
3.0695738515339335e-6,0.469198659852339,0.4633346950222489,1.0,2.713,0.532,1.0,0.966,0.0056,0.9
5.766758023675751e-6,0.46698037171167417,0.4632883866524876,1.0,2.713,0.532,1.0,0.966,0.0056,0.9
6.728332334474581e-6,0.4701609539538402,0.4633524096911462,1.0,2.713,0.532,1.0,0.966,0.0056,0.9
7.686343122856458e-6,0.4657721489532633,0.46326870555137134,1.0,2.713,0.532,1.0,0.966,0.0056,0.9
4.046480076475523e-6,0.4673669538277181,0.4633097402460725,1.0,2.713,0.532,1.0,0.966,0.0056,0.9
6.370234549746872e-6,0.4667741043662833,0.4632841413874593,1.0,2.713,0.532,1.0,0.966,0.0056,0.9
4.6612836269316315e-6,0.46780972983143476,0.46330478557248295,1.0,2.713,0.532,1.0,0.966,0.0056,0.9
6.850767699087592e-6,0.47164747039335575,0.4633932637141608,1.0,2.713,0.532,1.0,0.966,0.0056,0.9
4.4335260203271605e-6,0.4669449972940969,0.4632998595134231,1.0,2.713,0.532,1.0,0.966,0.0056,0.9
3.543654507303047e-6,0.4702696730455851,0.46335852340023453,1.0,2.713,0.532,1.0,0.966,0.0056,0.9
8.015240780922558e-6,0.4716938495874955,0.46338928706485677,1.0,2.713,0.532,1.0,0.966,0.0056,0.9
3.1713163202735755e-6,0.4679012219999915,0.46332105158465003,1.0,2.713,0.532,1.0,0.966,0.0056,0.9
8.276031100658581e-6,0.47040372718123613,0.46337655391127663,1.0,2.713,0.532,1.0,0.966,0.0056,0.9
3.2582660025581006e-6,0.47035223202092025,0.4633700042597104,1.0,2.713,0.532,1.0,0.966,0.0056,0.9
3.345586979344805e-6,0.47039478964656745,0.46337084035035736,1.0,2.713,0.532,1.0,0.966,0.0056,0.9
7.722933521109122e-7,0.46968246049292994,0.4633502740287876,1.0,2.713,0.532,1.0,0.966,0.0056,0.9
8.213673278481987e-6,0.4664205526921119,0.4632761318670686,1.0,2.713,0.532,1.0,0.966,0.0056,0.9
2.1087734128779612e-6,0.4692191310596212,0.46333638379560527,1.0,2.713,0.532,1.0,0.966,0.0056,0.9
4.1435904336546505e-6,0.4682103228979606,0.4633131240270816,1.0,2.713,0.532,1.0,0.966,0.0056,0.9
6.159872391284827e-6,0.47149185066870547,0.46338793808761203,1.0,2.713,0.532,1.0,0.966,0.0056,0.9
6.961035785224054e-6,0.4673244258124968,0.46329341685370595,1.0,2.713,0.532,1.0,0.966,0.0056,0.9
5.213272311773491e-6,0.4671434137200354,0.4632918883713476,1.0,2.713,0.532,1.0,0.966,0.0056,0.9
2.923859617626628e-6,0.46989593427704845,0.4633616458056958,1.0,2.713,0.532,1.0,0.966,0.0056,0.9
2.005275777712185e-6,0.4703316685390563,0.4633643382834538,1.0,2.713,0.532,1.0,0.966,0.0056,0.9
5.2326328320678585e-6,0.4683469242736684,0.4633148114459875,1.0,2.713,0.532,1.0,0.966,0.0056,0.9
9.704107431253588e-6,0.4702211472034685,0.46337421145481184,1.0,2.713,0.532,1.0,0.966,0.0056,0.9
2.7216617405542076e-6,0.4694906126299436,0.4633415256008327,1.0,2.713,0.532,1.0,0.966,0.0056,0.9
7.529774642116368e-6,0.46693386697592243,0.4633032535047428,1.0,2.713,0.532,1.0,0.966,0.0056,0.9
4.511173351633558e-6,0.4702698511073621,0.4633572113111849,1.0,2.713,0.532,1.0,0.966,0.0056,0.9
7.096823883196557e-6,0.46667588415753736,0.46329657945598796,1.0,2.713,0.532,1.0,0.966,0.0056,0.9
1.3426752789075077e-6,0.47006307895850463,0.4633597120886029,1.0,2.713,0.532,1.0,0.966,0.0056,0.9
5.677088879638225e-6,0.47097209933741013,0.4633836388616189,1.0,2.713,0.532,1.0,0.966,0.0056,0.9
6.629279777153788e-6,0.4704094155987515,0.46335822033118756,1.0,2.713,0.532,1.0,0.966,0.0056,0.9
8.345678424821125e-6,0.4659390973118118,0.4632685765440818,1.0,2.713,0.532,1.0,0.966,0.0056,0.9
4.816818034169741e-6,0.47083157238985984,0.4633801383453781,1.0,2.713,0.532,1.0,0.966,0.0056,0.9
4.740519801194595e-6,0.4678875616535627,0.4633062022543789,1.0,2.713,0.532,1.0,0.966,0.0056,0.9
4.443453522087797e-6,0.4706091454924184,0.46336560852180575,1.0,2.713,0.532,1.0,0.966,0.0056,0.9
9.334227171113063e-6,0.46560165408788157,0.4632627871511362,1.0,2.713,0.532,1.0,0.966,0.0056,0.9
4.158535124846135e-6,0.4670228779378749,0.4633014142660302,1.0,2.713,0.532,1.0,0.966,0.0056,0.9
2.166314798729706e-6,0.467718783928575,0.46330639150128416,1.0,2.713,0.532,1.0,0.966,0.0056,0.9
3.5265870968776676e-6,0.4694197214912339,0.4633534113826528,1.0,2.713,0.532,1.0,0.966,0.0056,0.9
8.787565156879016e-6,0.4663286821864092,0.4632739935801363,1.0,2.713,0.532,1.0,0.966,0.0056,0.9
1.921535489171962e-6,0.46937946004540265,0.46335051879489586,1.0,2.713,0.532,1.0,0.966,0.0056,0.9
7.20677634242111e-6,0.4709606068739107,0.46337083288345643,1.0,2.713,0.532,1.0,0.966,0.0056,0.9
7.960154148087874e-6,0.4718289898813586,0.4633940034705335,1.0,2.713,0.532,1.0,0.966,0.0056,0.9
5.709921776618383e-6,0.4662409588183949,0.46327773313810333,1.0,2.713,0.532,1.0,0.966,0.0056,0.9
9.694943958721275e-7,0.46908461061232576,0.46333540962507125,1.0,2.713,0.532,1.0,0.966,0.0056,0.9
6.300739038807777e-7,0.46937286184961957,0.46334761208990244,1.0,2.713,0.532,1.0,0.966,0.0056,0.9
6.31194386564333e-6,0.46760137239781063,0.4633175747008835,1.0,2.713,0.532,1.0,0.966,0.0056,0.9
6.649717712816802e-6,0.47144537573587586,0.46338459922473574,1.0,2.713,0.532,1.0,0.966,0.0056,0.9
7.932753448714892e-6,0.4678020876233997,0.46332337772195353,1.0,2.713,0.532,1.0,0.966,0.0056,0.9
9.278568952599892e-6,0.4672777239605075,0.46329065598725966,1.0,2.713,0.532,1.0,0.966,0.0056,0.9
1.96571368513232e-6,0.47029382703280864,0.4633630952438105,1.0,2.713,0.532,1.0,0.966,0.0056,0.9
2.506433333419967e-6,0.46713029961335895,0.46329670537205003,1.0,2.713,0.532,1.0,0.966,0.0056,0.9
6.387072349934571e-6,0.46618230398519644,0.4632752975234292,1.0,2.713,0.532,1.0,0.966,0.0056,0.9
9.525412995707492e-6,0.4662052191857742,0.46328740312865135,1.0,2.713,0.532,1.0,0.966,0.0056,0.9
2.8402266806687337e-7,0.4693102975577934,0.46334291480337364,1.0,2.713,0.532,1.0,0.966,0.0056,0.9
4.6279649508930375e-6,0.46664047323944935,0.4632847627652522,1.0,2.713,0.532,1.0,0.966,0.0056,0.9
7.869401276529648e-7,0.46914455012145295,0.46334382140388464,1.0,2.713,0.532,1.0,0.966,0.0056,0.9
8.201204101427416e-6,0.47191289353909394,0.46339893185077424,1.0,2.713,0.532,1.0,0.966,0.0056,0.9
4.643449660995628e-6,0.4696921151878365,0.4633438127480804,1.0,2.713,0.532,1.0,0.966,0.0056,0.9
8.49075481305641e-6,0.4719448540612281,0.46339668715338256,1.0,2.713,0.532,1.0,0.966,0.0056,0.9
9.550821453856808e-6,0.4681491876900894,0.46333207429129153,1.0,2.713,0.532,1.0,0.966,0.0056,0.9
6.257948815550882e-7,0.4679831949481552,0.4633174937025486,1.0,2.713,0.532,1.0,0.966,0.0056,0.9
6.72809043774984e-7,0.46915366646971934,0.46333763674269207,1.0,2.713,0.532,1.0,0.966,0.0056,0.9
6.6242241299811706e-6,0.46763031533517396,0.46331850071296327,1.0,2.713,0.532,1.0,0.966,0.0056,0.9
6.5780802700850594e-6,0.4684519433930947,0.46333638609617644,1.0,2.713,0.532,1.0,0.966,0.0056,0.9
0.0007089868913608715,0.4682149887084961,0.4634292602539062,1.0,2.713,0.532,1.0,0.966,0.0056,0.9
0.0008224394605346685,0.4467867171860007,0.4627783983945845,1.0,2.713,0.532,1.0,0.966,0.0056,0.9
9.747191018023705e-6,0.4716906658931094,0.46339987252142645,1.0,2.713,0.532,1.0,0.966,0.0056,0.9
9.514494743650145e-6,0.4714296785128054,0.46339557434350764,1.0,2.713,0.532,1.0,0.966,0.0056,0.9
8.093809814790794e-6,0.4718840072308944,0.46339861002820565,1.0,2.713,0.532,1.0,0.966,0.0056,0.9
6.0167685544995095e-6,0.4701282749369803,0.4633694662580412,1.0,2.713,0.532,1.0,0.966,0.0056,0.9
6.800301923145844e-6,0.46605596794726034,0.4632730151536859,1.0,2.713,0.532,1.0,0.966,0.0056,0.9
4.026716153001303e-6,0.4701220922637589,0.46335431982560166,1.0,2.713,0.532,1.0,0.966,0.0056,0.9
7.031700618856935e-6,0.46594927541950926,0.4632715588534273,1.0,2.713,0.532,1.0,0.966,0.0056,0.9
3.1986847140172653e-6,0.47070379418883546,0.4633744139596151,1.0,2.713,0.532,1.0,0.966,0.0056,0.9
2.3430790359184026e-6,0.46881778429099663,0.46332751478570244,1.0,2.713,0.532,1.0,0.966,0.0056,0.9
6.009221940145743e-6,0.46610790902946087,0.4632781349623498,1.0,2.713,0.532,1.0,0.966,0.0056,0.9
8.821682478441691e-6,0.4662003821950671,0.46327185690749123,1.0,2.713,0.532,1.0,0.966,0.0056,0.9
7.632212041836428e-6,0.47050494263831255,0.46335952488725646,1.0,2.713,0.532,1.0,0.966,0.0056,0.9
3.4378329537555093e-6,0.4702397785287049,0.4633579543437488,1.0,2.713,0.532,1.0,0.966,0.0056,0.9
3.655926093440385e-6,0.4669704470728139,0.4632913987926995,1.0,2.713,0.532,1.0,0.966,0.0056,0.9
5.048996675661882e-6,0.47055065574846977,0.46337597376470374,1.0,2.713,0.532,1.0,0.966,0.0056,0.9
7.105162718199318e-6,0.47114004151813627,0.4633882122976903,1.0,2.713,0.532,1.0,0.966,0.0056,0.9
1.5883916880206856e-6,0.4700504852284151,0.46335716670778154,1.0,2.713,0.532,1.0,0.966,0.0056,0.9
3.6094697530207385e-6,0.47010557896745214,0.4633663614017309,1.0,2.713,0.532,1.0,0.966,0.0056,0.9
9.99265092627028e-6,0.4653250972349423,0.4632598980464714,1.0,2.713,0.532,1.0,0.966,0.0056,0.9
9.30850385820596e-6,0.46915238350712263,0.46332840727347724,1.0,2.713,0.532,1.0,0.966,0.0056,0.9
6.928624388296902e-6,0.46592907966090635,0.4632719653343692,1.0,2.713,0.532,1.0,0.966,0.0056,0.9
4.377489147833023e-6,0.4703960096294225,0.46337246037345536,1.0,2.713,0.532,1.0,0.966,0.0056,0.9
4.880660696009791e-6,0.46710847291283863,0.46329168485278965,1.0,2.713,0.532,1.0,0.966,0.0056,0.9
4.087327845560645e-6,0.4709045379702187,0.4633745073149018,1.0,2.713,0.532,1.0,0.966,0.0056,0.9
2.8683106561123914e-6,0.4687906634771022,0.4633262927493972,1.0,2.713,0.532,1.0,0.966,0.0056,0.9
5.787981157612887e-6,0.47131257668727033,0.4633882366825153,1.0,2.713,0.532,1.0,0.966,0.0056,0.9
5.29840715987504e-6,0.47117053953457255,0.463379389427942,1.0,2.713,0.532,1.0,0.966,0.0056,0.9
8.313001369205511e-6,0.46691298853914665,0.46330346961726476,1.0,2.713,0.532,1.0,0.966,0.0056,0.9
5.035633162337133e-6,0.468467041604947,0.4633353987898755,1.0,2.713,0.532,1.0,0.966,0.0056,0.9
4.800837623062439e-6,0.4711906514077687,0.4633824859655693,1.0,2.713,0.532,1.0,0.966,0.0056,0.9
2.0175757227741997e-6,0.4702219750403125,0.46336510603713693,1.0,2.713,0.532,1.0,0.966,0.0056,0.9
4.817810279698313e-6,0.470583850672048,0.46337622458227734,1.0,2.713,0.532,1.0,0.966,0.0056,0.9
4.294994086154969e-6,0.4708994559694628,0.4633737477689556,1.0,2.713,0.532,1.0,0.966,0.0056,0.9
5.408467743348412e-6,0.4713336755319736,0.4633865072587289,1.0,2.713,0.532,1.0,0.966,0.0056,0.9
1.9972016826026776e-6,0.467309446832164,0.46330399799931604,1.0,2.713,0.532,1.0,0.966,0.0056,0.9
4.989355550228084e-6,0.468703613054668,0.4633223084029716,1.0,2.713,0.532,1.0,0.966,0.0056,0.9
2.925521032959226e-6,0.4683113809097632,0.46332985473632926,1.0,2.713,0.532,1.0,0.966,0.0056,0.9
6.862704376498662e-6,0.46901914856989757,0.46334842454625874,1.0,2.713,0.532,1.0,0.966,0.0056,0.9
9.649924152764338e-7,0.46817773592881995,0.46331712995196744,1.0,2.713,0.532,1.0,0.966,0.0056,0.9
5.4615369053599455e-6,0.46853738776812603,0.4633184746220661,1.0,2.713,0.532,1.0,0.966,0.0056,0.9
7.686181921166168e-6,0.4675914722318607,0.46331850937016583,1.0,2.713,0.532,1.0,0.966,0.0056,0.9
9.328075083412447e-6,0.47213406698920046,0.463402037828907,1.0,2.713,0.532,1.0,0.966,0.0056,0.9
8.212749719559145e-6,0.4697599096613103,0.46334226417567576,1.0,2.713,0.532,1.0,0.966,0.0056,0.9
6.695531514549994e-6,0.4715799793774741,0.46339280741644356,1.0,2.713,0.532,1.0,0.966,0.0056,0.9
6.173868096760994e-6,0.4666154143967276,0.46329393618013337,1.0,2.713,0.532,1.0,0.966,0.0056,0.9
3.5139912453436417e-6,0.46748533878222553,0.46330011857660547,1.0,2.713,0.532,1.0,0.966,0.0056,0.9
7.73982021856355e-6,0.4711510300028856,0.4633891496473289,1.0,2.713,0.532,1.0,0.966,0.0056,0.9
4.394224765082684e-6,0.4665115871501979,0.4632844944484706,1.0,2.713,0.532,1.0,0.966,0.0056,0.9
3.974045730191618e-6,0.47094844588875917,0.4633765767494947,1.0,2.713,0.532,1.0,0.966,0.0056,0.9
6.8317871379727705e-6,0.4715757645848666,0.4633883974327081,1.0,2.713,0.532,1.0,0.966,0.0056,0.9
4.099685179203199e-6,0.46992890377064855,0.46336376722863576,1.0,2.713,0.532,1.0,0.966,0.0056,0.9
6.7590292063531825e-6,0.4715126496294447,0.4633926308548696,1.0,2.713,0.532,1.0,0.966,0.0056,0.9
8.984147034016755e-6,0.46867248938501094,0.46334278263156237,1.0,2.713,0.532,1.0,0.966,0.0056,0.9
3.2305381819965166e-6,0.4668857553856379,0.46329537752398664,1.0,2.713,0.532,1.0,0.966,0.0056,0.9
4.284808312319536e-6,0.4710570488632907,0.4633805987100392,1.0,2.713,0.532,1.0,0.966,0.0056,0.9
6.285354891580194e-6,0.4711758043042662,0.4633775708488336,1.0,2.713,0.532,1.0,0.966,0.0056,0.9
8.873241091847734e-6,0.4660518618263404,0.4632694652119187,1.0,2.713,0.532,1.0,0.966,0.0056,0.9
7.333992357766e-6,0.469413862606062,0.46335675841675494,1.0,2.713,0.532,1.0,0.966,0.0056,0.9
5.969830594834224e-6,0.4697961592668276,0.46336313718231714,1.0,2.713,0.532,1.0,0.966,0.0056,0.9
3.7394401496351095e-6,0.46855543559246493,0.4633204806750659,1.0,2.713,0.532,1.0,0.966,0.0056,0.9
9.253914591866875e-6,0.46800331316703603,0.46330480928095413,1.0,2.713,0.532,1.0,0.966,0.0056,0.9
4.4610396544362594e-6,0.46946815422594046,0.4633553499530494,1.0,2.713,0.532,1.0,0.966,0.0056,0.9
2.985081757710593e-6,0.4693659045771157,0.46335172232326227,1.0,2.713,0.532,1.0,0.966,0.0056,0.9
6.502666601594944e-6,0.47070477147373957,0.4633803135952862,1.0,2.713,0.532,1.0,0.966,0.0056,0.9
3.687222512965794e-6,0.46716896486443704,0.4633043567781191,1.0,2.713,0.532,1.0,0.966,0.0056,0.9
7.414442266056353e-6,0.47153543654141994,0.4633857256345202,1.0,2.713,0.532,1.0,0.966,0.0056,0.9
2.0727468023266598e-6,0.4673037165098852,0.4633002396166801,1.0,2.713,0.532,1.0,0.966,0.0056,0.9
1.3003232681896202e-6,0.4675569228323826,0.4633067413759676,1.0,2.713,0.532,1.0,0.966,0.0056,0.9
8.541628787861868e-6,0.4655793360514804,0.4632658353140388,1.0,2.713,0.532,1.0,0.966,0.0056,0.9
6.798569024217383e-6,0.4671190555691167,0.46330692929695466,1.0,2.713,0.532,1.0,0.966,0.0056,0.9
7.719412071085774e-6,0.4685807603857859,0.46333997393656223,1.0,2.713,0.532,1.0,0.966,0.0056,0.9
5.559540340057169e-6,0.4701209535983244,0.46335259033072634,1.0,2.713,0.532,1.0,0.966,0.0056,0.9
1.4572509887215443e-6,0.4679656142648263,0.46331979203184726,1.0,2.713,0.532,1.0,0.966,0.0056,0.9
5.045421100271977e-7,0.4681631222879228,0.4633183969840978,1.0,2.713,0.532,1.0,0.966,0.0056,0.9
5.494310165646606e-6,0.4691423512291324,0.4633498117537834,1.0,2.713,0.532,1.0,0.966,0.0056,0.9
1.3965626617857078e-6,0.46986565403532343,0.4633527684405525,1.0,2.713,0.532,1.0,0.966,0.0056,0.9
3.532531796130237e-6,0.46673560691985383,0.4632896886158383,1.0,2.713,0.532,1.0,0.966,0.0056,0.9
1.8220918256560499e-6,0.46947983712028196,0.4633522655554174,1.0,2.713,0.532,1.0,0.966,0.0056,0.9
8.488295547800328e-6,0.47196105173322755,0.46340014697716714,1.0,2.713,0.532,1.0,0.966,0.0056,0.9
4.4153738600852926e-6,0.4705103710114361,0.4633744404531466,1.0,2.713,0.532,1.0,0.966,0.0056,0.9
2.3228038681068118e-6,0.4693060509332969,0.46334968833740064,1.0,2.713,0.532,1.0,0.966,0.0056,0.9
2.204087559228335e-6,0.46725087396046805,0.46329914370540554,1.0,2.713,0.532,1.0,0.966,0.0056,0.9
9.353325262458584e-6,0.47138878351617963,0.4633947478359579,1.0,2.713,0.532,1.0,0.966,0.0056,0.9
4.411874644999975e-6,0.4674368008407195,0.4632980894436919,1.0,2.713,0.532,1.0,0.966,0.0056,0.9
7.527911420255925e-6,0.46934960368569634,0.46335562025440946,1.0,2.713,0.532,1.0,0.966,0.0056,0.9
9.92498036173553e-6,0.46937410258514545,0.4633327245459853,1.0,2.713,0.532,1.0,0.966,0.0056,0.9
4.276381150303528e-6,0.468440755116479,0.4633176051299561,1.0,2.713,0.532,1.0,0.966,0.0056,0.9
4.341183759339614e-7,0.46951024746484815,0.463347724709299,1.0,2.713,0.532,1.0,0.966,0.0056,0.9
6.141097497949604e-6,0.46619215082105736,0.4632760186339071,1.0,2.713,0.532,1.0,0.966,0.0056,0.9
3.45255630734299e-6,0.4680091673514517,0.46330994622690713,1.0,2.713,0.532,1.0,0.966,0.0056,0.9
6.695771541885854e-6,0.4713127809013393,0.4633901702101949,1.0,2.713,0.532,1.0,0.966,0.0056,0.9
5.48785361072008e-6,0.47113648464372204,0.46338560171376775,1.0,2.713,0.532,1.0,0.966,0.0056,0.9
3.7306891053634787e-6,0.4667732754731161,0.46329355017869167,1.0,2.713,0.532,1.0,0.966,0.0056,0.9
7.3163646767322804e-6,0.46908798042167443,0.4633284470512542,1.0,2.713,0.532,1.0,0.966,0.0056,0.9
8.27900675431777e-6,0.4703039459462983,0.4633543635120714,1.0,2.713,0.532,1.0,0.966,0.0056,0.9
8.145656396870888e-6,0.46937177154923637,0.46335651779370624,1.0,2.713,0.532,1.0,0.966,0.0056,0.9
4.918806608276661e-6,0.46745095996774433,0.4633127630291185,1.0,2.713,0.532,1.0,0.966,0.0056,0.9
1.7132380661974874e-5,0.4659218262909235,0.4632864356040941,1.0,2.713,0.532,1.0,0.966,0.0056,0.9
8.510786293218578e-6,0.467673965310636,0.4632988455395432,1.0,2.713,0.532,1.0,0.966,0.0056,0.9
5.32828942923029e-6,0.4710087814836923,0.4633746507182209,1.0,2.713,0.532,1.0,0.966,0.0056,0.9
6.5850594076726785e-6,0.46893681159236367,0.46334651926512505,1.0,2.713,0.532,1.0,0.966,0.0056,0.9
5.26244313940905e-6,0.4672935084421025,0.463309456706708,1.0,2.713,0.532,1.0,0.966,0.0056,0.9
8.684172354129817e-6,0.46588274743450997,0.4632672871175195,1.0,2.713,0.532,1.0,0.966,0.0056,0.9
9.893164773309246e-6,0.4700253392086894,0.4633469253643789,1.0,2.713,0.532,1.0,0.966,0.0056,0.9
2.2938725362729535e-6,0.46764054437894986,0.4633136326918439,1.0,2.713,0.532,1.0,0.966,0.0056,0.9
1.1465553894767703e-6,0.4687519378060907,0.4633280051166112,1.0,2.713,0.532,1.0,0.966,0.0056,0.9
0.00039485833137827215,0.4516562707431149,0.46291885375976527,1.0,2.713,0.532,1.0,0.966,0.0056,0.9
7.898768289209986e-6,0.47185444263606746,0.4633977244627252,1.0,2.713,0.532,1.0,0.966,0.0056,0.9
6.233636829880373e-6,0.4714838156977623,0.4633871716157625,1.0,2.713,0.532,1.0,0.966,0.0056,0.9
2.0027374016332214e-6,0.46821826405920985,0.46331591857858495,1.0,2.713,0.532,1.0,0.966,0.0056,0.9
9.100242639531705e-6,0.4660767181561497,0.4632695752605008,1.0,2.713,0.532,1.0,0.966,0.0056,0.9
3.888563238642712e-6,0.46895892613161205,0.4633286905171753,1.0,2.713,0.532,1.0,0.966,0.0056,0.9
7.009381964466185e-6,0.4692381305998419,0.4633529853987188,1.0,2.713,0.532,1.0,0.966,0.0056,0.9
1.8121377827069837e-6,0.4693114634076043,0.4633490335951969,1.0,2.713,0.532,1.0,0.966,0.0056,0.9
5.115191676831994e-6,0.46853462006897684,0.4633187238368589,1.0,2.713,0.532,1.0,0.966,0.0056,0.9
2.3654970257526444e-6,0.469416213314805,0.4633403556772181,1.0,2.713,0.532,1.0,0.966,0.0056,0.9
5.7202375985044455e-6,0.46928281351644097,0.4633338744231117,1.0,2.713,0.532,1.0,0.966,0.0056,0.9
6.807197108365551e-6,0.4695718020097158,0.4633594761845492,1.0,2.713,0.532,1.0,0.966,0.0056,0.9
6.995560382233443e-6,0.466223561611813,0.46328470583790293,1.0,2.713,0.532,1.0,0.966,0.0056,0.9
3.0182008188636902e-6,0.46794668958346985,0.46330928672060456,1.0,2.713,0.532,1.0,0.966,0.0056,0.9
4.4596719591547185e-6,0.4681302634045663,0.463327590004452,1.0,2.713,0.532,1.0,0.966,0.0056,0.9
8.53195981440862e-6,0.47160325815854975,0.4633858208738732,1.0,2.713,0.532,1.0,0.966,0.0056,0.9
5.931177161134434e-6,0.47033061474932225,0.4633730982812378,1.0,2.713,0.532,1.0,0.966,0.0056,0.9
1.488334187457187e-6,0.46776773250498893,0.4633150358846996,1.0,2.713,0.532,1.0,0.966,0.0056,0.9
8.234577928186137e-6,0.46565109125093485,0.46326658678578647,1.0,2.713,0.532,1.0,0.966,0.0056,0.9
8.545825945168054e-6,0.4670884810299325,0.46328767316102637,1.0,2.713,0.532,1.0,0.966,0.0056,0.9
4.069479608673855e-6,0.4666166617386184,0.46328943787331145,1.0,2.713,0.532,1.0,0.966,0.0056,0.9
3.899011088717636e-6,0.46950745050369846,0.4633404975605152,1.0,2.713,0.532,1.0,0.966,0.0056,0.9
9.902365898505333e-6,0.4680085878838742,0.4633292760274172,1.0,2.713,0.532,1.0,0.966,0.0056,0.9
4.738023460820167e-6,0.4669539154262914,0.4632892676214243,1.0,2.713,0.532,1.0,0.966,0.0056,0.9
1.1669930277044649e-7,0.46855517301357275,0.463329302543535,1.0,2.713,0.532,1.0,0.966,0.0056,0.9
5.222493184585635e-6,0.4711161494809615,0.463384767076454,1.0,2.713,0.532,1.0,0.966,0.0056,0.9
6.650158903476467e-6,0.46616309488646523,0.46328232856357277,1.0,2.713,0.532,1.0,0.966,0.0056,0.9
6.884536178942163e-6,0.4659073112116543,0.4632730129672077,1.0,2.713,0.532,1.0,0.966,0.0056,0.9
3.19495990945989e-6,0.46959148044369103,0.463356341729958,1.0,2.713,0.532,1.0,0.966,0.0056,0.9
7.294080710141787e-6,0.4717481064651259,0.46339405063465683,1.0,2.713,0.532,1.0,0.966,0.0056,0.9
5.159625584452519e-6,0.46629583269001507,0.46328111676373707,1.0,2.713,0.532,1.0,0.966,0.0056,0.9
5.781403643247325e-6,0.4664755295157168,0.46328024056602435,1.0,2.713,0.532,1.0,0.966,0.0056,0.9
7.583410882652343e-6,0.4690466937540506,0.46334953132499734,1.0,2.713,0.532,1.0,0.966,0.0056,0.9
5.547673965450662e-6,0.47034051340373706,0.463372878316479,1.0,2.713,0.532,1.0,0.966,0.0056,0.9
7.3937417837249675e-6,0.4701328232381612,0.46337076873497135,1.0,2.713,0.532,1.0,0.966,0.0056,0.9
9.673719846602191e-6,0.4702504298468172,0.46337474553070523,1.0,2.713,0.532,1.0,0.966,0.0056,0.9
4.800040447899657e-6,0.4708930628682251,0.46338099638745045,1.0,2.713,0.532,1.0,0.966,0.0056,0.9
9.856883118357332e-6,0.46591519388367986,0.46326618641624745,1.0,2.713,0.532,1.0,0.966,0.0056,0.9
1.1241431864760813e-6,0.46938201080946773,0.46334172153749453,1.0,2.713,0.532,1.0,0.966,0.0056,0.9
3.538415864037138e-6,0.46802230415768864,0.4633100995935748,1.0,2.713,0.532,1.0,0.966,0.0056,0.9
8.538648652392929e-6,0.46949235151057256,0.4633592061095932,1.0,2.713,0.532,1.0,0.966,0.0056,0.9
8.615674131619842e-6,0.46624938686261297,0.46327287866275857,1.0,2.713,0.532,1.0,0.966,0.0056,0.9
1.326174977438057e-6,0.468030724598961,0.46331361797258497,1.0,2.713,0.532,1.0,0.966,0.0056,0.9
4.300889938409876e-6,0.46845383327444723,0.46333442238460587,1.0,2.713,0.532,1.0,0.966,0.0056,0.9
1.8581792140803509e-6,0.4700805386838911,0.46335710759515014,1.0,2.713,0.532,1.0,0.966,0.0056,0.9
6.955158408984178e-6,0.46857233235479423,0.46331797313185613,1.0,2.713,0.532,1.0,0.966,0.0056,0.9
3.170715089984378e-6,0.4692618241692319,0.46334989314411296,1.0,2.713,0.532,1.0,0.966,0.0056,0.9
7.01271562084941e-6,0.47167656058706153,0.4633940410290738,1.0,2.713,0.532,1.0,0.966,0.0056,0.9
5.329439454474709e-6,0.46664107343140415,0.4632933485327085,1.0,2.713,0.532,1.0,0.966,0.0056,0.9
9.517821241675986e-6,0.4658007936283518,0.46327676369997384,1.0,2.713,0.532,1.0,0.966,0.0056,0.9
3.395003936692497e-6,0.46685091281112134,0.4632906508871123,1.0,2.713,0.532,1.0,0.966,0.0056,0.9
6.279796927157275e-6,0.46649609733040975,0.4632797481466601,1.0,2.713,0.532,1.0,0.966,0.0056,0.9
4.031756026340491e-6,0.4689959058586126,0.46334546929194376,1.0,2.713,0.532,1.0,0.966,0.0056,0.9
7.224293509536068e-6,0.4696956593750101,0.46334160711103434,1.0,2.713,0.532,1.0,0.966,0.0056,0.9
8.854933836393987e-6,0.47170778910584454,0.46338824440900656,1.0,2.713,0.532,1.0,0.966,0.0056,0.9
6.929506148733536e-6,0.46911585914614207,0.4633293313829213,1.0,2.713,0.532,1.0,0.966,0.0056,0.9
5.5897745918625075e-6,0.47065170053012806,0.4633783596488896,1.0,2.713,0.532,1.0,0.966,0.0056,0.9
6.308232797630452e-6,0.46943042259819734,0.46333656280454955,1.0,2.713,0.532,1.0,0.966,0.0056,0.9
5.25725859481191e-6,0.4700275437038257,0.46335075557346705,1.0,2.713,0.532,1.0,0.966,0.0056,0.9
8.233763749437902e-6,0.47021651894885297,0.4633524166763186,1.0,2.713,0.532,1.0,0.966,0.0056,0.9
8.993443478526688e-6,0.4656069761609162,0.4632636304640837,1.0,2.713,0.532,1.0,0.966,0.0056,0.9
5.1194439496926634e-6,0.46884497264208336,0.4633433984539075,1.0,2.713,0.532,1.0,0.966,0.0056,0.9
4.835785804308585e-6,0.4698674425949929,0.4633475489711273,1.0,2.713,0.532,1.0,0.966,0.0056,0.9
1.8158302034728653e-6,0.46738245958053515,0.4633021891782262,1.0,2.713,0.532,1.0,0.966,0.0056,0.9
6.558449041058017e-6,0.46996448810687996,0.46334811856787383,1.0,2.713,0.532,1.0,0.966,0.0056,0.9
7.032031570703199e-6,0.46974009066608313,0.4633629499287829,1.0,2.713,0.532,1.0,0.966,0.0056,0.9
7.710014297251184e-6,0.47018049950039376,0.4633520208731379,1.0,2.713,0.532,1.0,0.966,0.0056,0.9
2.745670475263068e-6,0.46795155193306837,0.46332162972590263,1.0,2.713,0.532,1.0,0.966,0.0056,0.9
4.946473486344702e-6,0.4670967707589644,0.46330437597629814,1.0,2.713,0.532,1.0,0.966,0.0056,0.9
5.0503668318809655e-6,0.4694749909861955,0.463338632591436,1.0,2.713,0.532,1.0,0.966,0.0056,0.9
1.4071956204497978e-6,0.467496202140784,0.46330664968136154,1.0,2.713,0.532,1.0,0.966,0.0056,0.9
2.1901927796097676e-6,0.4673481177672998,0.46330586725811274,1.0,2.713,0.532,1.0,0.966,0.0056,0.9
4.787667655345275e-6,0.4677258641027042,0.46331892604479674,1.0,2.713,0.532,1.0,0.966,0.0056,0.9
6.5724771963581095e-6,0.46857358826452544,0.46331829689130544,1.0,2.713,0.532,1.0,0.966,0.0056,0.9
3.6030357303329317e-6,0.4675155928896856,0.4633126860588422,1.0,2.713,0.532,1.0,0.966,0.0056,0.9
3.989296686573885e-6,0.4706797604866819,0.4633763866849936,1.0,2.713,0.532,1.0,0.966,0.0056,0.9
4.557911448314346e-6,0.46664463994894045,0.4632849779344759,1.0,2.713,0.532,1.0,0.966,0.0056,0.9
7.405522712313477e-6,0.46583119525327876,0.4632730786625784,1.0,2.713,0.532,1.0,0.966,0.0056,0.9
2.6211862028559214e-6,0.4677558519709095,0.4633062921102317,1.0,2.713,0.532,1.0,0.966,0.0056,0.9
4.8786882538396375e-6,0.4665973360035396,0.4632836505312564,1.0,2.713,0.532,1.0,0.966,0.0056,0.9
2.7730106424436503e-6,0.46993663544772646,0.46336214810391274,1.0,2.713,0.532,1.0,0.966,0.0056,0.9
2.4115275069970553e-6,0.4697712634734774,0.4633483622837259,1.0,2.713,0.532,1.0,0.966,0.0056,0.9
3.5833522559404446e-6,0.4703653844196032,0.4633707753712956,1.0,2.713,0.532,1.0,0.966,0.0056,0.9
1.717998049852053e-6,0.46746900772420363,0.46330356030964936,1.0,2.713,0.532,1.0,0.966,0.0056,0.9
9.999474954900057e-6,0.46879721456553436,0.46332050179499296,1.0,2.713,0.532,1.0,0.966,0.0056,0.9
6.1323828621375e-6,0.4661187991761053,0.4632793829647438,1.0,2.713,0.532,1.0,0.966,0.0056,0.9
5.0423781723993636e-6,0.4712186639332825,0.4633819695766695,1.0,2.713,0.532,1.0,0.966,0.0056,0.9
2.611689431202244e-6,0.46827728118349476,0.4633162106476173,1.0,2.713,0.532,1.0,0.966,0.0056,0.9
1.141983517073653e-6,0.46796034099163464,0.46331891211556864,1.0,2.713,0.532,1.0,0.966,0.0056,0.9
8.444415884737065e-6,0.47051453902477514,0.46337873261883417,1.0,2.713,0.532,1.0,0.966,0.0056,0.9
7.412448162753409e-6,0.46703617072258896,0.46330555924551053,1.0,2.713,0.532,1.0,0.966,0.0056,0.9
4.353228579189295e-6,0.4672175116191134,0.463306543400152,1.0,2.713,0.532,1.0,0.966,0.0056,0.9
