0.2560700925177229,0.3280969517465312,-0.3376869757649274,0.4298911707867163,3.0866976605215357,0.3
0.27294094286716436,0.34215029906699657,-0.43383261030406584,0.4329744119540731,1.5654526393759534,0.3
0.3183823149900253,0.37791405054212907,-0.10311639977707698,0.666688554752366,1.1061950750234606,0.3
0.2607407737708782,0.28683108911679395,-0.4183972995545898,0.35703401752140984,3.839217484335541,0.3
0.27473366859265835,0.3367327606415768,-0.44461171301130803,0.4149231469404634,1.7092357680353674,0.3
0.28281358685085145,0.3438118392270525,-0.24837065650465912,0.5200858458859091,2.2276825778857736,0.3
0.2486530002286445,0.49770755225184776,0.07859902536649485,0.6831565253572144,1.1766598173677116,0.3
0.2666564287761666,0.3709832366221447,-0.39907379254183617,0.4707325037277321,1.4623736922430501,0.3
0.29680606034602797,0.44798970650050285,-0.22669150409850003,0.6887220637634246,0.7652181679094658,0.3
0.22970930139199663,0.2790386813054334,0.6958145654077246,0.5824111485838981,2.9555817906278863,0.3
0.35521082566376616,0.2579231227850218,-0.5465554196193592,0.3190070921694553,2.2853631378642056,0.3
0.31461198538542984,0.3713646974798438,-0.40216701673670197,0.5812708190435556,0.608042974768075,0.3
0.3676063497755348,0.40245905019325323,-0.15828643017532684,0.7761599900084576,0.5523132845344145,0.3
0.27259070449265693,0.3687198850990246,0.22107454426355513,0.6576931074045164,1.5011528794995799,0.3
0.3916578503719807,0.3752392340784505,0.06647901631038204,0.817111064512427,0.5665652165072826,0.3
0.34175987080688275,0.22209066330644844,-0.5179949451546119,0.3029312102312226,3.520690368674658,0.3
0.3316823741619675,0.4454750925886534,-0.058352952926541246,0.8020733987533794,0.5501265964917968,0.3
0.2682762971141275,0.4145357128042423,-0.38512413700880077,0.5237257119181966,1.0453625358971086,0.3
0.19136994305542113,0.47687782275784124,0.5305455749899001,0.5419559379155555,3.7125568683471375,0.3
0.2558664677119362,0.37238581889408673,-0.14387567228799325,0.5195374519860919,2.7877058813740296,0.3
0.29974425174212493,0.3963975732011344,-0.2748067233120114,0.6220815107417959,0.9658627887699152,0.3
0.2910447717621344,0.41949596015254553,-0.24821699046539436,0.6367672572000258,0.9702392264012673,0.3
0.42544677985419205,0.2666751423303275,-0.34435019721603327,0.5719306129697365,0.9732763581824382,0.3
0.2091831316658776,0.3044901548533976,0.7483933097847731,0.618554522823017,2.342856644239641,0.3
0.25550872664184204,0.35981041131193625,-0.22481854470007206,0.47613825670225723,3.26123650372677,0.3
0.28548232795009115,0.41252059452497447,-0.06062322908575858,0.6581012974580449,1.2091817495222863,0.3
0.28959575815813937,0.34575689333513,0.01320145310882992,0.5940926559953812,2.026077248471977,0.3
0.32015264461366594,0.3220832395373585,-0.21577323598978876,0.5507845086853254,1.9842074364943343,0.3
0.2703769133895848,0.4871999405574459,-0.08662288687865734,0.5926425495118217,1.7970290809255889,0.3
0.1333176146847004,0.43881746979389646,0.6798511115558544,0.6285656265607942,2.125427715335731,0.3
0.25845814968309705,0.28667883356535073,-0.40760240441237305,0.36099218608885003,3.938368626844084,0.3
0.16542255710793474,0.3918952441172563,0.666730999516675,0.6568751780593147,1.771553303737792,0.3
0.31959428393909134,0.3165170333954521,0.006267836590563309,0.5981727682168856,1.940058070637831,0.3
0.25223772991610616,0.4014833877712678,-0.052763943770057664,0.5630182664385884,2.2845930687380696,0.3
0.28392820972949334,0.46187087192356596,-0.08299866104028653,0.7105806245103249,0.8744212839089346,0.3
0.3789443576283296,0.20713814544461584,-0.5256668933096953,0.311242439469699,3.005714399137094,0.3
0.3362491156721894,0.30256045277717636,-0.413916617972035,0.5004836037866579,1.069439998737371,0.3
0.27121786163919226,0.4598013542641364,0.2166151586137069,0.7791704469270178,0.7448031714934903,0.3
0.2675128132211016,0.28572439515645043,-0.43367666329190546,0.36104055834543575,3.277557037947633,0.3
0.5245096396215876,0.2694105464991179,-0.6550963608449396,0.280266172872506,1.6484275643910309,0.3
0.3634576606646554,0.3658028185197323,-0.26148054806062454,0.6886649232925276,0.6859486727168221,0.3
0.2544178366670024,0.3115791580398706,-0.36851132391630914,0.3963472818353963,3.526864879676722,0.3
0.39965473511788174,0.3482982886168885,-0.44599661999060175,0.6505631079932515,0.279804418661605,0.3
0.26489381950363056,0.4401821182255384,-0.039785068914162364,0.6477190440969941,1.3267702548512321,0.3
0.40512582008653614,0.4122162955311423,-0.3823694508448358,0.8150756001875702,0.18496777533592368,0.3
0.25004732983818734,0.33046885666067455,0.4697365751488856,0.6349661795802811,1.9240502260585153,0.3
0.26645130474130124,0.39872360618280955,-0.27853231170548254,0.5284710551986915,1.788538720366847,0.3
0.3249030432284185,0.42522936524403043,-0.33890965081031654,0.7010171390519462,0.44077496989373766,0.3
0.31625399664248177,0.3471895261441952,-0.5017752877692827,0.4471199342760371,0.8013875226519245,0.3
0.21800085523509918,0.43921793703112544,0.2336754118848624,0.598534749566611,2.189266214644167,0.3
0.3972425316874471,0.23783674979207697,-0.5423945345409722,0.35019228293296,1.600933369732802,0.3
0.28635189410006595,0.4506901283872422,-0.22528643365665513,0.6611926636365274,0.8880855337595015,0.3
0.25238984021845956,0.4300363710783914,0.015913689317653162,0.6213135256022179,1.6514625996627577,0.3
0.2660986261085784,0.46567335319788267,-0.12924045564886405,0.6002342280371676,1.6037306761508814,0.3
0.22235246524428642,0.4389397690796432,0.24372883547693022,0.5252680532305866,3.7353044990980755,0.3
0.28579134781982146,0.308906460743652,-0.46522188392392816,0.3926623778336802,1.8354905473626755,0.3
0.2594441111335681,0.30895039097598476,-0.4038353938298667,0.3856481164510256,3.1255476678522136,0.3
0.2700922534498285,0.41186563173708224,-0.19709999234354997,0.5788139809543871,1.642655527168836,0.3
0.2610191939615358,0.3159894644844957,0.7889427693525415,0.7234721523787162,1.2321100985651883,0.3
0.43875397381644476,0.24690147986711275,-0.6075835406700818,0.2866921519842001,2.174750802698612,0.3
0.3777496420867361,0.2712761807048306,-0.37734107903646835,0.5073103588660016,1.2452980339024986,0.3
0.2772963772165307,0.3762847400305868,-0.21494151858188643,0.5613983861691528,1.75499898974293,0.3
0.26145343974583124,0.35993010982338397,-0.3400930606259777,0.4650161203250025,2.259712245022532,0.3
0.48838775933252193,0.23380235461465404,0.7156109752613709,0.815909371814768,0.7315295825585731,0.3
0.6556268014835412,0.2566159571228603,-0.6138954378704853,0.5206563976667962,0.1742137586038418,0.3
0.24779046759318546,0.381971570745871,-0.06718508769232412,0.5298574946554135,2.884833468264536,0.3
0.2639065590274722,0.40057496234497747,-0.07815042981667303,0.5929359676484098,1.8190574693319406,0.3
0.2683994441599202,0.4225713233305278,-0.2682214865147113,0.5557799240628859,1.5424736959683703,0.3
0.3880417119223623,0.2093082676845491,-0.38659700117435497,0.4144046214532383,2.718909706492106,0.3
0.2688988494318059,0.3507985315994194,-0.3369108854125497,0.48168547468233847,2.029050599246653,0.3
0.29985983458920823,0.3982466853243535,0.31038493100723685,0.7714488904807589,0.809027198198234,0.3
0.21976149298905812,0.38458125811319166,0.144347058136447,0.5402705498889209,3.2012968551364622,0.3
0.23400739477931937,0.4357653200696673,0.1398701292068899,0.5302054086008542,3.458409216334523,0.3
0.2503612190824421,0.3653887584216886,-0.12371658877511066,0.5030069553047158,3.2739644207947074,0.3
0.2833667551957466,0.44662789106974815,-0.20403008731414443,0.6468468315159898,1.0156821760338135,0.3
0.2704245878832529,0.40569017910856586,-0.23075694585501144,0.5668875722924257,1.6153517553449517,0.3
0.5235691267338048,0.18099801584590178,-0.36128096681562943,0.4788314714575569,1.8084215570008915,0.3
0.2745895322517224,0.4627382403932857,-0.27710339042367793,0.6118663280104482,1.020036458866348,0.3
0.3889381021770271,0.28076997109778296,-0.26957556370476754,0.5268469535881964,1.801206168583236,0.3
0.125330262884272,0.4344458540337673,0.7082384979897538,0.6163878197698476,2.325823458827698,0.3
0.28106169361449473,0.34450341420184954,-0.3008043536372025,0.5142182820414439,1.8208155661469927,0.3
0.2403085733906631,0.36902340879646217,0.03268182251218392,0.5413816876379574,2.9339213698532896,0.3
0.1847658266903777,0.36875118748489594,0.47877300707628456,0.5828264657165156,2.724738554369621,0.3
0.2304707059782609,0.40290009041726266,0.21407461305257414,0.6192924794352725,1.9114112211413685,0.3
0.2241646668872605,0.4226961658945228,0.1662671593434189,0.5909015956038256,2.2560106711286525,0.3
0.23667055438408297,0.34582266748277524,0.11364988831724848,0.5378048897295425,3.2061090410055306,0.3
0.27085592398128905,0.3570224315318064,0.37552641938321435,0.679375184453452,1.408634132179475,0.3
0.3100250283800146,0.33552478956386,-0.3183823081426016,0.5514757178874133,1.3055629000435935,0.3
0.2617959965154181,0.32248578335888,-0.35374651182066574,0.4370355621018259,2.6168652141045956,0.3
0.2276549781389881,0.3564259756966727,0.20672343789470313,0.5611263191334789,2.8559615838261085,0.3
0.304512435149083,0.3140997445551914,-0.31246821737836794,0.4968610884638927,1.9342058527450219,0.3
0.2669637170220506,0.358131457847003,-0.3319361407583751,0.4932782439405736,1.8440352171844645,0.3
0.26315337796277843,0.3786888586708265,-0.2130315271105028,0.5247146195046231,2.316954532877383,0.3
0.18066770541696692,0.40152264739515503,0.4111962185461727,0.5726722995918933,2.8679447839311307,0.3
0.2377097787456918,0.4093462243126911,0.03110702478490525,0.5490559509609477,2.74868927360097,0.3
0.15076457697913867,0.40123257248709787,0.6731654730936331,0.6381257130292111,2.005101261449785,0.3
0.28209180889711494,0.3220914770844374,-0.2678500151495539,0.4903451327963223,2.625822508901414,0.3
0.22810591464815183,0.3740279530856942,0.11449433546266867,0.545798020574737,3.019687327692897,0.3
0.12693384277714256,0.37179504977640765,0.8095929802892123,0.6059853552051588,2.585550740474758,0.3
0.3190676231653336,0.37603102287632484,-0.13660348653539314,0.6573078110519531,1.1197281384084095,0.3
0.21783639364366825,0.4657410984427941,0.4296368348002959,0.7486934588820621,0.9519698916934511,0.3
0.18532347214574751,0.4063499654856758,0.40958625151794703,0.5912571012832181,2.5142155448501904,0.3
0.23661513038149276,0.4011734654514497,0.11362290019193826,0.5924281150423721,2.1662865160079092,0.3
0.1875550077402236,0.3986888447891558,0.4214342962144814,0.5971193988102947,2.416659199485073,0.3
0.2830458251992239,0.3451324224170392,-0.3987389650869539,0.4766076367543688,1.3578037600333615,0.3
0.2315182876001526,0.4195342204763804,0.4225504655873497,0.7168904443359619,1.1441213970148114,0.3
0.2959583944768821,0.34518954292966425,0.12142177732754111,0.6345323436406146,1.656793804387435,0.3
0.30368105852331556,0.28388396661287074,-0.44163201243350936,0.41190415125221524,1.8870794221501017,0.3
0.27788146113250045,0.29783291166420633,0.4174391320261025,0.6035361071204494,2.3260522895595774,0.3
0.39793526254000583,0.3056567984945111,-0.2359120570849952,0.6299948856847164,1.0454921654492566,0.3
0.17294932965897572,0.39322053623949604,0.44810326198275346,0.5637627791717241,3.107090742617944,0.3
0.18174097292246247,0.41137519808020173,0.3981617629821522,0.5704817954348254,2.891016840192007,0.3
0.16778397302258655,0.45141227784932125,0.5040473542897774,0.5921441910670533,2.563684387481633,0.3
0.12478794576079881,0.41526472125511565,0.6853693582550926,0.5751259835177535,3.079058175840432,0.3
0.2622096621387137,0.34704113772739037,0.08063435020879808,0.5744551258878691,2.39467231194646,0.3
0.2890433533653086,0.287587080815412,-0.3770943052104028,0.4385701655818351,2.3015326715466458,0.3
0.23681145961666256,0.4055563769991037,0.2659885691537653,0.6540994073552995,1.5611312289874817,0.3
0.22758783120602338,0.4276741745758442,0.13093152712120049,0.5787601435256511,2.4031425092098813,0.3
0.3598610632422791,0.2657651648030564,-0.023850880776160793,0.5553854381415889,2.5518883660491407,0.3
0.27879581328764147,0.31628010679017504,-0.32435948718576424,0.47483366555741824,2.257263229278106,0.3
0.25914520774147537,0.33281597910738364,0.2045409395184002,0.5826894830683144,2.4480373173346353,0.3
0.23063912476819115,0.4076379381977604,0.08491714281214478,0.5501316655587198,2.87433196783357,0.3
0.3161675374811121,0.2776934321457447,-0.36529611462159417,0.46135567792349563,2.060318725820667,0.3
0.32974165991422677,0.2387093253116127,-0.3266374436165744,0.42557405958351646,3.54820674724843,0.3
0.2718369553178959,0.39567765323873466,-0.24017915622237593,0.46068113956443646,3.5736557474353727,0.3
0.27014140374313,0.41643824059698464,-0.17374881291646876,0.5920649664881015,1.5639575255104121,0.3
0.26484802128400775,0.3529454355425699,-0.19355848064164174,0.5042367214653426,2.902593901729372,0.3
0.23902775345541036,0.37687618880250373,0.1624342762447493,0.5919167588914704,2.236229647259551,0.3
0.21253619343884889,0.36859750888780124,0.2779017752186327,0.5676285815424142,2.8194849126092927,0.3
0.3979016178920197,0.2531715687094803,0.35949905717977065,0.6455591792699006,1.7367065079449295,0.3
0.25482235283207866,0.3911210847005688,0.0019482242580990232,0.5872852129067248,2.0501426733360777,0.3
0.2646472452205954,0.3332401397921961,-0.2792545078419379,0.4607369569557099,3.1965772966433867,0.3
0.15126392606400813,0.4361033801003641,0.6033894881639001,0.5784658110185964,2.902441809205017,0.3
0.2207624984560389,0.40310430091604627,0.18592048814604079,0.5735621145911418,2.5910360371585615,0.3
0.3817168799516185,0.23320257775990286,-0.2892543617330295,0.4700275987694528,2.90630467030728,0.3
0.238699863774765,0.3906080504292674,0.01285830108052613,0.5406357270937281,2.8894787424788384,0.3
0.312518272203259,0.31281511502989867,0.25218582937935957,0.6330504253713607,1.7812527198531631,0.3
0.19188300568528718,0.34783938861974584,0.5254346604222846,0.5913937735342089,2.62741638064239,0.3
0.25764246921245504,0.3869617678410269,0.158937816263028,0.6393711818071786,1.6306097481201551,0.3
0.15398178769980733,0.3733285054239422,0.5702679762121082,0.5653575213846934,3.1967699129306593,0.3
0.3383959507773177,0.31052947123069224,0.19415738265883886,0.6514727632832993,1.552500595527574,0.3
0.13386460154609192,0.3719654777049803,0.6910326795229976,0.576150733605845,3.070774707025961,0.3
0.30928766366247035,0.34301002966963434,-0.1605697203667045,0.5817323944153866,1.7032509099511215,0.3
0.2240788406931596,0.38070518297799644,0.19905861712986841,0.5753823594846238,2.570299194228914,0.3
0.22352028136381785,0.333998840063855,0.45400812595401324,0.5985833247984668,2.4384080584514276,0.3
0.2536578953670902,0.31431787409489786,0.6615911339982161,0.6693602443988361,1.6447143347069604,0.3
0.35045813659471753,0.3253011067500535,-0.040787858342445665,0.641718745387351,1.4084452151388738,0.3
0.36765006380454757,0.32044665075530404,0.030537774411767485,0.6725785724283874,1.2210245590585618,0.3
0.22506694053394885,0.40730009276730966,0.11844490773649777,0.5520204039168305,2.88367877024709,0.3
0.3439512803994428,0.317626824200098,0.09379858546746006,0.6496865282392371,1.484422956110713,0.3
0.21897842456820238,0.42732890543051266,0.30234698362245466,0.6518456179757578,1.6102561497959642,0.3
0.14091861307486853,0.4354474586568271,0.6203374323504226,0.5912893779713214,2.687026988739319,0.3
0.11950790778508577,0.3967995038547081,0.7090849268497809,0.5651907906284199,3.3408087400752664,0.3
0.2740850642385567,0.4319957334229545,-0.3283575507556481,0.502423296481141,1.7212501110624334,0.3
0.20175870102369828,0.38727992014752266,0.36161600355816237,0.5954388033085847,2.398285546895315,0.3
0.22874180698436367,0.42160004937516,0.11761561516494724,0.5752150662677727,2.4343397928617474,0.3
0.2513837059712236,0.36408068498705454,-0.11887606403483175,0.5082513574918974,3.1629505627838093,0.3
0.1302346330826026,0.43434793314029413,0.6697232202025182,0.5874156813325314,2.801778758227182,0.3
0.3374992258886421,0.27271837702325835,0.6072627958003812,0.6771650933623515,1.5426252799999727,0.3
0.2094702525085424,0.4101923114903956,0.29961275881480953,0.60834640352658,2.139140314885362,0.3
0.2457933199626426,0.34902846367423807,0.10456922221500153,0.5548724561594593,2.8286160736120727,0.3
0.25941745744719424,0.3557003684691523,-0.36103354997745607,0.4467778352545606,2.289623306633272,0.3
0.2360036259777841,0.3860782517272915,0.22021694860260632,0.6037026632099457,2.104999132492302,0.3
0.1442048789985625,0.40603715216657515,0.5879477596513707,0.5684348591428801,3.1359117325873385,0.3
0.247454926212187,0.33883945661202086,0.460634142780196,0.6417724704450603,1.834919000874007,0.3
0.16769834852554466,0.3539378862166597,0.6409668460768324,0.596798633506198,2.6335050534672475,0.3
0.20072310124383952,0.44825033682682836,0.31944917966467723,0.586136561938917,2.497690938754495,0.3
0.21777013860629504,0.3961378385854808,0.1645065748864356,0.5487533150657279,3.0495574137727326,0.3
0.2231571962094014,0.378301640521122,0.11060675671430986,0.5297245781802922,3.3878225868622462,0.3
0.23155293050521183,0.4170196307323628,0.21017526466529327,0.6336487325054819,1.7306300860055195,0.3
0.25941168761862804,0.3940757444360484,-0.12949656646520386,0.5530865770821338,2.2233208804689615,0.3
0.26472302403479053,0.3507442256635676,0.27398817049816954,0.6317576074160924,1.8099686378450213,0.3
0.11066555685452761,0.4167250862673445,0.798195231287354,0.6085523849941504,2.5240847202009777,0.3
0.2595394718640679,0.3241291520584972,0.3077010565501035,0.5912399924102132,2.406645686131822,0.3
0.15543888942057468,0.4239029037249975,0.582033804891272,0.6207940791628868,2.176425166368842,0.3
0.25292136258748527,0.4002077486914084,-0.07748964321932483,0.5550395611305418,2.3578950089097477,0.3
0.175187522298577,0.3973675603524629,0.4428588801811578,0.5649789992886024,3.0477703950302493,0.3
0.22486654661409625,0.3838580211633171,0.2008205205615281,0.5811342078555619,2.457704654985845,0.3
0.16737228321514908,0.40737095343163626,0.5033779905004823,0.5931923346324235,2.5622636610106158,0.3
0.20756273100379907,0.3862138157601365,0.4094763747913116,0.6254173223463935,1.9960249057736275,0.3
0.13439418330833833,0.4234305737305601,0.8371947460534809,0.705971090889239,1.3761055152673105,0.3
0.199609622883461,0.3899525128273649,0.3140029376440191,0.5699684690837182,2.81473786869976,0.3
0.2914810220211838,0.3480666583130122,0.02940880802367432,0.6106009051426949,1.8045641891683857,0.3
0.19339540576353906,0.3856678132895744,0.448929090584681,0.6108319720791233,2.237343099346283,0.3
0.3396776360872839,0.3123032263483401,-0.2525270530567812,0.5692264995944281,1.502847993338552,0.3
0.284576865758055,0.2929973359092854,0.2623371690841145,0.569501081805437,2.788054547986315,0.3
0.3191224334296038,0.31258210204694387,-0.22604627024674168,0.5416052033711269,2.0379930181085353,0.3
0.19646657648252955,0.4155368993253679,0.32152917522998614,0.5769073338238315,2.6756129741571377,0.3
0.31665437080405406,0.32857090972262537,-0.23723637750279886,0.5652730507134123,1.6241889457679917,0.3
0.14404136831128792,0.4557241591080758,0.6346754116160996,0.640064080380405,1.9434624607291378,0.3
0.19520061737581618,0.4112019712375221,0.5318548640166028,0.66390868458416,1.6104883374009273,0.3
0.24121767698880814,0.3968494368342807,0.022178627368206597,0.5602135630055602,2.5262510974799763,0.3
0.12641362097621842,0.4258491000141612,0.6818829043776574,0.5747108827188709,3.0783223266762514,0.3
0.22409964396999527,0.41823826938436687,0.3653947786919365,0.6801738611453753,1.387699936965878,0.3
0.2384791084278209,0.3794010729096555,0.024708036981892417,0.5397780351912733,2.9598986952628943,0.3
0.1906782332495887,0.38990240139065035,0.4093442226298862,0.5926227507367202,2.4915384418321818,0.3
0.1730819640199383,0.3715232567299958,0.5575277004839917,0.5990773394333133,2.5142564490052512,0.3
0.16960712543132217,0.44131470649324644,0.547765794754044,0.6511676047122177,1.7723525369773734,0.3
0.2691244241777874,0.30083882346195245,0.22540742851155288,0.5546358706079383,3.049453721172179,0.3
0.23725380096091161,0.3087914407982318,0.5691097855983801,0.6107012826700029,2.334338155670698,0.3
0.22390400898336835,0.395689729518243,0.14452892816200383,0.5622399313633031,2.7201465181677187,0.3
0.18606122287274968,0.4148915632275726,0.38545400641362043,0.5773031765285396,2.730337683780113,0.3
0.24033167860916493,0.3718679364024445,0.13675599396595364,0.5792899915653851,2.4222166809620442,0.3
0.2307315403210003,0.40587884153258547,0.16277693025063444,0.6000381297307179,2.1063007962755504,0.3
0.24507177633937116,0.45390009453226327,0.06830479408402661,0.5545228530224919,2.708430862164943,0.3
0.2703847849802338,0.4060226964320979,-0.12446196649112515,0.600355198773415,1.6227679778258706,0.3
0.21484508709349656,0.41367623510721685,0.26143630053704436,0.6055745510609063,2.1316267732045366,0.3
0.1623808069196098,0.4321337562644417,0.5190806807772841,0.5611588795960568,3.240154593788457,0.3
0.25778327810496776,0.3663901652786812,-0.155373518062459,0.5174693156177368,2.774638403253077,0.3
0.257972222205191,0.43339681783949235,-0.0967538109599203,0.5782371271494814,1.9585714578841789,0.3
0.28515445221275165,0.36069331825420825,-0.1892217250902103,0.5661958404062949,1.8206598104524603,0.3
0.13773710561808036,0.34928727758183253,0.7379524024893591,0.5767496337527573,3.113133367255882,0.3
0.21958031983175974,0.4075352269362193,0.1897632824883181,0.5790877277748978,2.485374854911686,0.3
0.2957151773883064,0.279624890840873,0.21607039598704236,0.5515895802242088,3.1073017302471144,0.3
0.25282911689342485,0.40585275351864575,-0.03126053454395217,0.5824171880418405,2.0591331074144863,0.3
0.20360202330821206,0.429490240732886,0.3390064839639919,0.6264369272622927,1.9215448835424436,0.3
0.12376456771445907,0.3804090847958983,0.7982083858695982,0.6076559754948467,2.5452969135817036,0.3
0.187743733008097,0.391600814963723,0.416674435345573,0.5874346575666259,2.5997779170682835,0.3
0.17046028653660528,0.42481437739859695,0.4717640748947155,0.5873836530086055,2.633346667729576,0.3
0.22124074074791733,0.47919733222802896,0.2852860891722635,0.6924193042667965,1.2400903517103898,0.3
0.22765560793382264,0.39464780073977146,0.3030684037010049,0.636349209679465,1.7874324704059077,0.3
0.14227318864490837,0.4435106067945419,0.6294761838609568,0.6158172941096474,2.27406472975273,0.3
0.11277059251440942,0.4132603437767025,0.7529624786584275,0.5791848717384063,3.053166660706644,0.3
0.1711761121106716,0.4116801039402692,0.47186947919167643,0.58676967164374,2.646897099581598,0.3
0.2719979952787988,0.3499099724058689,-0.02039792786645364,0.5698978348526375,2.2819278840693444,0.3
0.27807205224831344,0.34432198978481876,0.0828911122850094,0.5975647720570217,2.052940660186736,0.3
0.13420869300010227,0.38329932318578697,0.6810199562901127,0.5841553308281333,2.8970210547846245,0.3
0.12392664925579558,0.4250392224030023,0.7125486840793804,0.6063800687527787,2.4977579331394137,0.3
0.22045956320323182,0.37598016049247307,0.17149882272089242,0.5506406647807605,3.023575821211341,0.3
0.2279456456378359,0.3628259323782573,0.1962352823700956,0.5646946173590384,2.774418985960557,0.3
0.1746200774425068,0.40420868401934257,0.43030742030231434,0.5630469102616084,3.0894582694833406,0.3
0.21184482470897256,0.44370996690105013,0.36741352667056554,0.67971795951181,1.390066632054175,0.3
0.2525979004730435,0.3701633741737364,-0.08921912575314733,0.528263412882365,2.8290006965079826,0.3
0.15631386699994557,0.39766363164538854,0.7042537242571778,0.6631770226252415,1.722179959825864,0.3
0.12742808584001983,0.38292506036437457,0.7325042764873323,0.5938621483462881,2.745213128122467,0.3
0.1516063894076918,0.4175457117401544,0.5678558444724302,0.5884222272847931,2.6984977192360384,0.3
0.207250813808065,0.3241322042689448,0.7998445805537264,0.6644671077480905,1.7626710833758472,0.3
0.27872223083074815,0.34671897136383506,0.014097187802292022,0.5825208031243331,2.139185239757912,0.3
0.2340290835318634,0.3386807382645987,0.48236422986854927,0.6285745405597191,2.0115289297977346,0.3
0.10881642972243478,0.4135190797583207,0.831310297676565,0.6051090594583034,2.6101456653559723,0.3
0.24055434364278472,0.3313307426282113,0.3439195168199942,0.5851870828060198,2.5888089963511303,0.3
0.2572905886132603,0.3659430147141522,0.31274555683467553,0.6546659446665674,1.595828116496435,0.3
0.20131010784074432,0.4035154033572308,0.2803041290477197,0.5599382817315173,2.9618076574153283,0.3
0.25620214410298414,0.4032278221976484,0.06398281136037973,0.6258135596642249,1.6751194245297725,0.3
0.32552487221234183,0.2974358992035869,-0.20280492994367982,0.5357279490808378,2.1906828126104942,0.3
0.1849507149492555,0.40268289452983447,0.6072453013925095,0.6819866925885484,1.4876568321646606,0.3
0.1889957963700628,0.4227914626729378,0.3810403419085016,0.5948138924949727,2.4189457530522547,0.3
0.22131024990976184,0.39745003598520423,0.3490048471580761,0.6370999866874293,1.7943820839430742,0.3
0.1328972075469982,0.3524195045821194,0.7960974762665479,0.5882350636366803,2.921513621592373,0.3
0.21613774191526894,0.44246431287879845,0.35923819993690265,0.6837257266278673,1.3482428840675098,0.3
0.17565162876815427,0.40249916078038744,0.5372215226245687,0.6301929381747466,2.0177714781128153,0.3
0.12673965942820875,0.36089974704642674,0.7843683937822044,0.5796150210023,3.080978392133899,0.3
0.2546254490430478,0.3336866840058914,0.3883966746599946,0.6241504256222599,2.0056077822722154,0.3
0.2508739765732853,0.3726239569025064,0.10253243863404801,0.5917007767252533,2.1559998293258733,0.3
0.14118350628140008,0.42479474297744946,0.6554631083931601,0.6281810199831058,2.119112354306779,0.3
0.14221914570707747,0.3965074135506449,0.7417391187253313,0.6498399790238742,1.8930231821524564,0.3
0.16646014772547263,0.4178576477182281,0.5475356965312513,0.6250470749008122,2.099157364324814,0.3
0.17562841673996826,0.3513810149339017,0.5783237004736292,0.5875349974166765,2.7418561339696015,0.3
0.20688519428604518,0.39660475346931384,0.513906646586218,0.6766952829815324,1.494371807452139,0.3
0.17305064389007757,0.412568468052585,0.4759647129230079,0.5974112672132725,2.465101935975781,0.3
0.24947162467606993,0.4161597573948724,0.001970775202526198,0.5931864541617516,1.966820349120096,0.3
0.19881347311037256,0.3748289051496177,0.3214584423883137,0.5574549745746379,3.103890521446555,0.3
0.20468387219897885,0.3429824627177211,0.4287312987165049,0.5743046282527148,2.868808022587335,0.3
0.2505788268629871,0.3877249480142546,-0.032061878816762146,0.5596161345200568,2.4072018323320856,0.3
0.24359950161251306,0.3559596670444249,0.17365664582726287,0.5799453041713459,2.4560125867690505,0.3
0.20095355001442994,0.4200901329380764,0.37176368073513355,0.6278680797617711,1.9274094388693825,0.3
0.2056490807695192,0.3990675956940821,0.26819451559964524,0.5701465246968633,2.744187205937413,0.3
0.26077421774626697,0.31836903119404464,0.1836470704083652,0.5601278714012966,2.847756547076775,0.3
0.16845658918738945,0.4097286506913525,0.5377978914418386,0.6175068801617596,2.1884942658797275,0.3
0.23118491282028655,0.40340209924470716,0.1077377200393558,0.5716675458980172,2.4762729100795777,0.3
0.23639586538275562,0.40731040424159154,0.04121892159717028,0.5521019710022416,2.715406399261986,0.3
0.1718097068675349,0.4050134723189156,0.5510863216230335,0.6308079089969594,2.018633574790525,0.3
0.16230593701688562,0.407887970946549,0.5851424305525018,0.6230603708310047,2.138527519842859,0.3
0.23735480470598785,0.37547522838555264,0.4104513165340502,0.6649131565327743,1.552763555263011,0.3
0.1954559757814699,0.3687944319617475,0.44933381599231537,0.5963581331451632,2.4634853488207398,0.3
0.1600459365386646,0.3999179461029695,0.5216202944339167,0.5753901673645153,2.922013260685861,0.3
0.20868130847732283,0.40488406057683807,0.3980511395463499,0.6446969876187474,1.7531766364489658,0.3
0.1506448808341661,0.3671646534737087,0.6323379680419806,0.571219990539945,3.150539368485365,0.3
0.12232422012101389,0.47828700604869123,0.7447556482199803,0.6655433578484763,1.7039878401277977,0.3
0.27037890129285935,0.35296958872802436,-0.1223439928675214,0.5433451371397748,2.4129967577360323,0.3
0.1117515542336328,0.4405228291168466,0.7831924882143708,0.574622461770333,3.1758034861654916,0.3
0.24354930825589388,0.3936072561959312,0.04221805059054606,0.5753533695323739,2.309614279237656,0.3
0.2172796823409673,0.4000928496070675,0.20830099154479562,0.576973520174461,2.536944370281214,0.3
0.11061040848318454,0.4174785491065303,0.8629889168156678,0.5805349715235444,3.1343827995171587,0.3
0.12268952913748464,0.42612226452887336,0.7149880304481557,0.6049620405568661,2.520032336371346,0.3
0.1967290688888053,0.40411984784633315,0.3277501764755155,0.5781498662347496,2.666569756889553,0.3
0.2896861569604636,0.3264616795806685,0.10449338691735058,0.5935331990312601,2.140020727200855,0.3
0.13918939517036408,0.39263050243284664,0.6880273401888767,0.6113402688652219,2.3999478451787604,0.3
0.17325741613125809,0.34288088956059215,0.5506765998402943,0.5629527243807267,3.244619777701331,0.3
0.1715290027547731,0.377112407849036,0.5887513025345763,0.6151553718719027,2.277184985001962,0.3
0.2711114215884384,0.35541197839192534,-0.0778397519024531,0.5599670669382221,2.287627606428831,0.3
0.175383886467205,0.34856799991768656,0.5698370991332449,0.5786087313452491,2.905130248612703,0.3
0.11091497785210533,0.43007063335230605,0.8473825077001547,0.6315062486659233,2.1977437048394686,0.3
0.2055976411568951,0.35792339485505476,0.3293945421378437,0.5589871664844864,3.0866216431847455,0.3
0.24575378055074365,0.3707509722892466,-0.007968242762376426,0.5416088363822722,2.819775918734399,0.3
0.17586460297836543,0.4020200062173223,0.5345627332465467,0.6286209500897127,2.0358951206486084,0.3
0.20833659212956823,0.39117411579232114,0.2910306337003967,0.576820031735918,2.6296414618452584,0.3
0.149215411617016,0.4035010133515455,0.7498753100032529,0.6779230267442696,1.5899364127313231,0.3
0.2135529422539537,0.3499473947013638,0.34208663912113796,0.5706208763596023,2.8397102001314622,0.3
0.13412178385051624,0.38952013888249465,0.6690533441364075,0.580957783623039,2.9397259997449576,0.3
0.21104743586585187,0.43773495453690175,0.34462702216134466,0.6597902575569032,1.5557585647361256,0.3
0.28031228128734764,0.30816099304863825,-0.186528797072564,0.48540029531241846,3.4599379541208712,0.3
0.1947093401001111,0.44553784235732447,0.42842012415261355,0.6644138515953331,1.560178254820345,0.3
0.1138146725050133,0.4145321513171512,0.8740005254874113,0.577782482036177,3.2053007516838843,0.3
0.18409430845374683,0.3555235359197205,0.577401396475429,0.6068170608094979,2.398099809627745,0.3
0.11897968717262317,0.3908636068831024,0.7657418635723572,0.5883054255965574,2.891107511774778,0.3
0.2662215272677433,0.41309532574816876,-0.342167375558968,0.5234932370611854,1.373148116678798,0.3
0.18300115174428322,0.38883550970940783,0.45495157748580595,0.5937493068092407,2.508607238283754,0.3
0.16043755808327662,0.3876342954467236,0.5870886426778521,0.5991634295431302,2.5188277772282817,0.3
0.1952716980974442,0.43475958202985754,0.399028138697716,0.6392955557931742,1.81270852582616,0.3
0.26125824995676294,0.3621031261755259,-0.3530122093342234,0.46899619296330053,1.9988439313395376,0.3
0.15716338432894897,0.41934859054668533,0.5706737065122615,0.61405085260784,2.2646964052448384,0.3
0.26347059368718195,0.44089867848717523,-0.05974605318345089,0.6334868541175964,1.4297216468164307,0.3
0.19364488682309772,0.37746464300416793,0.4009089202668141,0.5835804932468039,2.6463288956533573,0.3
0.19371636636302247,0.4134045242596215,0.40187079394801317,0.6181195820048491,2.0825578918448437,0.3
0.19341137742409362,0.40573660249725657,0.38619798590508964,0.5990590347860785,2.3482054999037807,0.3
0.29822687741404447,0.35134051307825187,-0.31184429499445754,0.5504853555632376,1.3759322419569076,0.3
0.1519667403899964,0.4321973208196024,0.5931017583396718,0.6225360267639727,2.1565256618924113,0.3
0.13089512281520208,0.35884110885790615,0.7949060740076147,0.5924735940430181,2.827649649555715,0.3
0.256894039658503,0.3256842855816432,-0.3776855417233668,0.40841051262020545,2.956491079752616,0.3
0.18680631602718856,0.395847507307667,0.3652421649271763,0.5607760236391334,3.063586953665094,0.3
0.11910905439929884,0.40179183650094186,0.8245724136365618,0.6275940028240846,2.2453603196758904,0.3
0.4433656526350617,0.42283553735097584,-0.6129131686619214,0.4557411722691964,0.2962979631363758,0.3
0.11999693662616795,0.3883517287439048,0.8678018590219018,0.6005806148160165,2.730994392277867,0.3
0.1815894455722295,0.39586293413152984,0.43148694438414437,0.5847547496152804,2.652920736250691,0.3
0.18069902656363634,0.3887795126191687,0.4007512247583818,0.558522298859625,3.162893988989906,0.3
0.274135710211797,0.28422296606084335,-0.44584507975456555,0.36353231313662476,2.929694869887285,0.3
0.20404346271622764,0.4199782115996677,0.3115573420105323,0.60307454487803,2.2177842442426385,0.3
0.24968284256460385,0.4116476964371454,0.10891062185152434,0.6346637048460286,1.6353391155236012,0.3
0.25901052472505287,0.36468141172153357,-0.05676710199273419,0.5510727770347825,2.51923945871242,0.3
0.18631292046538583,0.4095097658490554,0.406079836444049,0.5949635165047849,2.443926598514386,0.3
0.3536472987831826,0.37855993811351807,-0.19229781879944627,0.692419497762516,0.793662722650965,0.3
0.12475377407732435,0.40465708563099334,0.8208816101860641,0.6498088825102608,1.93652160673895,0.3
0.2277105219210201,0.39199256618649847,0.12118594704830676,0.5516257964241976,2.872297477469789,0.3
0.11762528356166616,0.4152503515968647,0.8089332903111681,0.635745941737092,2.1161351467297145,0.3
0.1497503684642027,0.4020873209672008,0.6026207157216346,0.5964869936909585,2.579337640806331,0.3
0.1342876740353711,0.3836965476153795,0.8157412066092936,0.6416757677694621,2.0420820077590522,0.3
0.35267282005555634,0.37522237811559966,-0.283099216589269,0.6837378448030172,0.6496396741345419,0.3
0.13045265866901815,0.4183753221543028,0.6882505897381186,0.6093804555060937,2.4296250250925024,0.3
0.2537411894556669,0.3459797340016946,-0.24774030953786969,0.45385945794148663,3.6652802251228156,0.3
0.26673293890936167,0.3455689304962938,0.21303768467147838,0.6139525149135754,1.986496056943301,0.3
0.12644854424656723,0.3716222209032196,0.7369434128908363,0.5803249562453328,3.026806701433329,0.3
0.392918728601976,0.3193017923723846,-0.4048609860202944,0.6051981356257914,0.508763601730083,0.3
0.2583590912877117,0.36119546152776966,-0.32561000687693636,0.4501042798843567,2.721276490911195,0.3
0.2670203650045406,0.3486372401507226,0.1743581626763253,0.606942115102596,2.0552311847206433,0.3
0.3486754045553378,0.3443739481489245,-0.3223638952927881,0.6187700274718105,0.8243140359592419,0.3
0.5598756613079916,0.20353829789283667,-0.6608721055793875,0.24748047071941606,2.6837553384776904,0.3
0.2602819725713009,0.3318015901326462,-0.3758751178577734,0.4304210754911514,2.456993011715962,0.3
0.1549681126954399,0.4363935239877585,0.5959039972207828,0.6290766573840304,2.056387578052251,0.3
0.25847677512834016,0.30332305076968347,-0.3948802153916476,0.38713828461996436,3.2529602135986346,0.3
0.38239887715276105,0.3805484408517878,-0.4277118584288966,0.6892036541531378,0.25948943277641173,0.3
0.12878827209952004,0.4131737066726718,0.7293137542440961,0.6266409333663073,2.18548906894181,0.3
0.4369012785701147,0.3023315966258374,-0.24133017380456245,0.6743258215257799,0.8232451707515417,0.3
0.25712691097115364,0.3477582419345009,-0.14255092358411864,0.5042040821494935,3.1483096165307014,0.3
0.15604864906455906,0.4244978330582812,0.5495310308475083,0.5932696649026709,2.590668983253896,0.3
0.11246945081885212,0.38565665081306555,0.8377378516213746,0.583822214848957,3.0401749612963966,0.3
0.2023637225550177,0.39760693654330964,0.3267754197273916,0.5897250480247315,2.451274009189384,0.3
0.2535924370949093,0.34524323000542195,-0.2185042334100216,0.4654350572481955,3.6363762626556224,0.3
0.26509998630234144,0.3083002633475609,-0.4268848439231528,0.37419495725703816,2.959305300009151,0.3
0.10935685822529377,0.45318537243965695,0.804872758369281,0.604695592924235,2.586312139445475,0.3
0.3139017789508541,0.31526104807153826,0.16958459751793117,0.6123822594302342,1.9380116923798545,0.3
0.25786436566707527,0.35583899279903464,-0.32319228931544075,0.45383762098966235,2.6848425779400404,0.3
0.249790880694423,0.39832825458587884,0.002906614861134124,0.5808863806053846,2.159804406833601,0.3
0.2611710202797576,0.3259357883290421,-0.4006898146497573,0.40736990876669726,2.541741226769197,0.3
0.25377934410218356,0.38597525360184715,-0.1348808700462672,0.5200980305904347,2.81054300759281,0.3
0.21491645973514578,0.4076030967802917,0.30049787016129736,0.6179111979353917,2.0178011888834533,0.3
0.3002000712176122,0.24022369543540117,-0.4844622497877071,0.3151912915001004,3.8888745866650423,0.3
0.1147608576812882,0.4095820698503074,0.8005101577358962,0.6192153968038809,2.351301580593888,0.3
0.13693796754179954,0.4112988073108961,0.7053661471448243,0.6354295163136705,2.051035637565304,0.3
0.21033887919661456,0.38056352885747136,0.25760876950678724,0.5598160179496819,2.9293424047289536,0.3
0.2655174296874164,0.3988517065305339,-0.3582661127494289,0.5051572632775114,1.4233353298211877,0.3
0.2666846583915457,0.3292402237846103,-0.4184390984836527,0.4157112805881592,2.095794725400158,0.3
0.2620662929051979,0.32723820147529015,-0.4067266718909408,0.405979953413176,2.4741175948338867,0.3
0.27840603754996135,0.297243605587854,-0.37743002306847784,0.4329731213136854,2.351050717864828,0.3
0.1613330877586634,0.42374364806439424,0.5400402542404212,0.6089391965149921,2.320967100581815,0.3
0.3272212597120546,0.31064171511359595,-0.4248040772046036,0.5018852901098223,0.9410887091746627,0.3
0.25690823833423015,0.37308948449329904,0.3323521531898576,0.6694642706207585,1.464740955605216,0.3
0.5026463187014374,0.26122476047114035,-0.3981423216932301,0.6248131375587117,0.47336650563600674,0.3
0.257459149258,0.34452352877206177,-0.31338828468925967,0.45167372305397535,2.8559701731644673,0.3
0.3597438867721131,0.36473374156351646,-0.10626124579458707,0.7058716896009491,0.8641711307509276,0.3
0.20669600883454792,0.36891491970544305,0.21720843003973628,0.5263411229761261,3.7142928395761072,0.3
0.1947297516330534,0.38619075306777456,0.34942453732494405,0.568578634855409,2.8710999858418735,0.3
0.19738087177172578,0.3763882641823405,0.5120310878892967,0.6321612030594465,1.9776883491711685,0.3
0.1349692514312982,0.42448509567311127,0.6624516159171914,0.6097474984574157,2.4009680858613254,0.3
0.2168147170758113,0.36116932913967115,0.35837351110433424,0.59503972731108,2.406327194953384,0.3
0.19531636154993473,0.38384352684633904,0.3582721892337527,0.5742878557272361,2.784974802092411,0.3
0.15416377538612816,0.3932408229899777,0.5373631374531717,0.5586874622408328,3.3085465859699026,0.3
0.29328076890860416,0.38607834130696994,-0.46237751889974765,0.5085896467319321,0.6528509638591798,0.3
0.3088019828911205,0.37798794512134065,-0.09160479217465228,0.6529824166486243,1.2163099751367579,0.3
0.30013827175311764,0.31736894606401095,0.03232131964885543,0.5643388174880034,2.5605488775678826,0.3
0.27599491241901347,0.36668896892424674,-0.2394458428201654,0.5435215213867688,1.8748528319456819,0.3
0.30710952972065475,0.4761994745053044,-0.16774943345049004,0.7626507946042184,0.5761890635830522,0.3
0.12195542771505608,0.4202965630654999,0.781048363085224,0.6417747611479238,2.0181278718873954,0.3
0.3446208025172869,0.3597573718314375,-0.5394767802712239,0.38532538615418677,1.0711094149035976,0.3
0.21435651931572042,0.3863066694782601,0.38022003925886233,0.6280872853398177,1.9429076577499953,0.3
0.3009763100534178,0.41105818557750046,0.05857789841483815,0.7239639011319868,0.9238480414156389,0.3
0.2882260885678477,0.3049507283073576,-0.31548273543566724,0.47271770494399834,2.467046709462592,0.3
0.13102063809508452,0.39132113528387297,0.7082485331814051,0.5996192361595498,2.618791008335126,0.3
0.3267258188413324,0.47332604758972874,-0.21985121745057967,0.7922300579874434,0.4494093764911534,0.3
0.26399975965169314,0.34446612724613357,-0.3977472200128457,0.44183659453177854,1.8919561056692784,0.3
0.34262099896942305,0.2775103380698041,-0.03747564515870355,0.553561945101672,2.555469908355742,0.3
0.39182975986532687,0.35856214789715996,-0.2630196285229883,0.7148119807013319,0.6052989747437981,0.3
0.32275440420634505,0.24244985714173578,-0.4307151233939429,0.38465107199445625,2.601734177465813,0.3
0.1064588623931922,0.4180275347875173,0.8287260784971409,0.588234424886426,2.935039751500064,0.3
0.2530157895662613,0.43646492819458904,-0.00749666105837038,0.5309621452562161,3.007277574855539,0.3
0.2012201563120261,0.3720456709568873,0.2414979772286145,0.5226389813502781,3.87159664551789,0.3
0.23576310615460466,0.4085420694154719,0.047826858494929764,0.5537151130943035,2.696970200896158,0.3
0.26032878451168523,0.3956750175811404,0.056782947498401404,0.6239601408958277,1.684055450791209,0.3
0.26970230968601244,0.49044283137525535,-0.1084860623761194,0.6114476514789097,1.527327174671827,0.3
0.24742545757004586,0.3458376192557638,-0.120472630727182,0.4822660829083328,3.8833652228521056,0.3
0.2592951657958788,0.36940154379520435,-0.2950553219025483,0.4731143341619894,2.6000938292061133,0.3
0.31925507835600964,0.41399643597816393,-0.01828279923403263,0.7408149840923505,0.7962042986262226,0.3
0.18110268671175414,0.4319777168150121,0.4666183069620685,0.6330635938587512,1.9304140090008843,0.3
0.12014544213654925,0.426458296293429,0.7879450432761924,0.6516320636703146,1.8919107223140605,0.3
0.2648269363609237,0.37096005627433487,-0.11076990742017427,0.5551355893419224,2.265160398595574,0.3
0.21955389224024296,0.3584160610489382,0.19680517407849624,0.5428670682570889,3.24181739097819,0.3
0.8707090359989185,0.21532156738916222,-0.7805466984348832,0.20233686365784567,2.5554900296951213,0.3
0.17084912912156872,0.38123168032067745,0.6209891882650864,0.6333005584550148,2.032236309819654,0.3
0.25484125900132254,0.3174588211439858,-0.32264466615856846,0.421049640296722,3.5861581802719518,0.3
0.27981077722478864,0.4132316638543795,-0.20557661412239553,0.607454919862946,1.3084757985358801,0.3
0.32144320374042984,0.31817449602997216,-0.27621764334630844,0.540043151181164,1.651680929155349,0.3
0.2564703222588488,0.3221583412199152,-0.3563468603277802,0.4196910513059098,3.031651933491693,0.3
0.36638171697133104,0.420890875318147,-0.21787365617836868,0.7876768537450927,0.4677608814565104,0.3
0.2274491864022428,0.44148403318794993,0.15264042406659498,0.5609395350769959,2.765726899577551,0.3
0.32333199748017544,0.47103751706861086,-0.41642340639375774,0.7417458701695215,0.20422806223423767,0.3
0.3480867937257852,0.24901687908303455,-0.5457621744609278,0.29423733746417446,3.166826605669253,0.3
0.2758983568266359,0.2897448405708906,-0.3095374006917957,0.43798297277493203,3.2899399283877107,0.3
0.3382557180298204,0.2733553801522213,-0.1924678264068507,0.515495344263055,2.647813565605548,0.3
0.2607578098699826,0.36718581222814217,-0.32511924581358714,0.47702119255308156,2.177901804237846,0.3
0.2652251575842544,0.40973597290423514,-0.20884691220207935,0.553059892068,1.8913297420150643,0.3
0.4323925314380642,0.302099662199493,0.5167883422461694,0.8060122690647074,0.7379947140373558,0.3
0.12688286079615677,0.37328259286388865,0.788985312574718,0.6031827664000723,2.6200793832874547,0.3
0.5306746265527363,0.24428984053647662,0.4190986888111104,0.80674418278965,0.7020295019468549,0.3
0.11837008520304368,0.4310848782720615,0.8052042006668143,0.6598600737463886,1.804597776996666,0.3
0.3432986225467983,0.24149039672821526,-0.539708598276621,0.2917179332725941,3.4403644714682815,0.3
0.2598974803882293,0.36774515988390144,-0.3155232160004652,0.47344741450443967,2.356985767621702,0.3
0.26396936858001074,0.3514804485272492,-0.18210501995484146,0.5118605584170256,2.772606405511765,0.3
0.25813215806491363,0.32609419322393995,-0.28962020169504044,0.448241576362591,3.2919410692847126,0.3
0.30501846374974384,0.38396096517716805,-0.3995979591085015,0.58001581935392,0.6211811698658154,0.3
0.11071871256163268,0.40128427809395917,0.800995295770341,0.5894008338804911,2.8934826476149325,0.3
0.26038858024124756,0.367224698886189,-0.2909502104120992,0.48111298862543833,2.4641948388538033,0.3
0.2691369064445222,0.3125450015780393,-0.3708812612647032,0.4330934036143672,2.4244000198105633,0.3
0.2556798886905132,0.4396946979109771,0.543548742251006,0.8391551165867647,0.6149969494742306,0.3
0.16934808711995214,0.3687052481198838,0.6059485249730039,0.6088238322797437,2.385903299968147,0.3
0.24655651442902562,0.4866407746654663,0.2432117700847825,0.5547137625838757,2.972728962483092,0.3
0.1730402900447118,0.393160093177818,0.4729771766306528,0.581092146233327,2.759892377360244,0.3
0.24346520478116196,0.4753693428413835,0.07434222213815597,0.6162293152071638,1.7838301255763374,0.3
0.1586022528375973,0.41760512194928984,0.5609637605232932,0.6096251282780472,2.3247199648098693,0.3
0.2524990348851864,0.3532134033096407,-0.13669571788494145,0.4975526753563244,3.3445370380929935,0.3
0.12494624498903449,0.43549789728060845,0.7158357530482128,0.6236603953849539,2.2205846591334337,0.3
0.25297360354348264,0.3272204756308419,-0.3152622629131153,0.4215010176356353,3.7259121354733242,0.3
0.24669446294366568,0.34472871728366555,0.057368992145165124,0.538823894695138,3.0517806143517707,0.3
0.262810522329679,0.2938654876480442,-0.412601739499031,0.37842656394860924,3.1606129653832995,0.3
0.2425806678987975,0.4726929574596886,0.22469110011354068,0.537689410314907,3.3806381134592787,0.3
0.17423944655578508,0.3423133161754248,0.7207749924331489,0.6193791015013542,2.297188647675532,0.3
0.2956529657964004,0.30951071905114536,-0.3228383222909912,0.49204218304938724,1.970126207113844,0.3
0.280543773471722,0.4856103487905419,-0.373059900151289,0.6600802178923106,0.447406410908573,0.3
0.26245213233643233,0.3845695429643205,-0.21861843831626726,0.5238493592950385,2.2834560422244548,0.3
0.25978111349117583,0.3187156532514826,-0.3978051689015476,0.40175338445949277,2.761979691235473,0.3
0.26076756120054223,0.3794626137081498,-0.26213641717133473,0.49636094560303307,2.4582158138962518,0.3
0.26346133532262433,0.3793999993645536,-0.3665841296009553,0.48428911192430135,1.611131761393319,0.3
0.20658088654546292,0.3274586271595023,0.5091112592328276,0.5808605870782474,2.811714706795556,0.3
0.29175723190184705,0.4012812317802192,-0.25015022022802713,0.6133646375299193,1.139965577169976,0.3
0.23629431811308574,0.3222318709620671,0.27363201337388915,0.5523332498663664,3.1519629784832612,0.3
0.106428635731857,0.4157250464311096,0.8261619338947392,0.5895590407309668,2.9039186970542796,0.3
0.15180713663944873,0.3780481385286148,0.5889484116471404,0.5744947622058366,3.0116454656684155,0.3
0.4899881207262814,0.17474938654815636,0.8239522939785512,0.6397874452970238,2.0823277463696246,0.3
0.270587999210132,0.38539474431867404,-0.2841732060866592,0.532660302824941,1.691184485235868,0.3
0.27903464779092435,0.3048974790879762,0.09539959828750874,0.5458608167775422,2.9902747441048683,0.3
0.18624284240268618,0.37084766868835695,0.3933941383615524,0.5566597457479701,3.202357194446057,0.3
0.3306943831261663,0.30119087138203615,-0.4533807394483796,0.4718603552001023,0.9671642324255535,0.3
0.32235449898362734,0.43244446712759277,-0.2893193313284286,0.7133483934068356,0.5282614725553261,0.3
0.3223558769438561,0.3158955629070578,-0.07363127711474853,0.5847431445390372,1.9586920967976194,0.3
0.25042080122656085,0.4035291738031719,0.16699677408436714,0.6478532858527583,1.5532633029446277,0.3
0.1663438409442951,0.3818487728164162,0.5360092414322064,0.5858127620706772,2.7373086606125763,0.3
0.28621848805507627,0.3044614589036447,-0.47013500911170414,0.3794219425542744,2.029640498712944,0.3
0.27405256401616074,0.43653460162533997,-0.15692664244858892,0.6220106079712645,1.349907914774371,0.3
0.18886543742948592,0.36928796189373847,0.43387038865309535,0.5779407967729767,2.7862706601304974,0.3
0.22211281335019978,0.3236168988318947,0.382074504885792,0.5592920030581732,3.161938127594499,0.3
0.17721663298701845,0.3917774677294473,0.427037178109985,0.5622686879217875,3.120865739114591,0.3
0.1430772447303814,0.37982322308567373,0.651006687265788,0.5863622182834461,2.8181098667375424,0.3
0.36025317446024246,0.2851612036713494,-0.4738365481788268,0.4660983429712186,0.8769080228825186,0.3
0.260996558984042,0.3675369003388977,-0.3511317166376441,0.4689349853029261,2.010254964372725,0.3
0.23061469471709092,0.3396968129391935,0.4768995208782364,0.6237576846444012,2.0752565599050694,0.3
0.1351432418270427,0.4137658371589731,0.656576935018324,0.5977281018355863,2.6028169254585696,0.3
0.302053292887584,0.3488319300542185,0.022552103632692194,0.6240416921415934,1.6638612933706787,0.3
0.24286568988550972,0.3839939813829876,0.04699010973139495,0.5671582843208222,2.4642235006994286,0.3
0.2682121755018186,0.4270020592627486,-0.3276850925028603,0.5462291652540342,1.2597043272702784,0.3
0.3533221111282292,0.3930058553115891,-0.12625529778919126,0.7409127950569622,0.708254255503661,0.3
0.10804689573000853,0.43028845794851045,0.8058532708135494,0.606828991750858,2.557801319608355,0.3
0.2252367785843844,0.3591944350909467,0.2607324739872819,0.5765535524806049,2.621808395593175,0.3
0.30422815725273206,0.30661656471561793,-0.49855935432664,0.3721419476321489,1.7494889736725503,0.3
0.16256493568320465,0.39523708965697923,0.5647342493195704,0.6044088796172096,2.41682920078293,0.3
0.12300185047149513,0.40601422132672205,0.6963178284290539,0.5709769622574133,3.194546730832219,0.3
0.23069944998243527,0.39715355158523014,0.1179066565655813,0.572347914231613,2.486096847615073,0.3
0.16215383567993208,0.3809587865650953,0.631895139601341,0.6210589210547299,2.2124668431015753,0.3
0.21070919593451035,0.32420927463081634,0.4510460833496703,0.565613106808649,3.075337716752954,0.3
0.13237563743765762,0.4063266748838021,0.6573339541845961,0.582072795327692,2.909904858516989,0.3
0.13138173192214542,0.3831018094539206,0.6990162169246146,0.5864363295272312,2.8596545590049285,0.3
0.31056391554832696,0.3382793579080227,0.5197779340256867,0.7461578015958871,1.00056639263401,0.3
0.11841302035789315,0.47405662496811535,0.7812778752960559,0.6000757971268625,2.6466374744696206,0.3
0.19935732344559706,0.32593413523957215,0.6596257922000457,0.6148235883002297,2.3348654326709464,0.3
0.25235370188075323,0.3402574563927647,0.201424640734226,0.5818374091575782,2.4580911779184853,0.3
0.1958473248246917,0.3661537165412623,0.5036100842891362,0.6084379750494228,2.3296997411195925,0.3
0.10941331725892596,0.4369461287846502,0.7951650795108461,0.6138992693261115,2.4270576718785852,0.3
0.14380679314146516,0.3837726300655201,0.620707155156457,0.5765174595689121,2.996289190680972,0.3
0.11847920296958699,0.4509710475128156,0.7727628986608637,0.6305709931893295,2.164382854730764,0.3
0.17357331997987221,0.349138699163972,0.6802468674846325,0.6181065585032872,2.2953984370828073,0.3
0.18295780159186345,0.39881520866199655,0.3882010973071544,0.5578517169001579,3.1458345492772466,0.3
0.1877552876766546,0.3232487359611375,0.7344420602594527,0.6171786369435615,2.3510656749811716,0.3
0.14579195760834984,0.4150775751548936,0.5916362708950759,0.5839706870939555,2.808705998405745,0.3
0.16798630097289713,0.42342365578194235,0.48288551207783337,0.5854023501621811,2.679845973364664,0.3
0.17416233304650813,0.32185773385098837,0.7713735989403266,0.6051077634977351,2.5820759451842408,0.3
0.1349336267810269,0.3572764109297031,0.8445089909708821,0.6029037881129283,2.67425247199212,0.3
0.24121294975260993,0.34915285880791935,0.1281763308768189,0.5541847123592075,2.8643364722769005,0.3
0.21981041449629518,0.36648133462164323,0.2656575764038386,0.5753180412041848,2.645543130827154,0.3
0.14870445551330116,0.39424030663143067,0.6306429441277795,0.6054362643299336,2.454674628430774,0.3
0.12106238196477984,0.3686478016133173,0.7732263955329922,0.5760576682501904,3.1515060000863193,0.3
0.15480654571316677,0.4404782461566118,0.5664364220820216,0.6111873365955603,2.305414075775567,0.3
0.16341815817551794,0.35926684415085275,0.6997739723807243,0.6228285728435955,2.2362751978187685,0.3
0.11164216789467339,0.4275915380467888,0.7686075879300803,0.5950755191534514,2.739410474759365,0.3
0.15557241642704558,0.4004667934117731,0.6049727005633505,0.6149186514799271,2.2824557903180636,0.3
0.12472749694298817,0.3698495400171296,0.7908111327936778,0.5936553446194373,2.79984938828215,0.3
0.2520338947342992,0.3481896381991238,0.07024798893671175,0.5562580221291364,2.711080193798038,0.3
0.1825865388423871,0.353652741350439,0.5318365664120512,0.585405902746917,2.74055981424364,0.3
0.24545709006750382,0.34654858390848875,0.2673885553691604,0.5969087252359373,2.2916557819978434,0.3
0.11437128882497265,0.4227392416139911,0.7646102609933808,0.6049060446158547,2.564044915065345,0.3
0.22393646840437975,0.3990639273077515,0.19489754679427015,0.5906237952300925,2.2961548865892283,0.3
0.17342567436654618,0.34167338254548607,0.718545443746992,0.6200145334158625,2.2930529885512785,0.3
0.15465199182484893,0.3863201603188331,0.6842217314229666,0.6359879123560237,2.034662178675122,0.3
0.1299258516083315,0.39737700063422265,0.7047425883672526,0.5969584264282963,2.653699302480773,0.3
0.14783225744538367,0.3656585448430929,0.70350235421409,0.6040939758646133,2.5427817856402624,0.3
0.1734735546312564,0.38898549717569886,0.5134149178547799,0.5996032559072234,2.4631413861604035,0.3
0.1327656536513176,0.3809030785570807,0.747909637989886,0.6112818779390206,2.445952835173958,0.3
0.18616380964932933,0.3720113034235102,0.46666338821880715,0.5888174046661162,2.6158250555626186,0.3
0.13951186078765274,0.35498452934731056,0.7595242407646398,0.5951339223592371,2.751171495199053,0.3
0.13801544801691373,0.3895476635255731,0.6977828145149435,0.6101662620807837,2.4269572069592407,0.3
0.16880320046402764,0.36572308868275116,0.5303711240904108,0.5726372403727364,2.995631272267777,0.3
0.11841688246078058,0.40510603802864453,0.7608892935249061,0.6029765801482974,2.5892675961031038,0.3
0.12916723185821324,0.3852806219812488,0.6822036015936602,0.5729089191959773,3.1347432844765035,0.3
0.17794506345839906,0.3717631889746681,0.5633908190520005,0.6111178750668371,2.3147560146789514,0.3
0.139735612247112,0.34054879715834746,0.8287779841399581,0.5868014635981519,2.9834924681717534,0.3
0.13571743604913725,0.35772856034233985,0.7459427271708299,0.5868746391354268,2.901450509350643,0.3
0.14244911009527547,0.41373074824064654,0.6416013976452484,0.6127676659116588,2.3398557318817232,0.3
0.12760375095538795,0.3739049426566318,0.7456490852686204,0.5893886191479096,2.844079261921663,0.3
0.23274744133657652,0.3528923818628609,0.3264418841665977,0.6012194921948423,2.2745009438487114,0.3
0.14087379834492503,0.38516818201355196,0.723542789588469,0.6239065517693833,2.230217166908971,0.3
0.1839842680573929,0.38095343824755545,0.5578332238186002,0.6313541716853075,2.017887639200358,0.3
0.13611852181698753,0.3966549025734601,0.6385620519553129,0.574916406424599,3.0457522303215687,0.3
0.18287936324313075,0.3811200004518678,0.4105246378394955,0.5651607164894867,3.0290170497826594,0.3
0.16335328423417944,0.3732302487623079,0.5602449242753049,0.5795424363200689,2.8699400135933075,0.3
0.15470757128198315,0.40345367560623485,0.5686617409082381,0.5930382826803378,2.619681912390343,0.3
0.19122493184130726,0.3544284963729872,0.5669986203370944,0.6133789446921043,2.286641248965224,0.3
0.14134947977387677,0.3674584775736018,0.661995114183722,0.5734058785830582,3.1021031811862434,0.3
0.14146318821325957,0.38428048949746707,0.6481459514726737,0.585101746908873,2.839083059475192,0.3
0.14967248459565397,0.39424927914376706,0.5747395260476883,0.5719406712513898,3.0567437299283697,0.3
0.12648642659168285,0.3556339208419897,0.8006328338667584,0.5803795261332446,3.091276687815682,0.3
0.2126847514743891,0.3933214930464674,0.2585772533404711,0.5819191836757763,2.5103169510656156,0.3
0.15070837562606335,0.3609503971617019,0.6940233689974671,0.6000754322213184,2.6025526423991554,0.3
0.16431238471142456,0.39023122488506445,0.5151116955488679,0.5779014720388678,2.8667934264717005,0.3
0.20310474913183557,0.3807475573406397,0.2947836810771808,0.5629070239094454,2.930571368955959,0.3
0.15835434106234617,0.38010086131858367,0.6294681061496592,0.61086019040582,2.365441161389433,0.3
0.13407692011918035,0.42015000016207976,0.6545556100708153,0.5948141020662899,2.6547486326897807,0.3
0.14181621501910582,0.3475828401782017,0.7366698009745511,0.5810679961164575,3.0134739544667433,0.3
0.16783891937067277,0.39687559208144474,0.5403828062848183,0.60717245062829,2.355513068674056,0.3
0.13710020754448027,0.3988832975510281,0.66566689910118,0.5990794912622719,2.5904174839710814,0.3
0.1621928883670857,0.38112362134242767,0.6089575281937051,0.6082663896044865,2.3868827631061644,0.3
0.16021473113358742,0.38198578557954643,0.5954453325597535,0.6014413323216184,2.497212946190434,0.3
0.17537580142005696,0.3803522715011306,0.5122793209698417,0.5936054097755591,2.5729823425028155,0.3
0.20971467692608922,0.33525782788814346,0.420479396215101,0.5698232743492461,2.9464699100084912,0.3
0.1475615553928298,0.39934305287930744,0.5754300806963614,0.5694124491644467,3.1044048470768453,0.3
0.16368021589730727,0.3842868631868061,0.6063959751726882,0.6165899227142427,2.261117826883299,0.3
0.1423407719930641,0.42234255170025564,0.6261061830200421,0.6060501192186236,2.4349114604123323,0.3
0.1441667304071571,0.34911730251007306,0.758329832446275,0.5951097475822751,2.751835205292168,0.3
0.11895882272098525,0.4177893539889055,0.7144102460612233,0.5732406963595561,3.150759392615852,0.3
0.17715474594225503,0.3407818390235384,0.5736319247093975,0.5747719327964763,3.0044286985058637,0.3
0.14349017204606265,0.4236272268622474,0.6152099499078939,0.6012044262048849,2.509076366504781,0.3
0.11183218633154668,0.46735874739326366,0.7913972901378413,0.6283733371595875,2.1956676203736514,0.3
0.11633350371608621,0.42586591677580743,0.7342236845793784,0.5819777585933752,2.9734768238316907,0.3
0.10695234313355884,0.43227861754757124,0.8120683636088671,0.5994143591925924,2.695045928066618,0.3
0.18815794065799676,0.4070611793868877,0.3946439086246996,0.592281611533077,2.47980033433612,0.3
0.14924660944350066,0.3468921471318623,0.7013122226146298,0.5813967465799702,2.9751587066377048,0.3
0.15083369437462046,0.436936991480671,0.5866281619050303,0.612592239422652,2.2988390274202763,0.3
0.13895979575249198,0.37134467954635453,0.6554853627492574,0.5708094476579705,3.162262426680395,0.3
0.14088838038504467,0.37349057892080884,0.7232076849325274,0.6090643932692142,2.467140166750849,0.3
0.11439622290673614,0.477154147788459,0.7898622350475437,0.6393488577762487,2.0449473399716327,0.3
0.13996430624864478,0.4078936391287973,0.6365402162252521,0.595687731139635,2.6262726656814275,0.3
0.15615302593415498,0.40169653880798034,0.5964689605774142,0.6068991330249736,2.3930633128659426,0.3
0.12031998089443978,0.4271642153262386,0.7130015170269183,0.5806126868718191,2.9843092591267872,0.3
0.17613462447674336,0.3871308117287198,0.4585377306998875,0.5745486578942233,2.8697605664553585,0.3
0.11105453312975148,0.42093590930914493,0.7634150615756408,0.5788093026698282,3.0698664619311313,0.3
0.15529492366223077,0.37535717847444544,0.6228490864613541,0.5948400173493065,2.63244193665982,0.3
0.14169121435035606,0.4019699952516343,0.6380871539501828,0.5975501850167827,2.594119001550025,0.3
0.1405829184250544,0.4120533004146128,0.6154329884531452,0.5818548329141067,2.87500800577227,0.3
0.15593010880473016,0.37492396475136014,0.6377219098710335,0.6034332986718175,2.4952280526128643,0.3
0.16806759182611472,0.3514062902169214,0.6459186979310347,0.5996916285270953,2.57347810639779,0.3
0.18022388947815693,0.3674767077999675,0.5636636091981849,0.6103647665398297,2.3305555174559256,0.3
0.15018534690550947,0.3468006173106626,0.8442995165294144,0.6165471390397085,2.4388592427000075,0.3
0.17308895909393907,0.35135980333818717,0.58573124505503,0.5859349667283633,2.7816198796073413,0.3
0.13210124597528694,0.40211747284010213,0.6613029780210228,0.573271128976749,3.11455229652946,0.3
0.17071640745106204,0.3566751691791182,0.547831610943859,0.5736744618736092,2.9967738411824563,0.3
0.14668969667046047,0.40893705200917124,0.6134791633363165,0.6025346051446426,2.4876695575493195,0.3
0.12606076530269844,0.40421456491090857,0.6834140209444063,0.5767965224490387,3.0447365445034613,0.3
0.14814222095273383,0.42647390636406357,0.5831539905582448,0.5787955085895196,2.8931033309658747,0.3
0.20740994155300718,0.3548647949018613,0.39617330916441473,0.5832299828672708,2.6559253129299707,0.3
0.13770520258193977,0.3961194801483836,0.6993973879370341,0.6163823177341796,2.3234101827519025,0.3
0.11294030922012863,0.4353178915654602,0.7619437045361932,0.5963324219919457,2.711611104102955,0.3
0.11553324328407999,0.42916641340932643,0.7403598897590201,0.583293398542251,2.9513173132339294,0.3
0.15108555129155582,0.41195364415156255,0.5858727999550475,0.5995210376785706,2.516969119620045,0.3
0.13016415406458617,0.41742950501630155,0.668166455059558,0.5880589376400961,2.794579111388069,0.3
0.15338905415412535,0.4120345593087093,0.5471476117261613,0.5737364393300933,2.981472275733397,0.3
0.15312856910581257,0.4012601721502093,0.5732393374902074,0.5893409792177137,2.693409673887844,0.3
0.15023608277465758,0.37590778547860343,0.6017089658213631,0.5751392027732396,3.010055393368191,0.3
0.1283258689268537,0.3879306635941789,0.7027500752367627,0.5855572577666743,2.881971169186114,0.3
0.1829778924209157,0.35752241106371385,0.5485331072964891,0.5966794824416937,2.544406334409597,0.3
0.13726692719729114,0.42484876389408455,0.6398001196010707,0.5875298566091749,2.7882962911972338,0.3
0.1926269235672671,0.36171605707769905,0.48989676952639866,0.596678075453005,2.5056207195244,0.3
0.16411552315951428,0.3807414853768634,0.5993428390982485,0.6098576035090474,2.3593230534976715,0.3
0.17546948985895944,0.3762327680908088,0.4930519613513407,0.5760106375213472,2.8711293034448677,0.3
0.1891527064219317,0.39789947496791583,0.42111091009270885,0.6011804000478269,2.3521631649708903,0.3
0.13922665466254083,0.38710515303348325,0.6847043489893223,0.6035399254636954,2.5294046893922486,0.3
0.17294864361126366,0.3825404112931279,0.4611229765692345,0.5640918611918544,3.117886966900221,0.3
0.11558094787790281,0.40712186213659496,0.7653506408051703,0.6008792360778644,2.635403565444772,0.3
0.17008606841924662,0.35720306340309227,0.5363494709944523,0.5663120671701347,3.135933945770721,0.3
0.17289692734474338,0.3561314732500084,0.5359404061386482,0.5723473307016212,3.0098683252323264,0.3
0.10844789988297261,0.41521483421332506,0.8366536282844186,0.60431671641494,2.6288016328789325,0.3
0.13689774305323765,0.40266450164551293,0.6389651025573604,0.5824046332706723,2.886379788059879,0.3
0.10859570457276362,0.42188038274686973,0.8139934579658424,0.6097530857300613,2.513693856173561,0.3
0.1511913175144211,0.35586094535457946,0.6679203253468093,0.5840932078780682,2.8886570563662324,0.3
0.1463862990541941,0.38095982759303565,0.6396985245572842,0.5906751183115475,2.7305722550469396,0.3
0.13001364987092148,0.4131780028453722,0.6653705886797604,0.5818650268426003,2.916326252796429,0.3
0.1386445400394997,0.4102914390455842,0.6543008829551563,0.6064331871041051,2.4525653356550836,0.3
0.1220493922421475,0.3864872625768971,0.7419491187685563,0.5878112419226521,2.8708751783660684,0.3
0.1271026239499178,0.3750871068847686,0.7224630349242471,0.5791229814590892,3.0378862409456153,0.3
0.12500149676394245,0.4242763783020966,0.693143053722107,0.5899019881169328,2.777630775317639,0.3
0.18883409798375048,0.36673239140377867,0.4529993669720209,0.5829236530017253,2.7121355732182466,0.3
0.1555267238791582,0.37106513290550597,0.5985554682962845,0.580699121735578,2.8912855996581444,0.3
0.12236482208602852,0.3832234387689795,0.7472160653344058,0.5839668557902108,2.948643597719878,0.3
0.15102431056102386,0.3996020154080576,0.6197658393460441,0.6106490613126926,2.359858090928361,0.3
0.10975686810061382,0.4061266949642202,0.8058406880247925,0.596315694540572,2.7531314524780903,0.3
0.10726304466737678,0.4289871164532634,0.8051551737002053,0.5763242853323821,3.1658859204677343,0.3
0.1516748914511376,0.3810605080746324,0.6354815463296714,0.6008512677733638,2.539497188756216,0.3
0.1813429184154779,0.3654872274869461,0.5340818694473254,0.5957289284547814,2.541033427652068,0.3
0.20314566674038925,0.3838336091953425,0.3526779890125097,0.5902573573716883,2.4705588824648106,0.3
0.17155140071290295,0.34972621245432634,0.570790152666266,0.575686057897844,2.977725895283836,0.3
0.15455315908072215,0.3608910658610081,0.6310370194245964,0.5815478390606361,2.908664896184354,0.3
0.19967057813472888,0.36321033946250636,0.38759629511281973,0.575756387131537,2.7880895364653897,0.3
0.10574967710966185,0.41679068694281823,0.8234661984532158,0.5799172869019077,3.1057466913546143,0.3
0.1301416951305444,0.3872927857936683,0.7355050907556353,0.6073061732085518,2.503297417447709,0.3
0.12582611745140193,0.3909460027128214,0.7421146349728347,0.603602699323356,2.5721031547866846,0.3
0.13290552995538762,0.4028209471565143,0.6547097246789302,0.5798448121943293,2.953281067201397,0.3
0.13112800605931865,0.38914256834649597,0.7434589618079657,0.61577446683894,2.36887556874864,0.3
0.11492554387582206,0.377458020304605,0.8014437106721909,0.5798955457383215,3.099066620907469,0.3
0.16366314856963796,0.37739181686446294,0.5512334551597423,0.5831511276741794,2.796663084648604,0.3
0.15006329830179202,0.392607016169801,0.6477455509036101,0.614331399431271,2.3184009651767896,0.3
0.1268461145459336,0.3905930659710852,0.68983073494424,0.5751400275282227,3.091268367265808,0.3
0.1429341884668286,0.3739667089605712,0.6774778665433017,0.5924038910943147,2.734968259109741,0.3
0.1322378878324994,0.38000705262211193,0.7514093421563187,0.6105075844142301,2.4620255529071526,0.3
0.12629586312551558,0.3646528604525812,0.7502459729763791,0.5769879140044221,3.1167694461544078,0.3
0.10729660452380137,0.43073804606222715,0.8029802116285987,0.5889676095343978,2.8890780858747416,0.3
0.13286439731569438,0.3819345513276761,0.6798995051485245,0.5784846203153898,3.0154908537611402,0.3
0.1463927530431029,0.3847689867656238,0.6412010802725865,0.5954977078061658,2.6382367014545682,0.3
0.11124111686403212,0.4032010587733017,0.8061408844030848,0.6001645633063664,2.6827934502042363,0.3
0.10579860211177042,0.40872059352223883,0.8240811865574487,0.5758293835667195,3.2021640622422227,0.3
0.14416495335584012,0.3789000287291528,0.6543737384232078,0.5907240739390242,2.7406520590143795,0.3
0.12347294945320095,0.3679127861583948,0.8149777250418059,0.5917075045535021,2.8664223144123127,0.3
0.11662142933882283,0.38324530784036315,0.831473056410949,0.5969581966306251,2.7690286830880306,0.3
0.13513334064074145,0.4220284265594838,0.6505766135415809,0.5966968547692854,2.6161256870885015,0.3
0.10793727824788463,0.4050383958104149,0.8217990838643368,0.5897952590826999,2.898273646671673,0.3
0.12594245550650413,0.38140524165919676,0.6996757223846964,0.5700953468934512,3.216765768806931,0.3
0.14880858060313953,0.3843273490236354,0.5960348635768056,0.5762733223687464,2.9822580215581875,0.3
0.12421001716478992,0.4040078058419596,0.6851455546754217,0.5687809001258998,3.2276878425812257,0.3
0.14204241581365362,0.40477963670459693,0.6219014005403294,0.5892032237286363,2.7341210680673993,0.3
0.14446636869042917,0.38225536609514016,0.6409962386729964,0.5862196482823102,2.8238116913939093,0.3
0.15175346363989348,0.3841251384270977,0.5932862427735048,0.5819321669957275,2.8552941433083068,0.3
0.1227874184981862,0.3960917580533478,0.7136043838028381,0.5823371136976138,2.95666551807321,0.3
0.17729951008193715,0.36752797756139055,0.48002421133930245,0.5708144728919599,2.981621080395455,0.3
0.13950066507619124,0.4120191251300889,0.6303987067631031,0.5911931116260858,2.7016475379537046,0.3
0.14184349287562867,0.4067215012345392,0.6290588840958561,0.5956261091916945,2.6207974189595236,0.3
0.14786154077589814,0.37789346401076973,0.6061035734026675,0.5735824952175119,3.0492696395119836,0.3
0.11829576274153894,0.4059619612819113,0.7262589071896541,0.5812530215625039,2.9881587874082416,0.3
0.11646207795442877,0.374815615597538,0.7709098352106288,0.5716895598555424,3.2521692212162443,0.3
0.11092368692056188,0.4133035073449264,0.7777419361977498,0.5923566836038836,2.8033764087178197,0.3
0.12460185158767068,0.36574497496698505,0.7753082513820826,0.5834043377681121,3.0000011083337914,0.3
0.11680244452418027,0.3825425645074864,0.7493783653861837,0.5712731798256501,3.2400472040677966,0.3
0.12948995909296443,0.4079584388130381,0.688605097119076,0.5982121279730283,2.622280433541916,0.3
0.14287605525245067,0.39056551020546526,0.6397326029625798,0.5916659431428556,2.708170511128202,0.3
0.11175308792980132,0.40056408287928336,0.7753672210314532,0.5837434106185775,2.9847550891318537,0.3
0.140680603869269,0.3923121389230643,0.6479795298165176,0.5921980956581301,2.7045363513941227,0.3
0.1337858688898378,0.3827664272518546,0.7048546552737253,0.5957017005057847,2.686636010166358,0.3
0.12804157749576703,0.3763469230859898,0.7465356505917852,0.5941185897084054,2.754128008458346,0.3
0.14100251111406106,0.3917405188773343,0.6489921984037443,0.5927071118369338,2.693124469225658,0.3
0.1285395159167014,0.40272165115052355,0.6729308028636696,0.5773677272749119,3.022676671680239,0.3
0.1755232554153537,0.3664032920607235,0.4817839251281324,0.5668014033637319,3.0734983795639064,0.3
0.10579343690857189,0.4183785046929993,0.8220743136223909,0.581052771413469,3.0787329495484377,0.3
0.12715202805928189,0.3824328672363413,0.6990214003674161,0.5731996142566752,3.141018504418892,0.3
0.1096959552789318,0.40364281440736455,0.8339092457421189,0.5971744126389223,2.7642201044229058,0.3
0.12614649542812448,0.39288220852030004,0.7057831836640016,0.5847124033552334,2.905196245283067,0.3
0.16318203901254522,0.4002575843107542,0.48954246076250674,0.5618456459170883,3.1853095306740347,0.3
0.14784311884738421,0.3748974195252201,0.6107050567867652,0.5724344687328358,3.0753055749041773,0.3
0.13470870685633893,0.4239932811628366,0.6488965941995827,0.5927879339662624,2.6862438068373033,0.3
0.10814884508758327,0.40931363017414313,0.810708053015238,0.5931324196534744,2.8195250117115673,0.3
0.11792144270380094,0.42234589329750394,0.7311901687216243,0.5905004877020975,2.795744189180098,0.3
0.1393072310285912,0.39640040143088123,0.6541898062840792,0.5959719093425462,2.6382644582731474,0.3
0.11281335035780264,0.3808456424071623,0.8190259616441015,0.5794155801652986,3.1190264309739915,0.3
0.10638142741351841,0.4171046322412952,0.8253956910755418,0.590287010410275,2.8878402369580174,0.3
0.11922077361215695,0.42704480141790085,0.7316809109358248,0.6032224364951998,2.56005171362997,0.3
0.10917222516507119,0.39574385740904333,0.8084159105300905,0.583206799794264,3.0256266030605525,0.3
0.1063017625001535,0.4067637256369693,0.8259297583668825,0.579624084157882,3.118565644106198,0.3
0.14063274169502435,0.3935204254023317,0.657297514997214,0.5985758688411799,2.592817942800063,0.3
0.13298050957204166,0.3923413351115802,0.6682552077950678,0.5812354365153815,2.935552104161748,0.3
0.16424835504232121,0.3899576459231004,0.5044091333819103,0.5709995120280755,3.000647585117631,0.3
0.12735219499873168,0.39306822069044944,0.6905025315797481,0.5768945342750368,3.046098672612417,0.3
0.13855789570741198,0.37722207671361085,0.6672128318921166,0.580511227699001,2.964537557014371,0.3
0.12723446778499878,0.3957860581791074,0.7096831828848237,0.5911812853901431,2.7818360449567106,0.3
0.12129998933367507,0.37522532756824345,0.7677057586477901,0.5769387662607464,3.141767650660477,0.3
0.12339567257994859,0.3932272321099858,0.730742479843468,0.592749589678568,2.762523279497665,0.3
0.138447300408063,0.3791388940772253,0.640497031121231,0.5678157174577282,3.21940631180729,0.3
0.1192582986963631,0.3859334280581316,0.7305368383502395,0.5718892472662332,3.206621967697349,0.3
0.1463756902095809,0.3955144412712653,0.5997833396599886,0.5809928344613167,2.8797573068512823,0.3
0.15079675162370443,0.37768229455193125,0.6268828873129079,0.590603538594581,2.717386292793824,0.3
0.11054545190659898,0.3900059500240769,0.7847429832259936,0.5740097361784081,3.20911260774801,0.3
0.14087624144781138,0.3943489903081602,0.6350010936811563,0.586508278855459,2.8027945126505136,0.3
0.1265027428014881,0.4051612120770679,0.6951784637081294,0.5894199341958388,2.792345552075375,0.3
0.1312735944249874,0.38777121312131924,0.6926289155434411,0.5861799425686228,2.8670725485126547,0.3
0.12346361263222143,0.39690107262483854,0.7080614060639842,0.5813990681281362,2.972426843946684,0.3
0.116746849927253,0.40102810506314907,0.7276705597668999,0.5713932072561343,3.2101459061013133,0.3
0.13496403046118446,0.41329726763402985,0.6425337432877957,0.5830184625485577,2.8751148839692955,0.3
0.1405971798033891,0.42167350171056717,0.6099510891417108,0.5695785338872175,3.1232597710234646,0.3
0.14513699696560467,0.3828286804479375,0.6383690586611872,0.5889685685176769,2.7598938013578787,0.3
0.10617298749675907,0.4213728501246605,0.8250180086602182,0.59034331857287,2.884359890412956,0.3
0.13282140306346568,0.3938375485888322,0.6798166132529395,0.5905534030292732,2.761652613784817,0.3
0.12845361335416114,0.4151752695225394,0.6810907150162908,0.5923459432508832,2.723757494834639,0.3
0.1314715822491366,0.4050412129351323,0.6505496810070144,0.5694700670875102,3.173970275803314,0.3
0.13404468072289089,0.40326071604489844,0.6552415253293089,0.5850855558203982,2.847594425035228,0.3
0.1324602848638594,0.3930938310342948,0.6594127466594569,0.5748750534402912,3.0672865445737822,0.3
0.11758377783541195,0.42525063925303297,0.7308706463559884,0.5903582101160482,2.8008134273315206,0.3
0.1086099080383733,0.4247210346434118,0.7876436056956447,0.5903708975366305,2.849505143985031,0.3
0.13389643303979507,0.3979787612727782,0.6453433152479303,0.5726576480721487,3.101026167627306,0.3
0.13379276702147427,0.38595038839389384,0.6804653388101973,0.5859166674828483,2.858031355233749,0.3
0.10839253956606718,0.4044870573452198,0.7970992515077676,0.5835721589015213,3.0035210347305505,0.3
0.1408174136630408,0.396478265284728,0.6269394634531358,0.5825346939616673,2.8731760842843754,0.3
0.12139905432623146,0.41341283666485645,0.7133836888975683,0.5889870761755679,2.8156667186633237,0.3
0.10643447429812064,0.4166543797984889,0.8291361120763356,0.5902826512047336,2.8909168983109,0.3
0.14257669225299194,0.38396502734090127,0.6256379546539604,0.5761735545208448,3.0118249201988077,0.3
0.14135298424219664,0.3809358837869733,0.6455638650438228,0.5813782469436292,2.918277955932546,0.3
0.11510024269277859,0.39398470987486955,0.7507668917687763,0.5768699064474231,3.109208832531878,0.3
0.1167434477392576,0.3888751580753094,0.7708095373398508,0.5878539526738528,2.8922656948130414,0.3
0.1201088733713562,0.3913617021039136,0.7422061592098397,0.5871027318620768,2.884193503639943,0.3
0.12080947405776406,0.42118665437919633,0.7147754609666698,0.5907061950489351,2.782132646579125,0.3
0.13603245411966006,0.39973083989499897,0.6593732487133591,0.5923957504447555,2.708664726074396,0.3
0.1231455426943954,0.4033594908111618,0.6982445441067128,0.5766803393108466,3.0613191012077947,0.3
0.12585598332054107,0.4112669200474788,0.6955092593366505,0.5917558743915565,2.747183865590044,0.3
0.13279051630856792,0.4133997531072121,0.6534421666013199,0.5810267772672275,2.9192456480963522,0.3
0.10971608724527089,0.4037479746743457,0.8025129171449765,0.5925515076256272,2.8251576188543126,0.3
0.1158300142239117,0.40643815672983313,0.7471911115759837,0.5880757317331312,2.8662704805654347,0.3
0.1346369730547441,0.39986634890661843,0.6658685517533183,0.5924902531153996,2.7120229825538686,0.3
0.11960477206020745,0.4223192509104712,0.7219557178818079,0.5924879862398946,2.753035691049793,0.3
0.10828212361131753,0.40984390177069163,0.8154782160633293,0.5959657117722404,2.7680447845578997,0.3
0.11548290974213664,0.405714713928543,0.7376291690062441,0.5770870528784467,3.089084395064138,0.3
0.11855063551237585,0.395639983484507,0.7531294412119026,0.5927460333991685,2.7817742794575144,0.3
0.11292640597333889,0.4073520830679897,0.7481454736201915,0.571336804663221,3.2331069949491584,0.3
0.12134873099804618,0.4155954457874898,0.7153787710867431,0.5920526474660297,2.758900778485302,0.3
0.13088377006005467,0.4100576527035167,0.6638276134861025,0.5819730106259576,2.9203579381018265,0.3
0.12254567668491045,0.3960755737382109,0.7255171945619021,0.5891134200466341,2.8264171831871043,0.3
0.13886645188884764,0.39297366139205914,0.6418499537536348,0.5833596059008868,2.874616038378178,0.3
0.15357652100823377,0.3838111410177933,0.5813226062014623,0.5801399134385463,2.8822340812753238,0.3
0.11749374565324988,0.39898352121943154,0.7457823446124565,0.5875078109198419,2.8767830071477483,0.3
0.12304011682459981,0.39908250294859066,0.7203906527828561,0.5906793752772518,2.7925482951018763,0.3
0.1271484437945345,0.42699227168547826,0.6837174660544126,0.5914917692706568,2.7381891696439244,0.3
0.11066690630503441,0.38970544230864884,0.8063723613615282,0.5814962449370704,3.05990250353124,0.3
0.1057619696109185,0.41882082648449476,0.8183310002159749,0.5778208821098205,3.1464891709664893,0.3
0.12886669865449546,0.38891345241451714,0.6936475595050667,0.5826360822038132,2.9347168216303103,0.3
0.1184362769844605,0.3855080569074343,0.7403646925410383,0.574548282211152,3.153547743820951,0.3
0.1089437814967774,0.4003163781737083,0.8056978868687097,0.5862932272382789,2.9561442711329065,0.3
0.12558667868879794,0.41294786168770614,0.694773549192638,0.5909385837115582,2.7629579997991125,0.3
0.10705622823836464,0.4106352921553234,0.810037242652535,0.5866674206053978,2.9501300736757665,0.3
0.1330598980066102,0.39950792768809423,0.6681099163910655,0.5884968907613651,2.7903926623428066,0.3
0.11079960200188152,0.42320171938674384,0.7676601447658407,0.5842475043995597,2.9579244383594845,0.3
0.11031818203679344,0.40905441704139334,0.7688275623589589,0.5779379575275757,3.099006808606174,0.3
0.10965570884252822,0.40663587311899174,0.7749532259814695,0.5770101387526625,3.124245630365917,0.3
0.13497662841722952,0.37983360689622697,0.6758040694484144,0.5802298633668823,2.969477477184026,0.3
0.11211265717976843,0.3937378318956315,0.7933083210279763,0.5880251153990773,2.9101029960024962,0.3
0.11360526262583266,0.3942687043042125,0.7798822443036559,0.5883271907635099,2.8924098799877473,0.3
0.10776471810773006,0.4006594221729145,0.8207533527987072,0.5835832665957899,3.026483741587175,0.3
0.12454656871318479,0.41288610703522693,0.687869452923964,0.576980896784061,3.04182006454654,0.3
0.12117734248298533,0.4073217943645209,0.71421677862919,0.5849535390074252,2.899621988069457,0.3
0.10937402934027335,0.40002354274303054,0.7784636120500933,0.5739013561400953,3.2019780003203553,0.3
0.10765900772050363,0.39756831828824074,0.8147144510851293,0.5780992592446639,3.141053410441923,0.3
0.11987196960428421,0.39001115299280315,0.7251013594781327,0.5743146062223485,3.1435211441624165,0.3
0.11935725235393588,0.40517433507826645,0.7156896302617772,0.5757323884869503,3.0997271290943895,0.3
0.10889693542317802,0.4083401397594438,0.7849089066950734,0.582111333389664,3.022852232709024,0.3
0.10731000319063479,0.41663890374900475,0.7978562489271434,0.5823955748810752,3.0299806165433067,0.3
0.1133563661103399,0.39095402411218055,0.7580838123478886,0.5717464023421738,3.234666309575981,0.3
0.12030262490575463,0.402841021821052,0.7270920106828411,0.5885601243673102,2.8389491100259097,0.3
0.11148476173768393,0.40838135587294466,0.7708339425532592,0.586775191344753,2.9121796036883283,0.3
0.10701237335937464,0.41878184374552935,0.8088687092940883,0.5920788312395548,2.8357840671327303,0.3
0.11952085366959092,0.394719419658294,0.7514941765717256,0.5940047481596413,2.756818224001167,0.3
0.1062484222142689,0.4063454803488587,0.8226049007129337,0.5783169224332136,3.1418752100912006,0.3
0.11279999860088652,0.39735684698535567,0.7834028419146991,0.5902953286439991,2.8549336234103,0.3
0.1215382805328031,0.39685523513766974,0.7270858150497173,0.5869160880786509,2.8778109500576727,0.3
0.11999551821228352,0.39626914190947293,0.7340179472133049,0.5864191902290997,2.8894599011629083,0.3
0.12109002579921803,0.406140564654043,0.7061400265216852,0.575658846253797,3.09029748412145,0.3
0.12024462396835356,0.41412075108224305,0.7190670171658577,0.5891418785751261,2.8171175483291346,0.3
0.12099484723647018,0.4062222692430132,0.7177040566428071,0.5864895139897509,2.8716744140455437,0.3
0.10857993712573857,0.40093253506412924,0.7904087237765044,0.5778112313195456,3.124349336462921,0.3
0.11709246240915018,0.3997340416611873,0.7396987745598153,0.5823441729316263,2.979232691990063,0.3
0.12724380039504274,0.4126035234300962,0.682018757765384,0.585818520603564,2.852491022082167,0.3
0.11424325956359202,0.3933420025357278,0.7634733486163107,0.5802382397919422,3.0509719905485944,0.3
0.12227696654107524,0.41166247311470205,0.7100536690528243,0.589075069687678,2.8116802719989282,0.3
0.10671242619943631,0.4199191167082237,0.8025563437093491,0.5792552907282579,3.0963988560019544,0.3
0.1165337042191274,0.41331159296156306,0.7333305560866522,0.5804442667655365,3.005968982754309,0.3
0.13359334258953243,0.38564818276381835,0.6675129508636305,0.577483160023765,3.0205784802832856,0.3
0.10626191448081145,0.4292751018157823,0.8228392585270411,0.5869748535589303,2.949679589616503,0.3
0.11083474411285316,0.4159017157476401,0.7719833369350374,0.5889003563151276,2.8683689030978887,0.3
0.11111220920928637,0.42463792360024527,0.7671738771188494,0.5872994419646005,2.894068004493005,0.3
0.1129159237264366,0.4150172122705399,0.7538240493268763,0.5827394754771048,2.978220001928174,0.3
0.1326937929273093,0.40598476795002775,0.6603391141186845,0.5848660741473655,2.85064833706707,0.3
0.11263376215831583,0.41229378181457854,0.7599431501679981,0.5861285599439503,2.913422436316965,0.3
0.1070927688313385,0.40915215209803063,0.826998047599817,0.5890192318245623,2.916782396455091,0.3
0.11287410782951034,0.40308444513250685,0.7616444024786401,0.5826211700983125,2.9927641585873905,0.3
0.12187624996885667,0.4029747235565975,0.7119291356050307,0.5830133921980336,2.9394148067121635,0.3
0.11831997992409563,0.41261406337377277,0.7194495028239476,0.5768654495766332,3.0747543917521667,0.3
0.10751897936296269,0.4279102025703783,0.798170010655749,0.5767557725991891,3.1483611496221657,0.3
0.10621298118461323,0.41840510137736747,0.8268806779041971,0.5889979154827067,2.9142015998525745,0.3
0.11012642874235977,0.4230168352462307,0.7696596121071009,0.5747130510541169,3.1681663633704056,0.3
0.10974334930581181,0.4073026615409757,0.7779050953357491,0.5809702037203588,3.043291283101371,0.3
0.11325877821057695,0.40634685867656767,0.7496595030219733,0.5748997601864037,3.1530836260839292,0.3
0.12464788846220268,0.3981669226625144,0.6957300461407016,0.5751770890156187,3.0881882180954707,0.3
0.11184732587471988,0.4169429117990939,0.7587398938515527,0.5800950093026702,3.037936701746785,0.3
0.10625446166071999,0.4154655362183841,0.8241316103774917,0.5873659504565093,2.946317598335389,0.3
0.10593756650401819,0.4200498241559449,0.8242959636928286,0.5850391124171269,2.994779883647438,0.3
0.11886690776582672,0.41425605061922455,0.7171415059950288,0.5778547809697802,3.0495105978465427,0.3
0.10880454720189456,0.4212170700660959,0.7837780738437427,0.5867749261469809,2.9204854522864956,0.3
0.11666348682801769,0.4079483887496053,0.729840826298185,0.5767503291472478,3.0902003495099666,0.3
0.12363821498795824,0.39732697877913853,0.7065781505244467,0.5813746912325661,2.9697642379062774,0.3
0.11425166724522844,0.41076707390186484,0.7563874117925542,0.5910342027868831,2.8119855319329736,0.3
0.10576355373811512,0.41719439382469137,0.8229685289457936,0.5803060002579778,3.0961519776243867,0.3
0.10586120207857187,0.41982629069123334,0.82076523425592,0.5737560486879851,3.243796691371166,0.3
0.11164704845596611,0.4060513650347479,0.7770000257007456,0.5898829471927857,2.857199720933577,0.3
0.11676384511275328,0.41892620493426885,0.7289856148785516,0.5787712383092735,3.0389658150120344,0.3
0.12775844681432355,0.39601975063469125,0.688779688423198,0.5814653182336191,2.949182638359684,0.3
0.1143067997265943,0.40901485245847835,0.7511920337696999,0.5857692348612199,2.9159762934960307,0.3
0.11427372386804856,0.40827544657395637,0.7438576651239875,0.5777289230657158,3.0799445739983007,0.3
0.1111436416359472,0.4005394764462668,0.7760335827648405,0.5821158568272367,3.017678069421573,0.3
0.10580871061582281,0.41572553337408136,0.8234461087149837,0.5809862272462076,3.082188090242249,0.3
0.10612556427880517,0.4155796542161905,0.8140160388918467,0.5810092856428472,3.074913189989943,0.3
0.11392462866731602,0.41058019024507203,0.7524835462251418,0.5859053575351333,2.9133052994947772,0.3
0.10854705453135038,0.41757038667857804,0.7868092194406997,0.5867516969471925,2.9246048317521565,0.3
0.10893316127989465,0.41786436146223366,0.7847558271471274,0.5882484073127966,2.892108498058675,0.3
0.11263246944037178,0.4155727653087389,0.7545282680510573,0.5817986586549535,3.0001425000376996,0.3
0.10579513261854206,0.41824382456992587,0.823350533197938,0.5805133963999839,3.0927068095555668,0.3
0.10853836185445065,0.3944556696546029,0.7967448762933592,0.5746674983188955,3.204457954247678,0.3
0.10615511574016871,0.4223303172158647,0.8131310970863984,0.5832078737410555,3.023042293907028,0.3
0.10564461641049805,0.4151347691610032,0.8209441074462825,0.5769063828041922,3.1709450530457013,0.3
0.10951010251706182,0.4184700271740603,0.7757094019819379,0.5796881900695663,3.061210998934731,0.3
0.10577774318446935,0.41923716695597063,0.8185129978028994,0.5779893922613624,3.143349314907006,0.3
0.10809456683350467,0.4069949639246923,0.7876733403182947,0.577610824423031,3.1246399699944245,0.3
0.10576268471215566,0.4119024723107311,0.8213688072746529,0.5773035642938188,3.162260406587213,0.3
0.1071764893752639,0.4149611314760517,0.7934911702523667,0.5782787144421089,3.1133827764165347,0.3
0.12024932737567452,0.39181578730923783,0.7253317806785953,0.5774768140585297,3.0735071816680746,0.3
0.1222905329969346,0.40627296182315953,0.7087840750498419,0.5830992071133986,2.929833961758686,0.3
0.10788403194525344,0.4132415882588306,0.7854522515318602,0.5763216428507837,3.1509221323050833,0.3
0.10968698979328072,0.39702365507784465,0.7853255694660586,0.5772105455281197,3.133809433544891,0.3
0.11170443030863776,0.41275231504494475,0.7573283367552742,0.5766868510440397,3.114150097841564,0.3
0.1219343081573977,0.40729744860160494,0.7063599087076151,0.579946325301664,2.9941649988867987,0.3
0.10770697297356914,0.3995164747104899,0.7982697429151028,0.575467472032057,3.1851417206284607,0.3
0.11092454761867068,0.40069572183403646,0.7720272731449926,0.5784302707444277,3.094091180789469,0.3
0.10851050751744701,0.41546924972007504,0.7829091856085463,0.5808992261998726,3.045976311001458,0.3
0.10829119757003959,0.40378595770102405,0.7830444101679649,0.572999496506669,3.2278290479204985,0.3
0.10946833668177226,0.42147310652017256,0.7769956425153973,0.584215644791262,2.9675472672812035,0.3
0.10750897328551964,0.4146572644703017,0.7925856733249775,0.5811415616994682,3.0501319903160504,0.3
0.11101627676365128,0.41750840421522606,0.7609737646973365,0.574607110521742,3.1647622835682303,0.3
0.12119850515541464,0.3985372774823171,0.7204500677916816,0.5833948199514722,2.9411491517703987,0.3
0.11535745090322166,0.40905227962889645,0.7438364826637106,0.5845664233764669,2.933137027285299,0.3
0.11070827849825908,0.41176380299396426,0.7692780685714993,0.5826759795748353,2.99509371217077,0.3
0.11252570278171338,0.4108586584165602,0.7616556048931197,0.5860813876638843,2.919902279355445,0.3
0.1135942262858882,0.39419359466995724,0.759232392471875,0.5748842212549744,3.1586196669854694,0.3
0.11387556235697587,0.4138181100630453,0.746388283655389,0.5803642327113647,3.0238640978458893,0.3
0.11416197012264057,0.4217013179019902,0.7435338208299513,0.5774783558959526,3.081454750615695,0.3
0.1056369737186126,0.4144519989047316,0.8232883305036296,0.5767568044427068,3.1771920841645405,0.3
0.11038943100801497,0.41890115647090165,0.7672890976832196,0.5788613035908853,3.074125190912008,0.3
0.10976918459211521,0.4052385639530477,0.7728865297516534,0.5755811150165825,3.158006607639903,0.3
0.1057514442214596,0.414669620357202,0.8238820970666344,0.5793796648297378,3.1184393582821275,0.3
0.10758625936316239,0.4128261125629999,0.7937633116948444,0.5822081244227767,3.027975392001179,0.3
0.1057937608467207,0.4109008214687205,0.8207695121249219,0.5776019698415655,3.1573861593938717,0.3
0.11169227944503868,0.4165505496969082,0.7610543504059276,0.5825308719787192,2.988687859742483,0.3
0.11278841043902117,0.4150597927859058,0.7519851367256293,0.5787484072817566,3.0653728173017214,0.3
0.11344386393379881,0.397549680687077,0.7506745152064487,0.5724034606154372,3.2098938675900293,0.3
0.10747263504295915,0.4098661727164779,0.7933623889262922,0.5791093926970978,3.0963987274693423,0.3
0.10985879247129547,0.42078538207942895,0.7718824249502179,0.5798160885665489,3.057148627316283,0.3
0.10876409312486193,0.3949943639904183,0.8030943816252564,0.5787697098520445,3.118189594486978,0.3
0.10855893437227584,0.4036404408219222,0.7838514429064519,0.5755845356085288,3.16832425216064,0.3
0.10797422015558153,0.40037279051441116,0.7938934136799088,0.573226494943494,3.2293047367567467,0.3
0.11530392762042434,0.4006923983012972,0.7408068145365735,0.5750465609883135,3.142250669141254,0.3
0.11293817457172478,0.402750321878259,0.7507241426144655,0.5733830103493153,3.186213745101198,0.3
0.10603070691255684,0.40944409783420593,0.8206041310197238,0.5792758098396337,3.1181723682600575,0.3
0.10700251580480015,0.4181169132394949,0.7982703858370958,0.5821754979393277,3.031035983109553,0.3
0.10621782248194188,0.4068172812359809,0.8090839544146864,0.5735626926544506,3.2358579354167794,0.3
0.10665936098936844,0.4149197516742179,0.8022108708975668,0.5809857938724521,3.0625366438335475,0.3
0.1057810580633366,0.4144424148025337,0.8233523984200678,0.5798821382965105,3.1068504763366365,0.3
0.10796347030997039,0.4082400492208263,0.7838583204587527,0.5737565242461479,3.209014690998889,0.3
0.10568319727030623,0.4162121200379019,0.8220413827503686,0.5779268876457767,3.1492508851962504,0.3
0.10557604369847513,0.4135849507953603,0.8202341007793134,0.5750141353575,3.214576359467733,0.3
0.10647449084265093,0.41508118000623107,0.8027766777938735,0.5791263651081285,3.1034595783727963,0.3
0.11092072907465328,0.4007757392696257,0.7706913076860661,0.5774986921949953,3.1135567959093757,0.3
0.10569215919088155,0.4165983998590038,0.8175397610609734,0.57659518949514,3.1740605593644915,0.3
0.10659904325877413,0.4158770913011544,0.8041764221241029,0.5823008564723875,3.0345865280289686,0.3
0.10569738725639523,0.41060911988691245,0.8241006782473692,0.576048129934829,3.19477746768355,0.3
0.10800660323776208,0.414319697728264,0.7823934224857046,0.5734783012007101,3.2112585096582045,0.3
0.10571869332088854,0.4137573620730752,0.8231956609546489,0.5783908667201194,3.1402020784984517,0.3
0.11159291412512261,0.4054611520894569,0.75838394528117,0.5739063572773818,3.1797126818583683,0.3
0.1070894020420231,0.40543467876736794,0.8007753052355202,0.5778673742898569,3.133222272742691,0.3
0.10965175042807307,0.40092507727573534,0.7745999794571113,0.5733927879124777,3.2100294767837254,0.3
0.10975203213781608,0.4102620250434352,0.7751301986304917,0.5806325418605986,3.044550986890975,0.3
0.10571236974575222,0.41491790349060265,0.8211305225903357,0.5785862436536415,3.13348227827346,0.3
0.1069919666489124,0.413527622593667,0.7968386022232677,0.5793318233756114,3.093694343028125,0.3
0.10578224969717286,0.4122565969367613,0.8197908207986011,0.5784062070926087,3.13687054444426,0.3
0.10743824233075963,0.40851580945096844,0.7892826000633181,0.5743017437320995,3.2019345174249074,0.3
0.11092334377775251,0.40204187447450956,0.7643462701804684,0.5732215047134304,3.2024657416310403,0.3
0.1057466037611095,0.4078670141004451,0.8161217229924015,0.5743337749825441,3.22773687539632,0.3
0.11012973165144968,0.40932142715362335,0.7685378469228543,0.5762886023092919,3.1355689102401922,0.3
0.10794275148493182,0.4146012297662573,0.782660698875967,0.572862045380821,3.225928840446858,0.3
0.1056661582239044,0.4157271601612208,0.8159925498613702,0.5752759492947417,3.20336027322198,0.3
0.10736566045740256,0.41169849179817963,0.7892577739839437,0.5747536482456918,3.1901319001804573,0.3
0.10800573935062316,0.4011293532287522,0.7939601628349984,0.5766550830288352,3.1548949821045404,0.3
0.10576319029968037,0.41039169284435667,0.8225597778878252,0.5771851672190059,3.1680126057392184,0.3
0.10683783169015884,0.40599165022074096,0.7972025641499585,0.5737614114989068,3.221465850428907,0.3
0.10752769559157778,0.41303756415420967,0.7893627958128356,0.5771861435350829,3.1343981033846955,0.3
0.10672935383062752,0.4168789569764777,0.7992936433915401,0.5792564617490787,3.0966734357085324,0.3
0.10865887705758555,0.4143849925858905,0.779448574188326,0.5776380164749182,3.1146567190747017,0.3
0.10645201417664173,0.4156595434641564,0.7989221354223359,0.5731593455017846,3.2355325060212654,0.3
0.11019008002941112,0.40969517785798,0.7687186411140501,0.5769434105194851,3.119859063516765,0.3
0.10732388801988675,0.415754428210994,0.7917564282732086,0.5780804273071556,3.1161691050160534,0.3
0.10763628035302787,0.4098631426258108,0.7853660251200739,0.5725782949443287,3.2362678904685525,0.3
0.10554015151160799,0.41461660637878217,0.8203675754739824,0.5734102409237585,3.251235883700775,0.3
0.10628773098474804,0.41245114705838304,0.8009416977564382,0.573785203382829,3.2235428905484533,0.3
0.10612954905369357,0.4112739308785717,0.8037044627946999,0.573898084875613,3.223783456232593,0.3
0.1058714063804358,0.40976151997558874,0.8148956172962851,0.576740700756752,3.170686705028584,0.3
0.10777012514425603,0.4121925678801884,0.783957693314942,0.572134653338887,3.2437112332200444,0.3
0.10779313876693299,0.4154229581999003,0.7857843542204758,0.5759123991875889,3.1590325888409807,0.3
0.10690929259205989,0.41160604164456255,0.7937504064922035,0.5743540988374197,3.2035237929427915,0.3
0.10834912993312593,0.41200890670978346,0.7816291674376558,0.576555108663699,3.1414206727342937,0.3
0.1083699717187089,0.40703790490284025,0.7837705924378733,0.576296040978803,3.1498369938614954,0.3
0.10570265911767314,0.41473733075824115,0.811442050278987,0.5718501883212719,3.2782341608662615,0.3
0.10556778622228928,0.4129766875747472,0.817652779934548,0.5741282238841051,3.2323864462914997,0.3
0.10574087233258166,0.41174312070792707,0.8091414161042799,0.5722981030066596,3.2674209417501054,0.3
0.10644751771102534,0.4102317776578544,0.8030742606559758,0.5770119405647154,3.1523498824692378,0.3
0.10586579890903872,0.4116113812273614,0.8069897847246005,0.5726744453054263,3.2556046662891855,0.3
0.10665870967695527,0.4153278017101947,0.800397490639566,0.5793257736271146,3.096607623340995,0.3
0.10614133275322864,0.4134384056443158,0.8018574976761964,0.5716651762279644,3.2732731570344975,0.3
0.10643881669861045,0.4121526506446821,0.7975972894171917,0.5721747528070636,3.258057531145749,0.3
0.10575873155609214,0.41630528903083713,0.8151304064448508,0.5771809249510843,3.1586766069383363,0.3
0.10774351543392098,0.4128104324559851,0.7840122580781885,0.5725249194797751,3.235817037804178,0.3
0.105755005049851,0.410977621710808,0.8141766334482193,0.5755092954519268,3.198046481028621,0.3
0.1076772648664017,0.4109246076005576,0.7848321993158648,0.5727642832337301,3.231726598313166,0.3
0.10557783195326942,0.4109184064166416,0.8171319728959312,0.5737455857941071,3.2417855016799098,0.3
0.10679656769758976,0.41477786597380073,0.7944249023860149,0.5733575966817551,3.22623452356908,0.3
0.10617680384688079,0.4121343374857917,0.8035603840550887,0.574764664261843,3.2037355368707896,0.3
0.10554268180573029,0.4115843918301253,0.8161970957334052,0.5728766946179336,3.26060850393538,0.3
0.10605271560286117,0.41314030221553993,0.8051284550338638,0.5742886233175528,3.2165804050583042,0.3
0.10683922702210527,0.41381692637756895,0.7936521632381629,0.5731740139379333,3.230506582573958,0.3
0.1055607683834265,0.41241247005705917,0.8167181582058396,0.5735434269384782,3.245123224806008,0.3
0.10644557075729152,0.41030969209555884,0.7979074371635748,0.5718145025284627,3.2660996509296814,0.3
0.10555037980719971,0.4131471984827988,0.8207197790490265,0.5744277477465709,3.2286482308914057,0.3
0.1057646606405877,0.41074603629720974,0.8111470745926435,0.5740172583759934,3.229322329820326,0.3
0.10665020956518505,0.4160143924753452,0.7969514921177676,0.5740983776872265,3.211146813181364,0.3
0.10561478482995429,0.4129108466523111,0.8151623466295105,0.5738871879077336,3.2361553415855138,0.3
0.10555597107183147,0.4129077414922498,0.8209254387720669,0.5745711978992698,3.225655944746434,0.3
0.10570970956208053,0.4132555513916767,0.8126782527230555,0.5745522576221751,3.217345377266565,0.3
0.10568780549402013,0.40766966536700056,0.8162493375872906,0.5732323742536023,3.2528301046980115,0.3
0.10560978268949595,0.41173031595342624,0.8150705143052934,0.5737837273841688,3.238353493697671,0.3
0.10605983176355642,0.4162719934355269,0.8069639434001704,0.5762244461635712,3.1724319372129393,0.3
0.10608320282825627,0.4085511452975373,0.8049128584976042,0.5732826744590167,3.2407004323883215,0.3
0.10588297913114547,0.4135658834366451,0.8069968302377657,0.572759670856254,3.2528851305476905,0.3
0.10625518187389087,0.41582574119589844,0.8020978143268527,0.5738362201823005,3.2225109943831525,0.3
0.10613028828297956,0.4133427810750181,0.8024498880460235,0.5726676425542254,3.251155919985608,0.3
0.10636021654661289,0.4131582311651107,0.7996998927750375,0.5733214879984901,3.2323891238317013,0.3
0.10564543586228058,0.4124627929890842,0.8143697752509785,0.5742458236897678,3.2267227069123274,0.3
0.1055886358481151,0.41314690020403116,0.8142831318200157,0.5727674726954357,3.2611548906110657,0.3
0.1056213956685581,0.4133190385911395,0.8223254054872379,0.5762366920644985,3.1884376969611656,0.3
0.1055229226314167,0.41262227812037594,0.8211676204688003,0.5737063422445839,3.2461816837668165,0.3
0.10565146976203314,0.41224841348626784,0.812672775299974,0.5732156688049197,3.248590330451486,0.3
0.10560021143418521,0.41184774367450605,0.8145901333260395,0.5733309879844833,3.2486228243380175,0.3
0.10553519321190392,0.4130262470951698,0.8207400236579856,0.5740197799600759,3.2380962550925436,0.3
0.10553332127767932,0.41375660317801954,0.8187342083696547,0.5733360868265998,3.2516027386724238,0.3
0.10556939168149194,0.4141570470425679,0.8192359430324029,0.5744030751417407,3.2277784231339597,0.3
0.10553200938438072,0.41287255716253946,0.8175969508296036,0.5730957973874856,3.2562545223376413,0.3
0.10555286648348991,0.41227023199902874,0.821952043784822,0.5740869705840248,3.237359615746824,0.3
0.10553609136725418,0.4130579271810995,0.8178575449949892,0.5733791368739585,3.250153849712018,0.3
0.10557196366913735,0.41330901794091063,0.816058206362569,0.5734696146210135,3.2461187108982656,0.3
0.10554429575801179,0.4130770612795384,0.8192125180812344,0.573995980341886,3.237318179904543,0.3
0.10557315566651931,0.4132629723250117,0.8156653342589865,0.5732838399498852,3.250158815693276,0.3
0.10554669515776552,0.41231165466011505,0.818981905443127,0.5738837193409626,3.2401848514925495,0.3
0.1055199670592321,0.412046587698754,0.8219834659682721,0.5735197814531583,3.2511482617776046,0.3
0.10552707061614078,0.4128570565227185,0.8205204393187094,0.5737828884970212,3.243443221575192,0.3
0.10552948859795344,0.41298067153932894,0.8199177563512821,0.5737368110865986,3.2441495302852354,0.3
0.10552191783577276,0.41297460354614934,0.8200751410150718,0.573574431097026,3.2478232200152855,0.3
0.10553345585035305,0.413041207436531,0.821593326014997,0.5739975654131506,3.2396142093659424,0.3
0.10552945027344247,0.4126229173792091,0.8212392206370981,0.5738708615254291,3.2421011425205517,0.3
