0.0006982583723123259,0.4872550964355469,0.4636047363281251,1.0,2.713,0.532,1.0,0.966,0.0056,0.9
0.0001406056541816014,0.46007071833532165,0.46316188251948764,1.0,2.713,0.532,1.0,0.966,0.0056,0.9
0.00040836027774540846,0.4690526980692865,0.4633955137280209,1.0,2.713,0.532,1.0,0.966,0.0056,0.9
0.00046151205526762204,0.4486575108752078,0.4629316054284557,1.0,2.713,0.532,1.0,0.966,0.0056,0.9
0.0009445162076819909,0.4343927809577837,0.46256728173411293,1.0,2.713,0.532,1.0,0.966,0.0056,0.9
0.00025060301836979626,0.45501512790075793,0.463059214688837,1.0,2.713,0.532,1.0,0.966,0.0056,0.9
0.0006847351302444546,0.4888539302106665,0.4636434584856037,1.0,2.713,0.532,1.0,0.966,0.0056,0.9
0.0007883899824761496,0.4380880836333707,0.46263060687225743,1.0,2.713,0.532,1.0,0.966,0.0056,0.9
0.0006132137099388516,0.46798588123160845,0.4633921043365252,1.0,2.713,0.532,1.0,0.966,0.0056,0.9
0.0002211512867855917,0.45668935775756836,0.4630958557128906,1.0,2.713,0.532,1.0,0.966,0.0056,0.9
0.00038126512265099417,0.45040540822336206,0.4629636725776879,1.0,2.713,0.532,1.0,0.966,0.0056,0.9
0.0004476286392298775,0.45241812863969244,0.46302719116210983,1.0,2.713,0.532,1.0,0.966,0.0056,0.9
7.471530284042832e-5,0.4609651565551758,0.4631637573242187,1.0,2.713,0.532,1.0,0.966,0.0056,0.9
0.0009912636992589839,0.49124673195183277,0.4636718750000003,1.0,2.713,0.532,1.0,0.966,0.0056,0.9
0.0005089144381031089,0.45470137980139846,0.4630902331022206,1.0,2.713,0.532,1.0,0.966,0.0056,0.9
0.0006556247347850735,0.4405983398348995,0.4626940019420335,1.0,2.713,0.532,1.0,0.966,0.0056,0.9
0.0008894295578047268,0.5000824425369501,0.46396484375,1.0,2.713,0.532,1.0,0.966,0.0056,0.9
0.0007680772657663096,0.4633626937866211,0.4633071899414063,1.0,2.713,0.532,1.0,0.966,0.0056,0.9
3.6396053590808984e-5,0.4709056539577432,0.4633285522460939,1.0,2.713,0.532,1.0,0.966,0.0056,0.9
0.0007396377783270242,0.4881851936108251,0.46362243867078967,1.0,2.713,0.532,1.0,0.966,0.0056,0.9
0.0004066653092058598,0.4528844243750024,0.4630328753277945,1.0,2.713,0.532,1.0,0.966,0.0056,0.9
0.0009219220872710809,0.44070351496338844,0.46278452277183535,1.0,2.713,0.532,1.0,0.966,0.0056,0.9
0.0006421354043315683,0.4566428493856165,0.4629604220390322,1.0,2.713,0.532,1.0,0.966,0.0056,0.9
9.723221447911162e-5,0.4604974179705825,0.4631107478955381,1.0,2.713,0.532,1.0,0.966,0.0056,0.9
0.000193571471958192,0.46735090017318726,0.4632225990295411,1.0,2.713,0.532,1.0,0.966,0.0056,0.9
1.0010613566017568e-6,0.46804635673688155,0.46329302897210634,1.0,2.713,0.532,1.0,0.966,0.0056,0.9
0.00029359425789921717,0.4875020980834961,0.46369781494140616,1.0,2.713,0.532,1.0,0.966,0.0056,0.9
0.0006719967145441292,0.44674232678358006,0.4629130276231827,1.0,2.713,0.532,1.0,0.966,0.0056,0.9
0.00019636948618101738,0.4586681727624309,0.46313984525040985,1.0,2.713,0.532,1.0,0.966,0.0056,0.9
0.2179065149985231,0.0006542964911204763,0.1,1.0,2.713,0.532,1.0,0.966,0.0056,0.9
0.00015223151642744395,0.45541954040527344,0.4630279541015624,1.0,2.713,0.532,1.0,0.966,0.0056,0.9
7.364649913910894e-5,0.4596736315288581,0.46311492919921915,1.0,2.713,0.532,1.0,0.966,0.0056,0.9
0.000496475658236303,0.4460290572496888,0.46286344528198137,1.0,2.713,0.532,1.0,0.966,0.0056,0.9
0.0004335588605494033,0.4792697442796925,0.4635966741014259,1.0,2.713,0.532,1.0,0.966,0.0056,0.9
0.00021321397139669078,0.4627960098481907,0.4632387001067403,1.0,2.713,0.532,1.0,0.966,0.0056,0.9
0.0008176007401347572,0.4751614239291939,0.463327926397324,1.0,2.713,0.532,1.0,0.966,0.0056,0.9
1.0083276495298106,0.0,0.4590754893406914,1.0,2.713,0.532,1.0,0.966,0.0056,0.9
0.0009386434845735278,0.4769268035888672,0.4633575439453125,1.0,2.713,0.532,1.0,0.966,0.0056,0.9
0.00045598939073840915,0.483431339263916,0.46354141235351554,1.0,2.713,0.532,1.0,0.966,0.0056,0.9
8.414756209216752e-5,0.4791364104264654,0.4635214538342528,1.0,2.713,0.532,1.0,0.966,0.0056,0.9
0.0007856594568337435,0.44400151589252346,0.46285576820373436,1.0,2.713,0.532,1.0,0.966,0.0056,0.9
0.0008714577174101117,0.4399724006652832,0.4626350402832032,1.0,2.713,0.532,1.0,0.966,0.0056,0.9
0.0001338778183535032,0.4602728486061096,0.46316518783569355,1.0,2.713,0.532,1.0,0.966,0.0056,0.9
0.0003726159542992474,0.4625279903411865,0.46325340270996096,1.0,2.713,0.532,1.0,0.966,0.0056,0.9
0.00044288306562150403,0.4465141451219097,0.46286315917968773,1.0,2.713,0.532,1.0,0.966,0.0056,0.9
0.00036912345258209535,0.4709275244626989,0.4634295548175532,1.0,2.713,0.532,1.0,0.966,0.0056,0.9
0.00010573920444220368,0.45941162109375,0.4631347656249999,1.0,2.713,0.532,1.0,0.966,0.0056,0.9
0.0007468206801732824,0.4693343617764185,0.4634302139282217,1.0,2.713,0.532,1.0,0.966,0.0056,0.9
0.000529642016438384,0.4603419583410283,0.4630436605475668,1.0,2.713,0.532,1.0,0.966,0.0056,0.9
0.00012180196104981413,0.4811504698736826,0.4635612487792973,1.0,2.713,0.532,1.0,0.966,0.0056,0.9
0.00015329523452232912,0.4722603792397579,0.46333156196995445,1.0,2.713,0.532,1.0,0.966,0.0056,0.9
0.0006308261894331419,0.4783460544422269,0.4635980606079094,1.0,2.713,0.532,1.0,0.966,0.0056,0.9
0.0008770980271593164,0.43565901644842164,0.4626030736581599,1.0,2.713,0.532,1.0,0.966,0.0056,0.9
0.0005448216443917635,0.4801025390625,0.4636230468750001,1.0,2.713,0.532,1.0,0.966,0.0056,0.9
0.0001158341364690113,0.4573620557785034,0.463076972961426,1.0,2.713,0.532,1.0,0.966,0.0056,0.9
0.000977595744883352,0.43839965450459456,0.4627278905355844,1.0,2.713,0.532,1.0,0.966,0.0056,0.9
0.0005866103765037852,0.46171519049571264,0.4632568293177709,1.0,2.713,0.532,1.0,0.966,0.0056,0.9
0.00046035718098362793,0.4533731937408447,0.4629177093505859,1.0,2.713,0.532,1.0,0.966,0.0056,0.9
0.00032347050164056477,0.4749736785888672,0.4635040283203125,1.0,2.713,0.532,1.0,0.966,0.0056,0.9
0.00015335043177479096,0.4794152604474533,0.4635575886815788,1.0,2.713,0.532,1.0,0.966,0.0056,0.9
1.0083286070671762,0.0,0.4590753580367162,1.0,2.713,0.532,1.0,0.966,0.0056,0.9
0.0001184332791144728,0.4800834655761719,0.4635559082031251,1.0,2.713,0.532,1.0,0.966,0.0056,0.9
0.0008824878047470884,0.47851740004739174,0.4636205551591094,1.0,2.713,0.532,1.0,0.966,0.0056,0.9
0.0001592609148024255,0.46291550248861313,0.4632324218749996,1.0,2.713,0.532,1.0,0.966,0.0056,0.9
0.0007358659518456052,0.46642494201660156,0.46315002441406244,1.0,2.713,0.532,1.0,0.966,0.0056,0.9
0.0005903090258735212,0.447710035469413,0.4629271686077131,1.0,2.713,0.532,1.0,0.966,0.0056,0.9
0.0009836636277142314,0.4349050521850586,0.4626205444335938,1.0,2.713,0.532,1.0,0.966,0.0056,0.9
0.0002002142234819751,0.463057279586792,0.46313591003417953,1.0,2.713,0.532,1.0,0.966,0.0056,0.9
0.0007868076939402958,0.45606887340545654,0.4631483078002931,1.0,2.713,0.532,1.0,0.966,0.0056,0.9
0.0009407908482666663,0.43646800140461584,0.4626635263852808,1.0,2.713,0.532,1.0,0.966,0.0056,0.9
0.0001238998534298001,0.4568679630756378,0.4630534648895265,1.0,2.713,0.532,1.0,0.966,0.0056,0.9
0.00020720408784738069,0.45826619864601525,0.463132190704345,1.0,2.713,0.532,1.0,0.966,0.0056,0.9
0.0007309246131217082,0.4564857482910156,0.46315307617187507,1.0,2.713,0.532,1.0,0.966,0.0056,0.9
0.0003302063334171353,0.4524368334625686,0.46292198179723837,1.0,2.713,0.532,1.0,0.966,0.0056,0.9
0.0006104755461060182,0.4428210891201161,0.4627243314869688,1.0,2.713,0.532,1.0,0.966,0.0056,0.9
0.00047673914155711705,0.46048202107726866,0.463219282031063,1.0,2.713,0.532,1.0,0.966,0.0056,0.9
0.0005972972445450902,0.4508893738966435,0.46285582669079156,1.0,2.713,0.532,1.0,0.966,0.0056,0.9
0.000857428375579613,0.4932153517324025,0.46387505084276215,1.0,2.713,0.532,1.0,0.966,0.0056,0.9
0.00029616482075271174,0.45095949716778705,0.4629100799560544,1.0,2.713,0.532,1.0,0.966,0.0056,0.9
0.00036753560516569533,0.44947969913482666,0.46293392181396487,1.0,2.713,0.532,1.0,0.966,0.0056,0.9
0.00033441054906981917,0.45453090677866437,0.46295657225605813,1.0,2.713,0.532,1.0,0.966,0.0056,0.9
0.0005570236132059365,0.4427291117608547,0.46274643540382376,1.0,2.713,0.532,1.0,0.966,0.0056,0.9
0.0005367193099201735,0.45671736823688835,0.4631402577447981,1.0,2.713,0.532,1.0,0.966,0.0056,0.9
0.0007788772962043229,0.44918060302734375,0.46280517578125036,1.0,2.713,0.532,1.0,0.966,0.0056,0.9
0.0009918974681237722,0.4500739015619242,0.46302632516373043,1.0,2.713,0.532,1.0,0.966,0.0056,0.9
0.0007239467820099062,0.4403257369995117,0.46273956298828123,1.0,2.713,0.532,1.0,0.966,0.0056,0.9
0.000751784672565478,0.49676186337273975,0.46383695602416974,1.0,2.713,0.532,1.0,0.966,0.0056,0.9
0.0006517977649660632,0.4422316594136646,0.4627071380615232,1.0,2.713,0.532,1.0,0.966,0.0056,0.9
0.00013123567703632777,0.46679991483688354,0.4632214546203614,1.0,2.713,0.532,1.0,0.966,0.0056,0.9
0.0005101570456478775,0.4732020380962041,0.46331027634441496,1.0,2.713,0.532,1.0,0.966,0.0056,0.9
0.0005572408425272848,0.4701061248779297,0.4634307861328126,1.0,2.713,0.532,1.0,0.966,0.0056,0.9
0.0004482964099255451,0.47471074759960175,0.46334831714630176,1.0,2.713,0.532,1.0,0.966,0.0056,0.9
0.00014940128427593693,0.4684838395832571,0.4633513614535343,1.0,2.713,0.532,1.0,0.966,0.0056,0.9
0.00037900365850626865,0.44845236418768764,0.46285400390624964,1.0,2.713,0.532,1.0,0.966,0.0056,0.9
0.0005419005956369351,0.4447845593094826,0.462836492061615,1.0,2.713,0.532,1.0,0.966,0.0056,0.9
0.0006869883377792766,0.46068406105041504,0.46303672790527345,1.0,2.713,0.532,1.0,0.966,0.0056,0.9
0.0007677153525203258,0.4387715710327029,0.4626978710293773,1.0,2.713,0.532,1.0,0.966,0.0056,0.9
1.0083283574453903,0.0,0.459075392100207,1.0,2.713,0.532,1.0,0.966,0.0056,0.9
0.0007108716284564233,0.4821453094482422,0.4636749267578126,1.0,2.713,0.532,1.0,0.966,0.0056,0.9
0.00040838747811937083,0.4552278518676758,0.4630905151367188,1.0,2.713,0.532,1.0,0.966,0.0056,0.9
0.0005453538761528764,0.463644209663471,0.46329488754272524,1.0,2.713,0.532,1.0,0.966,0.0056,0.9
0.00024859786980655575,0.45162735157832884,0.4629414286822444,1.0,2.713,0.532,1.0,0.966,0.0056,0.9
1.0083309339258337,0.0,0.4590750431210261,1.0,2.713,0.532,1.0,0.966,0.0056,0.9
1.896036800619538e-5,0.4650563817303152,0.46324010865310783,1.0,2.713,0.532,1.0,0.966,0.0056,0.9
0.0009202806194119663,0.44100068855407787,0.4627923919971572,1.0,2.713,0.532,1.0,0.966,0.0056,0.9
0.0007246294244181713,0.4449556024139415,0.46287310772314344,1.0,2.713,0.532,1.0,0.966,0.0056,0.9
0.00038146471162553403,0.45882415771484375,0.4631713867187501,1.0,2.713,0.532,1.0,0.966,0.0056,0.9
0.0009937115499528285,0.43475329059777035,0.4626177661101273,1.0,2.713,0.532,1.0,0.966,0.0056,0.9
0.0003526837113984645,0.44825785930200124,0.4628843840762016,1.0,2.713,0.532,1.0,0.966,0.0056,0.9
0.0001285295092540454,0.4568928701697501,0.4630704780492249,1.0,2.713,0.532,1.0,0.966,0.0056,0.9
0.00036748209185693366,0.45523872903480245,0.4630851541222421,1.0,2.713,0.532,1.0,0.966,0.0056,0.9
0.000357173783087512,0.4682592471262323,0.46337385342850357,1.0,2.713,0.532,1.0,0.966,0.0056,0.9
0.00016492276868693145,0.4725659634921936,0.46343605954741807,1.0,2.713,0.532,1.0,0.966,0.0056,0.9
0.0002993601966951721,0.4585298222415607,0.46303469404239894,1.0,2.713,0.532,1.0,0.966,0.0056,0.9
0.0009546269906648118,0.4379291881993474,0.4627108851397489,1.0,2.713,0.532,1.0,0.966,0.0056,0.9
0.0007191509509679668,0.4552997693925822,0.46312502182952153,1.0,2.713,0.532,1.0,0.966,0.0056,0.9
0.00014327361375405422,0.4630835867254708,0.46323324048388226,1.0,2.713,0.532,1.0,0.966,0.0056,0.9
0.0009556262373856996,0.4389535665470379,0.46274049499444464,1.0,2.713,0.532,1.0,0.966,0.0056,0.9
0.0004443921838809886,0.45167545451838176,0.4630080624051814,1.0,2.713,0.532,1.0,0.966,0.0056,0.9
0.0007257490242097732,0.49133226968335636,0.4638321245602808,1.0,2.713,0.532,1.0,0.966,0.0056,0.9
7.509362085602747e-5,0.47327536275290155,0.4634318659670744,1.0,2.713,0.532,1.0,0.966,0.0056,0.9
0.00024336087935894658,0.4585158490082263,0.46314477122548203,1.0,2.713,0.532,1.0,0.966,0.0056,0.9
0.0006458765724645175,0.4963945232153323,0.4638637854930401,1.0,2.713,0.532,1.0,0.966,0.0056,0.9
0.0001009249560814048,0.4595353479131339,0.463094371226225,1.0,2.713,0.532,1.0,0.966,0.0056,0.9
0.0008150508611019044,0.48629476986985987,0.4635725580362774,1.0,2.713,0.532,1.0,0.966,0.0056,0.9
0.000989442142837506,0.43775354024845925,0.46258391665141974,1.0,2.713,0.532,1.0,0.966,0.0056,0.9
7.685918631417004e-5,0.4606097004123085,0.4631550463134268,1.0,2.713,0.532,1.0,0.966,0.0056,0.9
0.00018547808605919,0.45479416796541167,0.4629968533970049,1.0,2.713,0.532,1.0,0.966,0.0056,0.9
0.00010398981052730133,0.4594031844084052,0.463091183021219,1.0,2.713,0.532,1.0,0.966,0.0056,0.9
8.446414896208065e-5,0.4698685155227542,0.4632936470760344,1.0,2.713,0.532,1.0,0.966,0.0056,0.9
0.00033220122416883433,0.45187730080429445,0.4629934538752032,1.0,2.713,0.532,1.0,0.966,0.0056,0.9
0.0007703508252023554,0.4832940287818679,0.4637005308987059,1.0,2.713,0.532,1.0,0.966,0.0056,0.9
0.0006039198116637742,0.4846036229567877,0.4637089846448834,1.0,2.713,0.532,1.0,0.966,0.0056,0.9
0.0004129107737072309,0.4727561199795248,0.4633099123856864,1.0,2.713,0.532,1.0,0.966,0.0056,0.9
0.0008135423687781215,0.446371505212276,0.46292009492130615,1.0,2.713,0.532,1.0,0.966,0.0056,0.9
0.00040199391712931874,0.49073576356265414,0.4637495181368717,1.0,2.713,0.532,1.0,0.966,0.0056,0.9
0.0007444892534292967,0.4876112433487757,0.4637737145435557,1.0,2.713,0.532,1.0,0.966,0.0056,0.9
0.00036979840493843756,0.47470097131046063,0.46350398309675467,1.0,2.713,0.532,1.0,0.966,0.0056,0.9
0.0008361844968695913,0.44628621591943896,0.4629203365112804,1.0,2.713,0.532,1.0,0.966,0.0056,0.9
9.686376052998622e-5,0.45905367746100345,0.46308968209812185,1.0,2.713,0.532,1.0,0.966,0.0056,0.9
0.000893509932802369,0.46277245652647636,0.4630636545793527,1.0,2.713,0.532,1.0,0.966,0.0056,0.9
0.0006645449549741089,0.47767999506018044,0.4633936383281351,1.0,2.713,0.532,1.0,0.966,0.0056,0.9
0.0002662055350335341,0.4531482583750641,0.46301260501979885,1.0,2.713,0.532,1.0,0.966,0.0056,0.9
1.0083296976109206,0.0,0.45907520997855,1.0,2.713,0.532,1.0,0.966,0.0056,0.9
0.0003244427375166921,0.47379438249471956,0.4634813801059652,1.0,2.713,0.532,1.0,0.966,0.0056,0.9
0.0008466888374749557,0.49691787931493026,0.4638254465884253,1.0,2.713,0.532,1.0,0.966,0.0056,0.9
0.0001683056112514301,0.4765847290632348,0.4634245109585527,1.0,2.713,0.532,1.0,0.966,0.0056,0.9
0.0002515849697798845,0.45459866427382456,0.4630484781282992,1.0,2.713,0.532,1.0,0.966,0.0056,0.9
3.4706274043335526e-5,0.4626919840901589,0.4631782320708706,1.0,2.713,0.532,1.0,0.966,0.0056,0.9
0.0005120079791566536,0.45283479472485233,0.462901438169122,1.0,2.713,0.532,1.0,0.966,0.0056,0.9
1.0083274703781988,0.0,0.459075514252298,1.0,2.713,0.532,1.0,0.966,0.0056,0.9
0.000561937384408949,0.4425455527265396,0.46274538815242117,1.0,2.713,0.532,1.0,0.966,0.0056,0.9
0.0008312701480906973,0.4546852370293447,0.4629059983376606,1.0,2.713,0.532,1.0,0.966,0.0056,0.9
0.0002592292497515349,0.4536392088661849,0.46302441922724885,1.0,2.713,0.532,1.0,0.966,0.0056,0.9
0.0001496512471598839,0.4820869070651902,0.4635909354042163,1.0,2.713,0.532,1.0,0.966,0.0056,0.9
0.00042488286460111224,0.474926043829453,0.4635140663129932,1.0,2.713,0.532,1.0,0.966,0.0056,0.9
0.0007953556911036349,0.4377924661870608,0.4626693940127547,1.0,2.713,0.532,1.0,0.966,0.0056,0.9
0.00041664638679696876,0.45641466341792664,0.46311974954369,1.0,2.713,0.532,1.0,0.966,0.0056,0.9
0.0007789909135709319,0.49246090478588966,0.4638552566210198,1.0,2.713,0.532,1.0,0.966,0.0056,0.9
0.000457283794600663,0.4920459388709313,0.4637878900951819,1.0,2.713,0.532,1.0,0.966,0.0056,0.9
0.0008145807648811804,0.4455144195648738,0.46273477570777766,1.0,2.713,0.532,1.0,0.966,0.0056,0.9
0.0008045279737274171,0.45560108450189274,0.4631391460698062,1.0,2.713,0.532,1.0,0.966,0.0056,0.9
0.0005126020759147326,0.4893243527602963,0.4637746057409048,1.0,2.713,0.532,1.0,0.966,0.0056,0.9
0.0007230354078533785,0.497874198651968,0.4638876295924318,1.0,2.713,0.532,1.0,0.966,0.0056,0.9
0.0001353385634291335,0.4632859457407336,0.4632362820758066,1.0,2.713,0.532,1.0,0.966,0.0056,0.9
0.000789451195596023,0.4388900088501686,0.4626362662092385,1.0,2.713,0.532,1.0,0.966,0.0056,0.9
0.00034950908553609976,0.4531552750341509,0.46303047558162747,1.0,2.713,0.532,1.0,0.966,0.0056,0.9
7.535823123235781e-5,0.4624610839530734,0.46315115669781887,1.0,2.713,0.532,1.0,0.966,0.0056,0.9
0.00031280867044700247,0.45912089217246066,0.4630439918513789,1.0,2.713,0.532,1.0,0.966,0.0056,0.9
0.0005756269672546262,0.44309644030311424,0.46273749533423036,1.0,2.713,0.532,1.0,0.966,0.0056,0.9
4.399834346578031e-5,0.47615921657177357,0.46346626889359777,1.0,2.713,0.532,1.0,0.966,0.0056,0.9
0.0006626804946691384,0.44735517245683226,0.4629276501784333,1.0,2.713,0.532,1.0,0.966,0.0056,0.9
0.00045594843997250306,0.4733837024635902,0.46348708145461925,1.0,2.713,0.532,1.0,0.966,0.0056,0.9
0.0006839886866605951,0.4800838507093652,0.46363491669036094,1.0,2.713,0.532,1.0,0.966,0.0056,0.9
0.00040707069519111696,0.4478331462838662,0.46289469664027205,1.0,2.713,0.532,1.0,0.966,0.0056,0.9
1.0083285044277306,0.0,0.45907537203287013,1.0,2.713,0.532,1.0,0.966,0.0056,0.9
1.0083282638190878,0.0,0.45907540489954246,1.0,2.713,0.532,1.0,0.966,0.0056,0.9
0.0002811910214838574,0.4535451554708214,0.4630271712848919,1.0,2.713,0.532,1.0,0.966,0.0056,0.9
0.0009166945163206048,0.4454681382762954,0.4629079796261868,1.0,2.713,0.532,1.0,0.966,0.0056,0.9
0.0008435188808824609,0.45515352969949907,0.46291422502990354,1.0,2.713,0.532,1.0,0.966,0.0056,0.9
0.00019620675537036477,0.4826330605537552,0.46356555956336554,1.0,2.713,0.532,1.0,0.966,0.0056,0.9
0.0004819036192773047,0.45226291093569215,0.46302801744192423,1.0,2.713,0.532,1.0,0.966,0.0056,0.9
0.000201032469188891,0.4535099259891291,0.46297931771463585,1.0,2.713,0.532,1.0,0.966,0.0056,0.9
0.0008957629839245345,0.4541723179802235,0.4628908489038549,1.0,2.713,0.532,1.0,0.966,0.0056,0.9
0.00010793459999384073,0.47682176250617414,0.4634427884861454,1.0,2.713,0.532,1.0,0.966,0.0056,0.9
0.0005414671865982423,0.4454181757112523,0.4627731115303989,1.0,2.713,0.532,1.0,0.966,0.0056,0.9
0.0008883154920999104,0.5000502822047381,0.46391003178942214,1.0,2.713,0.532,1.0,0.966,0.0056,0.9
0.000712133425851084,0.4391583478155532,0.46268773336680047,1.0,2.713,0.532,1.0,0.966,0.0056,0.9
0.00017385354252537986,0.48209469863929544,0.46360226206794325,1.0,2.713,0.532,1.0,0.966,0.0056,0.9
0.00024158359294921346,0.4605937755013324,0.463082163207322,1.0,2.713,0.532,1.0,0.966,0.0056,0.9
0.000909082817774208,0.4361763620655871,0.46264585744943626,1.0,2.713,0.532,1.0,0.966,0.0056,0.9
1.0083292064557707,0.0,0.45907527653246183,1.0,2.713,0.532,1.0,0.966,0.0056,0.9
0.0009093949788441686,0.4593488913642393,0.4632307713834861,1.0,2.713,0.532,1.0,0.966,0.0056,0.9
2.2736544632227542e-5,0.47159264729001205,0.4633829881751058,1.0,2.713,0.532,1.0,0.966,0.0056,0.9
1.008328210611934,0.0,0.45907541217964304,1.0,2.713,0.532,1.0,0.966,0.0056,0.9
7.704088743720709e-5,0.4738852060385488,0.4634436555662016,1.0,2.713,0.532,1.0,0.966,0.0056,0.9
0.0009178859897600191,0.45162047754646284,0.4630566508983441,1.0,2.713,0.532,1.0,0.966,0.0056,0.9
0.00016939783644346124,0.46866231865195807,0.46335827712867816,1.0,2.713,0.532,1.0,0.966,0.0056,0.9
0.0004611035260493581,0.46470646002862726,0.46313782969935025,1.0,2.713,0.532,1.0,0.966,0.0056,0.9
0.0004855915191007542,0.4468717575073242,0.4628860473632812,1.0,2.713,0.532,1.0,0.966,0.0056,0.9
0.00016622096876529164,0.4805802212951403,0.46352007797345085,1.0,2.713,0.532,1.0,0.966,0.0056,0.9
0.00031541283096040015,0.4495240713571527,0.4628912151297547,1.0,2.713,0.532,1.0,0.966,0.0056,0.9
6.465320422832325e-5,0.46926979153101434,0.46328577330495896,1.0,2.713,0.532,1.0,0.966,0.0056,0.9
0.000522391958466154,0.44448916400459204,0.4628212155225435,1.0,2.713,0.532,1.0,0.966,0.0056,0.9
0.0004927028528658162,0.44433334469795227,0.46278185844421404,1.0,2.713,0.532,1.0,0.966,0.0056,0.9
0.0004302620151628764,0.44615357460696325,0.4628434474399075,1.0,2.713,0.532,1.0,0.966,0.0056,0.9
0.00043130750993583956,0.4459357071892054,0.4628327685635304,1.0,2.713,0.532,1.0,0.966,0.0056,0.9
0.0008307310582305975,0.480541583688331,0.4636548300500073,1.0,2.713,0.532,1.0,0.966,0.0056,0.9
0.0005585517196712828,0.46151531481756747,0.46324993615426757,1.0,2.713,0.532,1.0,0.966,0.0056,0.9
0.0008740109912887659,0.4908736512741022,0.4638395496002884,1.0,2.713,0.532,1.0,0.966,0.0056,0.9
1.5802723795443037e-5,0.46477921411778145,0.4632265763290822,1.0,2.713,0.532,1.0,0.966,0.0056,0.9
0.0009333595545643999,0.43473913197553515,0.4625940033393887,1.0,2.713,0.532,1.0,0.966,0.0056,0.9
0.0001468474683465858,0.4560467493908972,0.463029869610788,1.0,2.713,0.532,1.0,0.966,0.0056,0.9
0.0005191823690804255,0.4581152017147627,0.4631704122145319,1.0,2.713,0.532,1.0,0.966,0.0056,0.9
0.0007491396707830099,0.4626076341971641,0.46307074593686626,1.0,2.713,0.532,1.0,0.966,0.0056,0.9
0.0007254456604416724,0.4884653691402112,0.46363030278376693,1.0,2.713,0.532,1.0,0.966,0.0056,0.9
0.0004962891783546178,0.4441672020791119,0.4627926196907787,1.0,2.713,0.532,1.0,0.966,0.0056,0.9
1.4751756832954107e-5,0.4659100107346682,0.46323849474790824,1.0,2.713,0.532,1.0,0.966,0.0056,0.9
0.0005437700100590594,0.44410833864981664,0.46275682101118537,1.0,2.713,0.532,1.0,0.966,0.0056,0.9
0.0008144086307631472,0.4430132589131138,0.4626916331441717,1.0,2.713,0.532,1.0,0.966,0.0056,0.9
0.00039237541744085964,0.47454785666044985,0.46350342532685945,1.0,2.713,0.532,1.0,0.966,0.0056,0.9
0.0007783496040410073,0.4618288403503432,0.46305271807669873,1.0,2.713,0.532,1.0,0.966,0.0056,0.9
0.0008325443150248786,0.4377657329003033,0.4626141989718925,1.0,2.713,0.532,1.0,0.966,0.0056,0.9
0.00032801342782817235,0.4741379152468076,0.46334850138611694,1.0,2.713,0.532,1.0,0.966,0.0056,0.9
0.0009747136189518264,0.43450592315696557,0.46254897022000496,1.0,2.713,0.532,1.0,0.966,0.0056,0.9
1.0083323016981367,0.0,0.45907485934220993,1.0,2.713,0.532,1.0,0.966,0.0056,0.9
1.0083363153457108,0.0,0.45907432331088305,1.0,2.713,0.532,1.0,0.966,0.0056,0.9
0.0004797765009623172,0.45089425826046065,0.46287091055961316,1.0,2.713,0.532,1.0,0.966,0.0056,0.9
0.0003610805886865363,0.4878864652786854,0.4636663418843565,1.0,2.713,0.532,1.0,0.966,0.0056,0.9
0.0005342944332847631,0.44446820137555487,0.46276329690563567,1.0,2.713,0.532,1.0,0.966,0.0056,0.9
0.0005046481597385041,0.4441214115273864,0.4627984375080676,1.0,2.713,0.532,1.0,0.966,0.0056,0.9
0.00022469175082872562,0.4848113990130526,0.4636192793433948,1.0,2.713,0.532,1.0,0.966,0.0056,0.9
0.0008669084154945793,0.48665640142415223,0.4637677548336497,1.0,2.713,0.532,1.0,0.966,0.0056,0.9
0.0004797565504530731,0.46847270106445293,0.46339048802818705,1.0,2.713,0.532,1.0,0.966,0.0056,0.9
0.0007280628486464383,0.44001901898212914,0.46273032420804755,1.0,2.713,0.532,1.0,0.966,0.0056,0.9
0.00024005619547225236,0.4525782418256967,0.46294958237850015,1.0,2.713,0.532,1.0,0.966,0.0056,0.9
0.00043608827118599846,0.4457252281040574,0.4628198410539913,1.0,2.713,0.532,1.0,0.966,0.0056,0.9
8.555549701523155e-5,0.4788749769710915,0.4635244795330062,1.0,2.713,0.532,1.0,0.966,0.0056,0.9
3.9103602770477406e-5,0.46923315295058,0.4632922098234426,1.0,2.713,0.532,1.0,0.966,0.0056,0.9
0.0007246381933464106,0.44873297511829147,0.4629695145713771,1.0,2.713,0.532,1.0,0.966,0.0056,0.9
0.0008930335599471891,0.4662629587854221,0.46313552910718325,1.0,2.713,0.532,1.0,0.966,0.0056,0.9
0.0005718094670077314,0.4749827602051563,0.46352879604854125,1.0,2.713,0.532,1.0,0.966,0.0056,0.9
0.0003568044544985066,0.4483382682816939,0.4628631388960764,1.0,2.713,0.532,1.0,0.966,0.0056,0.9
0.00047890764202292055,0.4852588978650987,0.46358137844668024,1.0,2.713,0.532,1.0,0.966,0.0056,0.9
0.0009424412417514464,0.4819745992981478,0.46368935946990536,1.0,2.713,0.532,1.0,0.966,0.0056,0.9
0.0007117824301555688,0.45487926444885396,0.463114699988767,1.0,2.713,0.532,1.0,0.966,0.0056,0.9
0.0007971833270422694,0.45576426851349805,0.463142251146354,1.0,2.713,0.532,1.0,0.966,0.0056,0.9
0.0007921106649626033,0.4506988112744622,0.4630239616824414,1.0,2.713,0.532,1.0,0.966,0.0056,0.9
1.0083277170480893,0.0,0.4590754800037914,1.0,2.713,0.532,1.0,0.966,0.0056,0.9
0.0005077775426506147,0.4761947489541368,0.4635464259427765,1.0,2.713,0.532,1.0,0.966,0.0056,0.9
0.0005787922020945184,0.4947272539004166,0.46384538191480085,1.0,2.713,0.532,1.0,0.966,0.0056,0.9
0.0006273088244023039,0.4955226105182734,0.46382977271598774,1.0,2.713,0.532,1.0,0.966,0.0056,0.9
0.000862009399089225,0.43953034074056263,0.4626299386368443,1.0,2.713,0.532,1.0,0.966,0.0056,0.9
8.019162308377722e-5,0.476749838977375,0.46349402881374135,1.0,2.713,0.532,1.0,0.966,0.0056,0.9
0.0006065031484797404,0.44252772628404974,0.4627807759084695,1.0,2.713,0.532,1.0,0.966,0.0056,0.9
0.0003525954632054002,0.47393608029084844,0.463487296492223,1.0,2.713,0.532,1.0,0.966,0.0056,0.9
0.00017386806715110494,0.4834179704007403,0.4636106690343509,1.0,2.713,0.532,1.0,0.966,0.0056,0.9
0.0004945433183078315,0.4580510422780283,0.4631664139756569,1.0,2.713,0.532,1.0,0.966,0.0056,0.9
0.0003675518092180548,0.44781011434283746,0.46287481232622074,1.0,2.713,0.532,1.0,0.966,0.0056,0.9
0.0005002526409353749,0.4448867311075885,0.4627783461933693,1.0,2.713,0.532,1.0,0.966,0.0056,0.9
0.0007457450960170953,0.4975565963130695,0.4639129056335142,1.0,2.713,0.532,1.0,0.966,0.0056,0.9
0.0006908685871925925,0.4454035955047012,0.4627478699822642,1.0,2.713,0.532,1.0,0.966,0.0056,0.9
3.3713670819193875e-5,0.4632352519012588,0.46320206724716806,1.0,2.713,0.532,1.0,0.966,0.0056,0.9
3.963535511540915e-5,0.4716304282409264,0.46339043572512817,1.0,2.713,0.532,1.0,0.966,0.0056,0.9
0.00019388133225035166,0.4688048306864837,0.4632524582359421,1.0,2.713,0.532,1.0,0.966,0.0056,0.9
0.0005199018815162073,0.4790184296360471,0.46360071575100914,1.0,2.713,0.532,1.0,0.966,0.0056,0.9
1.0083332436660029,0.0,0.4590747331583444,1.0,2.713,0.532,1.0,0.966,0.0056,0.9
0.0005369746734240464,0.4787887252657783,0.463598054374645,1.0,2.713,0.532,1.0,0.966,0.0056,0.9
0.0004161198623872786,0.4485208543065813,0.46291812416883893,1.0,2.713,0.532,1.0,0.966,0.0056,0.9
0.0009751038142914205,0.43380821239009815,0.46255516081726683,1.0,2.713,0.532,1.0,0.966,0.0056,0.9
3.444479055843892e-5,0.47024925677428275,0.46336169120659776,1.0,2.713,0.532,1.0,0.966,0.0056,0.9
0.0009924836401349632,0.44983434578817705,0.463020717348271,1.0,2.713,0.532,1.0,0.966,0.0056,0.9
0.00042969360479386785,0.4612442281287278,0.46323131479093616,1.0,2.713,0.532,1.0,0.966,0.0056,0.9
0.0003062965349336203,0.48495415451523716,0.46367546080958255,1.0,2.713,0.532,1.0,0.966,0.0056,0.9
0.0009533062427925467,0.43450008568238563,0.4625580839100777,1.0,2.713,0.532,1.0,0.966,0.0056,0.9
1.008327443082761,0.0,0.4590755180783307,1.0,2.713,0.532,1.0,0.966,0.0056,0.9
0.0005111493876332521,0.44382900848178003,0.46278759734412206,1.0,2.713,0.532,1.0,0.966,0.0056,0.9
0.0005526370966204741,0.44738277820930245,0.462912820433489,1.0,2.713,0.532,1.0,0.966,0.0056,0.9
1.0083338410371954,0.0,0.4590746532714924,1.0,2.713,0.532,1.0,0.966,0.0056,0.9
0.00017220601269783757,0.45663857355670423,0.46308221254892495,1.0,2.713,0.532,1.0,0.966,0.0056,0.9
0.00041371669112807676,0.44744982444309145,0.46288441021627624,1.0,2.713,0.532,1.0,0.966,0.0056,0.9
0.000525779345399746,0.4783292081976882,0.4635884441748821,1.0,2.713,0.532,1.0,0.966,0.0056,0.9
0.00075351077375455,0.4520516692956058,0.4630525221839533,1.0,2.713,0.532,1.0,0.966,0.0056,0.9
0.0009048173287809571,0.4379301368204618,0.46270247254090163,1.0,2.713,0.532,1.0,0.966,0.0056,0.9
4.9021664281220136e-5,0.46159767134993024,0.4631650561693671,1.0,2.713,0.532,1.0,0.966,0.0056,0.9
1.008328208913425,0.0,0.45907541241213423,1.0,2.713,0.532,1.0,0.966,0.0056,0.9
0.00011480919957872084,0.4808046667546527,0.4635539560265135,1.0,2.713,0.532,1.0,0.966,0.0056,0.9
0.0003113525755874227,0.4494734113972326,0.46289595029584074,1.0,2.713,0.532,1.0,0.966,0.0056,0.9
0.00017830071161345794,0.45812538619601345,0.4630487212734853,1.0,2.713,0.532,1.0,0.966,0.0056,0.9
0.0006554592442033583,0.44030334716092345,0.46270391374758413,1.0,2.713,0.532,1.0,0.966,0.0056,0.9
0.000773507113234925,0.44428633104620907,0.46286175584109424,1.0,2.713,0.532,1.0,0.966,0.0056,0.9
0.0006772506433975198,0.45570437390747853,0.46313054959191774,1.0,2.713,0.532,1.0,0.966,0.0056,0.9
0.00045080196034577943,0.4487953186035156,0.46293334960937493,1.0,2.713,0.532,1.0,0.966,0.0056,0.9
0.00030988940811425315,0.46077683715461376,0.4632068716998554,1.0,2.713,0.532,1.0,0.966,0.0056,0.9
0.00021321446562778907,0.453710781288914,0.462972846283777,1.0,2.713,0.532,1.0,0.966,0.0056,0.9
0.0008193253564541552,0.4762656945223076,0.46357300836465964,1.0,2.713,0.532,1.0,0.966,0.0056,0.9
1.7733960661045668e-5,0.46568090342137136,0.4632324008740762,1.0,2.713,0.532,1.0,0.966,0.0056,0.9
0.0009385324138811676,0.4501665080985182,0.4630241566796723,1.0,2.713,0.532,1.0,0.966,0.0056,0.9
1.008330283396669,0.0,0.45907513081403056,1.0,2.713,0.532,1.0,0.966,0.0056,0.9
8.570944286577422e-5,0.45995297466691376,0.46310714310070444,1.0,2.713,0.532,1.0,0.966,0.0056,0.9
0.0005346063919627397,0.49383210190273436,0.46382500368665125,1.0,2.713,0.532,1.0,0.966,0.0056,0.9
0.0006291442989526093,0.44683581673253703,0.4629097197650048,1.0,2.713,0.532,1.0,0.966,0.0056,0.9
0.0007088267402688456,0.45858225196415847,0.4631983000822341,1.0,2.713,0.532,1.0,0.966,0.0056,0.9
0.00034443734920947455,0.45133508681992107,0.4629813056675456,1.0,2.713,0.532,1.0,0.966,0.0056,0.9
0.0005753586400871464,0.44624277958839564,0.462885569006817,1.0,2.713,0.532,1.0,0.966,0.0056,0.9
0.00033060952557026205,0.4542800030771807,0.4629528194858967,1.0,2.713,0.532,1.0,0.966,0.0056,0.9
0.0009557402880925704,0.45348812939122607,0.4631028650696219,1.0,2.713,0.532,1.0,0.966,0.0056,0.9
0.00023270264115995097,0.45232960578351344,0.46297244222372463,1.0,2.713,0.532,1.0,0.966,0.0056,0.9
0.000760366689578288,0.4558309177192231,0.4629342684731028,1.0,2.713,0.532,1.0,0.966,0.0056,0.9
0.0002382692240665708,0.45400415149776285,0.4630288774178768,1.0,2.713,0.532,1.0,0.966,0.0056,0.9
0.0007339692502545656,0.44780833966024636,0.46278465002562585,1.0,2.713,0.532,1.0,0.966,0.0056,0.9
0.00030803662176746464,0.4762622933079975,0.463397104130182,1.0,2.713,0.532,1.0,0.966,0.0056,0.9
0.00037633721008230645,0.4583131443084796,0.4631590062636354,1.0,2.713,0.532,1.0,0.966,0.0056,0.9
0.00020521262062206947,0.46237139149434703,0.4631218322456029,1.0,2.713,0.532,1.0,0.966,0.0056,0.9
0.00040817438258966424,0.45006134106552054,0.4629597187042235,1.0,2.713,0.532,1.0,0.966,0.0056,0.9
0.00016054542472395894,0.4778664378817305,0.46353338044301895,1.0,2.713,0.532,1.0,0.966,0.0056,0.9
0.0005852098461183298,0.46449562244417864,0.46331660009096326,1.0,2.713,0.532,1.0,0.966,0.0056,0.9
0.0005659960349076413,0.45185590789368435,0.46287711358256456,1.0,2.713,0.532,1.0,0.966,0.0056,0.9
0.0006756496347747119,0.4435273646438822,0.4628267573070107,1.0,2.713,0.532,1.0,0.966,0.0056,0.9
0.00028592498282606826,0.48243806511346304,0.4636328604849198,1.0,2.713,0.532,1.0,0.966,0.0056,0.9
0.000779638371568475,0.45227349731740807,0.462863550486294,1.0,2.713,0.532,1.0,0.966,0.0056,0.9
0.000743412732607552,0.4960509260176649,0.46389933116674414,1.0,2.713,0.532,1.0,0.966,0.0056,0.9
0.0008731422427281513,0.4999932806631342,0.46391225564458155,1.0,2.713,0.532,1.0,0.966,0.0056,0.9
0.00047691194339735254,0.4494185165124025,0.46284629871259947,1.0,2.713,0.532,1.0,0.966,0.0056,0.9
0.0008485391503880341,0.4367426484212351,0.4626030462288594,1.0,2.713,0.532,1.0,0.966,0.0056,0.9
0.0009162304995331752,0.46551293759417,0.46311845077329183,1.0,2.713,0.532,1.0,0.966,0.0056,0.9
0.0008447037768400582,0.4703093406982666,0.46345706995959257,1.0,2.713,0.532,1.0,0.966,0.0056,0.9
0.0007851563280132088,0.446250488065309,0.4627511016279662,1.0,2.713,0.532,1.0,0.966,0.0056,0.9
0.0009399356702356372,0.4434262252415147,0.462858547920741,1.0,2.713,0.532,1.0,0.966,0.0056,0.9
0.0007011244618427004,0.44080473708664647,0.46274952739273423,1.0,2.713,0.532,1.0,0.966,0.0056,0.9
0.00028666909941582077,0.45473388445016716,0.4629684609296343,1.0,2.713,0.532,1.0,0.966,0.0056,0.9
0.00027662100320478453,0.4538500915415573,0.4630342872109092,1.0,2.713,0.532,1.0,0.966,0.0056,0.9
0.00027345516043784056,0.48703561854214233,0.4636795502785464,1.0,2.713,0.532,1.0,0.966,0.0056,0.9
0.0009847473721835336,0.47720506714702027,0.4633605209533598,1.0,2.713,0.532,1.0,0.966,0.0056,0.9
0.0008710065816303611,0.4375730303350708,0.46260262265760016,1.0,2.713,0.532,1.0,0.966,0.0056,0.9
0.00016212648272334636,0.454997174229279,0.46302239184143323,1.0,2.713,0.532,1.0,0.966,0.0056,0.9
0.00020311109972608062,0.4626006730624327,0.46323274659571,1.0,2.713,0.532,1.0,0.966,0.0056,0.9
0.0005780459335490943,0.4433904925041743,0.46273939772145145,1.0,2.713,0.532,1.0,0.966,0.0056,0.9
0.0006475173016470972,0.49419612481986863,0.46386098356751454,1.0,2.713,0.532,1.0,0.966,0.0056,0.9
0.00011607148200386882,0.45764105503351743,0.4630875996767666,1.0,2.713,0.532,1.0,0.966,0.0056,0.9
0.00027728133516904187,0.4523578965107449,0.46293348839704185,1.0,2.713,0.532,1.0,0.966,0.0056,0.9
0.0007822206889190657,0.43866180598066906,0.4626361866308649,1.0,2.713,0.532,1.0,0.966,0.0056,0.9
0.00018403738221204542,0.47837355817149463,0.4634628224708116,1.0,2.713,0.532,1.0,0.966,0.0056,0.9
0.0008311727211830892,0.4392782639266466,0.46272989910241275,1.0,2.713,0.532,1.0,0.966,0.0056,0.9
0.00025388167594586007,0.4561185446155661,0.46299841645300055,1.0,2.713,0.532,1.0,0.966,0.0056,0.9
0.0001394119308615541,0.47406003232483546,0.4634603780225608,1.0,2.713,0.532,1.0,0.966,0.0056,0.9
0.0007247052708750047,0.4432688113834955,0.4628274624779947,1.0,2.713,0.532,1.0,0.966,0.0056,0.9
0.0006018894637647935,0.4474771462795871,0.46292271525837797,1.0,2.713,0.532,1.0,0.966,0.0056,0.9
0.0008203316816408539,0.4986079636779992,0.4639387957844869,1.0,2.713,0.532,1.0,0.966,0.0056,0.9
0.0002786298521939535,0.4508317825072594,0.46294381720329425,1.0,2.713,0.532,1.0,0.966,0.0056,0.9
0.0007768404185249679,0.43794413116230535,0.4626361288460844,1.0,2.713,0.532,1.0,0.966,0.0056,0.9
0.0005261485906551877,0.47004793640291365,0.46324221898609497,1.0,2.713,0.532,1.0,0.966,0.0056,0.9
0.0004703923861107239,0.4462367744943294,0.4628628739521104,1.0,2.713,0.532,1.0,0.966,0.0056,0.9
0.0009544179366425215,0.47871194199970996,0.4636291849508034,1.0,2.713,0.532,1.0,0.966,0.0056,0.9
0.0006675827579647517,0.47361213117028234,0.4635098922557777,1.0,2.713,0.532,1.0,0.966,0.0056,0.9
0.0003472235198241102,0.4495994348042356,0.4629314959966115,1.0,2.713,0.532,1.0,0.966,0.0056,0.9
0.0003366668507312353,0.45087252573271563,0.46289673047386054,1.0,2.713,0.532,1.0,0.966,0.0056,0.9
0.00030438472588117347,0.4496841352944767,0.46291097655063784,1.0,2.713,0.532,1.0,0.966,0.0056,0.9
0.0008474495301944434,0.4448272009168803,0.4628845468112417,1.0,2.713,0.532,1.0,0.966,0.0056,0.9
0.0006644628418511185,0.4524807832993105,0.46305411617094294,1.0,2.713,0.532,1.0,0.966,0.0056,0.9
0.00027486899531889127,0.4676827132277037,0.4632185987009384,1.0,2.713,0.532,1.0,0.966,0.0056,0.9
0.0004892403790236744,0.47626275680770924,0.46354598944541003,1.0,2.713,0.532,1.0,0.966,0.0056,0.9
0.0005299887105141307,0.4470495441690663,0.4627992946620191,1.0,2.713,0.532,1.0,0.966,0.0056,0.9
0.0007819180813597744,0.45651225662964023,0.46294592695983927,1.0,2.713,0.532,1.0,0.966,0.0056,0.9
0.0002875367720608536,0.45789397436687784,0.4631370558815321,1.0,2.713,0.532,1.0,0.966,0.0056,0.9
0.0003488194410999328,0.45418542803665374,0.46305640684580707,1.0,2.713,0.532,1.0,0.966,0.0056,0.9
0.00031396796910349934,0.4493373371539149,0.4629005458815656,1.0,2.713,0.532,1.0,0.966,0.0056,0.9
0.0006536491047420278,0.47055854767124483,0.46344790168352085,1.0,2.713,0.532,1.0,0.966,0.0056,0.9
0.0004190433234607689,0.45233716208707,0.4630209838810978,1.0,2.713,0.532,1.0,0.966,0.0056,0.9
0.0007014318884569843,0.474731009985754,0.46353445766962875,1.0,2.713,0.532,1.0,0.966,0.0056,0.9
0.00011973491612802929,0.45844129111319254,0.4630709234167283,1.0,2.713,0.532,1.0,0.966,0.0056,0.9
0.0008596137697452475,0.4571548926965079,0.46317851819332784,1.0,2.713,0.532,1.0,0.966,0.0056,0.9
0.0005054041465105992,0.47998313540775184,0.46345814376639327,1.0,2.713,0.532,1.0,0.966,0.0056,0.9
0.0001223705519597424,0.4589514484519427,0.46307761107643697,1.0,2.713,0.532,1.0,0.966,0.0056,0.9
0.0007528918625336069,0.4504917529315856,0.4630152739155251,1.0,2.713,0.532,1.0,0.966,0.0056,0.9
0.000889803280643765,0.43561830396508977,0.46258610463896244,1.0,2.713,0.532,1.0,0.966,0.0056,0.9
0.0007949437648822695,0.4646575389661728,0.4633366936493978,1.0,2.713,0.532,1.0,0.966,0.0056,0.9
0.00023947494063139606,0.4568262466910451,0.463013465845605,1.0,2.713,0.532,1.0,0.966,0.0056,0.9
1.0083291110848511,0.0,0.45907528947783804,1.0,2.713,0.532,1.0,0.966,0.0056,0.9
0.0009147775346997155,0.44007596481588995,0.4627662957353146,1.0,2.713,0.532,1.0,0.966,0.0056,0.9
0.0009402213238220284,0.45002374982406057,0.4628067320115017,1.0,2.713,0.532,1.0,0.966,0.0056,0.9
0.000936404979304812,0.44239770849943527,0.4628314828307839,1.0,2.713,0.532,1.0,0.966,0.0056,0.9
0.0007609573222239635,0.4516247667654778,0.4630431057946355,1.0,2.713,0.532,1.0,0.966,0.0056,0.9
0.0009918758195136559,0.4685105462738647,0.4634303544569674,1.0,2.713,0.532,1.0,0.966,0.0056,0.9
0.00029998624051870193,0.4698136673555106,0.46339934551353446,1.0,2.713,0.532,1.0,0.966,0.0056,0.9
6.670117498689242e-6,0.46716984569631836,0.46328224215396074,1.0,2.713,0.532,1.0,0.966,0.0056,0.9
8.149233858496032e-5,0.47763050895407466,0.46350777630879003,1.0,2.713,0.532,1.0,0.966,0.0056,0.9
0.00035599313323839805,0.46820831298828125,0.46322021484375003,1.0,2.713,0.532,1.0,0.966,0.0056,0.9
0.0009506032068827145,0.43684165510919154,0.46257743943462537,1.0,2.713,0.532,1.0,0.966,0.0056,0.9
0.0004700147390051598,0.4594640978339285,0.4631958296897342,1.0,2.713,0.532,1.0,0.966,0.0056,0.9
0.0001615074543704778,0.46437976578190676,0.4631680517342608,1.0,2.713,0.532,1.0,0.966,0.0056,0.9
3.889195441664153e-5,0.47319403344164523,0.4633788657432299,1.0,2.713,0.532,1.0,0.966,0.0056,0.9
9.603040174416792e-5,0.4624230438186474,0.4632073654727198,1.0,2.713,0.532,1.0,0.966,0.0056,0.9
0.00020107654851388276,0.48450546496094815,0.4636312724639645,1.0,2.713,0.532,1.0,0.966,0.0056,0.9
0.0004744255665103997,0.44634643650151895,0.46280130734104397,1.0,2.713,0.532,1.0,0.966,0.0056,0.9
0.0002035986927205721,0.47797605429078116,0.46345017793457627,1.0,2.713,0.532,1.0,0.966,0.0056,0.9
0.00040542937723344024,0.47380733601359176,0.4634903828124434,1.0,2.713,0.532,1.0,0.966,0.0056,0.9
0.000921072366745942,0.4361952383689412,0.46257650345079154,1.0,2.713,0.532,1.0,0.966,0.0056,0.9
0.0008531524237738698,0.45426520118022273,0.46289601510333966,1.0,2.713,0.532,1.0,0.966,0.0056,0.9
0.0005930799004244162,0.4435864646645006,0.46281180924736115,1.0,2.713,0.532,1.0,0.966,0.0056,0.9
0.00019016456754773975,0.4714363796709796,0.4633082124553614,1.0,2.713,0.532,1.0,0.966,0.0056,0.9
0.0007462827568759027,0.4509220371824094,0.4628409140280218,1.0,2.713,0.532,1.0,0.966,0.0056,0.9
0.0008905185504324417,0.43789499978187096,0.46269868770097045,1.0,2.713,0.532,1.0,0.966,0.0056,0.9
0.0005109850470810536,0.4710982999332458,0.46326562508627234,1.0,2.713,0.532,1.0,0.966,0.0056,0.9
0.0003218994494142468,0.4847439791536343,0.4635917031685661,1.0,2.713,0.532,1.0,0.966,0.0056,0.9
0.0007065923350795025,0.43924255418777264,0.46267219505148394,1.0,2.713,0.532,1.0,0.966,0.0056,0.9
0.0004502922040630456,0.474512920485056,0.46350858365722786,1.0,2.713,0.532,1.0,0.966,0.0056,0.9
0.00020263833768163653,0.46409215964482287,0.46326583075880234,1.0,2.713,0.532,1.0,0.966,0.0056,0.9
0.0004884801713646175,0.46568795660192874,0.4633332066397198,1.0,2.713,0.532,1.0,0.966,0.0056,0.9
0.0006744289573834994,0.4411341109823448,0.46268940515165097,1.0,2.713,0.532,1.0,0.966,0.0056,0.9
0.00022626848486199757,0.4577523784186382,0.4630322832522439,1.0,2.713,0.532,1.0,0.966,0.0056,0.9
0.0008589169677659038,0.4367839966115803,0.4626529431093021,1.0,2.713,0.532,1.0,0.966,0.0056,0.9
0.0006881353624629264,0.4956031404781601,0.4638839265326379,1.0,2.713,0.532,1.0,0.966,0.0056,0.9
3.601808991191515e-5,0.46768642848392306,0.4633091388394073,1.0,2.713,0.532,1.0,0.966,0.0056,0.9
0.0004774275318757563,0.46004945589401464,0.4632097135093438,1.0,2.713,0.532,1.0,0.966,0.0056,0.9
0.0006912305757257805,0.44187947384460463,0.4626939225543693,1.0,2.713,0.532,1.0,0.966,0.0056,0.9
0.00012731188037933114,0.47961020638567653,0.4635064798280467,1.0,2.713,0.532,1.0,0.966,0.0056,0.9
0.0007683900234454262,0.4388855327749872,0.4627022727844319,1.0,2.713,0.532,1.0,0.966,0.0056,0.9
1.008346580396866,0.0,0.45907296511632345,1.0,2.713,0.532,1.0,0.966,0.0056,0.9
0.0003794104769510704,0.4773332027772468,0.46341245813808296,1.0,2.713,0.532,1.0,0.966,0.0056,0.9
8.255684637408566e-5,0.46173303596048854,0.46318660772553605,1.0,2.713,0.532,1.0,0.966,0.0056,0.9
0.0007433242482125657,0.43850308644856284,0.46267407722771176,1.0,2.713,0.532,1.0,0.966,0.0056,0.9
0.000746501469913869,0.48745143175203287,0.4636048315667567,1.0,2.713,0.532,1.0,0.966,0.0056,0.9
0.0009997567361604942,0.4365942227563734,0.46256547998974373,1.0,2.713,0.532,1.0,0.966,0.0056,0.9
0.0003985361690100492,0.49064093524394137,0.46375540188915443,1.0,2.713,0.532,1.0,0.966,0.0056,0.9
5.273979484269418e-5,0.4725831859408997,0.46341268078380227,1.0,2.713,0.532,1.0,0.966,0.0056,0.9
0.000556440998688036,0.45257216991564064,0.4630447377452936,1.0,2.713,0.532,1.0,0.966,0.0056,0.9
0.0009599949181419064,0.4544297470534554,0.46312468529468986,1.0,2.713,0.532,1.0,0.966,0.0056,0.9
0.0009340664229639366,0.47835107706818436,0.46362095732730435,1.0,2.713,0.532,1.0,0.966,0.0056,0.9
0.0005884196524062388,0.45203999162987174,0.4630354977582888,1.0,2.713,0.532,1.0,0.966,0.0056,0.9
0.0003789271825146226,0.48622217669353274,0.4637075714759149,1.0,2.713,0.532,1.0,0.966,0.0056,0.9
0.0008849192510675312,0.4375451726060009,0.46268645997015345,1.0,2.713,0.532,1.0,0.966,0.0056,0.9
3.523288772474757e-5,0.47458330449548414,0.46341446562170285,1.0,2.713,0.532,1.0,0.966,0.0056,0.9
0.000950359722172364,0.43492280325444865,0.462610990637647,1.0,2.713,0.532,1.0,0.966,0.0056,0.9
0.000608450200508402,0.4424683294586016,0.4627214435946328,1.0,2.713,0.532,1.0,0.966,0.0056,0.9
0.00020643341044496955,0.4658798275266676,0.4633052007956793,1.0,2.713,0.532,1.0,0.966,0.0056,0.9
0.0002865206649910544,0.45294573026410306,0.4630121666201374,1.0,2.713,0.532,1.0,0.966,0.0056,0.9
0.0005261437976306766,0.4721032809484649,0.4632855232710633,1.0,2.713,0.532,1.0,0.966,0.0056,0.9
0.00011565073137342663,0.4793147302514975,0.4635027373679468,1.0,2.713,0.532,1.0,0.966,0.0056,0.9
0.0007101388106593099,0.45330142581671296,0.4628895326696517,1.0,2.713,0.532,1.0,0.966,0.0056,0.9
0.0001981444714622497,0.45793264982844983,0.46312213255403634,1.0,2.713,0.532,1.0,0.966,0.0056,0.9
0.00016671502730523,0.4645415442298425,0.46326998777594314,1.0,2.713,0.532,1.0,0.966,0.0056,0.9
0.0002540659895330785,0.48555401526611763,0.4636303997222627,1.0,2.713,0.532,1.0,0.966,0.0056,0.9
0.0008402710516168658,0.4496401391678462,0.4628080251368876,1.0,2.713,0.532,1.0,0.966,0.0056,0.9
0.0009596698097077722,0.44947809676471717,0.4627946815167004,1.0,2.713,0.532,1.0,0.966,0.0056,0.9
0.0005529507945886687,0.4642864296786058,0.463309317713742,1.0,2.713,0.532,1.0,0.966,0.0056,0.9
0.0002555939958239158,0.4515731174349755,0.46293488621449175,1.0,2.713,0.532,1.0,0.966,0.0056,0.9
0.00044938575048829543,0.4574942480286622,0.4629962200298735,1.0,2.713,0.532,1.0,0.966,0.0056,0.9
0.00028685346674218293,0.4868173168700366,0.46369249843942795,1.0,2.713,0.532,1.0,0.966,0.0056,0.9
0.0004643840246632663,0.449671071475807,0.46295938124655195,1.0,2.713,0.532,1.0,0.966,0.0056,0.9
0.000871597038001895,0.4437648474725693,0.4628598444319504,1.0,2.713,0.532,1.0,0.966,0.0056,0.9
0.0008306877541708644,0.444825358524671,0.462882632477148,1.0,2.713,0.532,1.0,0.966,0.0056,0.9
0.0003740135055960231,0.45945488552946956,0.46304265818380674,1.0,2.713,0.532,1.0,0.966,0.0056,0.9
1.1930880477429206e-5,0.4693008687752238,0.463332747879057,1.0,2.713,0.532,1.0,0.966,0.0056,0.9
0.000688242443086537,0.46194423628253756,0.4630620356715286,1.0,2.713,0.532,1.0,0.966,0.0056,0.9
0.00042291970870535916,0.4564350897021706,0.46297913782521716,1.0,2.713,0.532,1.0,0.966,0.0056,0.9
0.00030422675580158006,0.47348713053659475,0.4633372238756154,1.0,2.713,0.532,1.0,0.966,0.0056,0.9
0.0004299642613238067,0.49114079568566976,0.46374724924868505,1.0,2.713,0.532,1.0,0.966,0.0056,0.9
0.0006312537073826557,0.4481141013364062,0.46294310370826164,1.0,2.713,0.532,1.0,0.966,0.0056,0.9
0.0009743844277587055,0.43498257142628616,0.4625519524417473,1.0,2.713,0.532,1.0,0.966,0.0056,0.9
0.0008491713034633142,0.4468741826650753,0.4629363422815977,1.0,2.713,0.532,1.0,0.966,0.0056,0.9
0.0008432738224207436,0.4369432476778291,0.4626535532850346,1.0,2.713,0.532,1.0,0.966,0.0056,0.9
7.731639999874443e-5,0.47692590421563286,0.4634957056998496,1.0,2.713,0.532,1.0,0.966,0.0056,0.9
0.0007872335494912839,0.44947399014311495,0.46299402991248767,1.0,2.713,0.532,1.0,0.966,0.0056,0.9
0.0003833421054838592,0.4491532028475138,0.4628611002722196,1.0,2.713,0.532,1.0,0.966,0.0056,0.9
0.0008352140202062395,0.4365051084057763,0.46261576791221376,1.0,2.713,0.532,1.0,0.966,0.0056,0.9
0.00023604519174425957,0.47928462045836273,0.4635715556901536,1.0,2.713,0.532,1.0,0.966,0.0056,0.9
0.0008043970564284944,0.4579355859241674,0.46297240439508375,1.0,2.713,0.532,1.0,0.966,0.0056,0.9
0.0009158012999419894,0.4984386448204583,0.4638567668893053,1.0,2.713,0.532,1.0,0.966,0.0056,0.9
0.00014766580972822377,0.46136125799162464,0.46319435973529643,1.0,2.713,0.532,1.0,0.966,0.0056,0.9
1.0083309351584464,0.0,0.4590750429550547,1.0,2.713,0.532,1.0,0.966,0.0056,0.9
0.0006049592314683167,0.44686250877617517,0.46290696110579765,1.0,2.713,0.532,1.0,0.966,0.0056,0.9
4.566171707136726e-5,0.4628261677473844,0.46319902981729766,1.0,2.713,0.532,1.0,0.966,0.0056,0.9
5.66179906120217e-5,0.4728813216932674,0.46341941699756145,1.0,2.713,0.532,1.0,0.966,0.0056,0.9
0.0001491640072230952,0.4641020713321531,0.4632572197921807,1.0,2.713,0.532,1.0,0.966,0.0056,0.9
0.0007852146294724607,0.47831722944306465,0.4636097302223629,1.0,2.713,0.532,1.0,0.966,0.0056,0.9
0.0005276293185173029,0.45551279274690903,0.46311137897662513,1.0,2.713,0.532,1.0,0.966,0.0056,0.9
0.00029432031231657623,0.4696856060024581,0.4632578082610952,1.0,2.713,0.532,1.0,0.966,0.0056,0.9
0.0003104483086992896,0.4725868179890921,0.4634561227058204,1.0,2.713,0.532,1.0,0.966,0.0056,0.9
0.00013478982960598963,0.47920536759522514,0.46354942333486115,1.0,2.713,0.532,1.0,0.966,0.0056,0.9
0.0008049525103977271,0.4429722601698143,0.46269217920720446,1.0,2.713,0.532,1.0,0.966,0.0056,0.9
0.00048780502423006073,0.4470529368405346,0.4628075060703505,1.0,2.713,0.532,1.0,0.966,0.0056,0.9
0.00027048238020173994,0.45086808451337246,0.462938306688906,1.0,2.713,0.532,1.0,0.966,0.0056,0.9
0.0009760839680638783,0.4655802162970638,0.46336869807552217,1.0,2.713,0.532,1.0,0.966,0.0056,0.9
0.0002069669163568615,0.48037103223901667,0.4635847939010005,1.0,2.713,0.532,1.0,0.966,0.0056,0.9
0.0007712497836492027,0.4486957351253617,0.4629734614837374,1.0,2.713,0.532,1.0,0.966,0.0056,0.9
0.0009948436394101037,0.49958119540326584,0.4639793838062519,1.0,2.713,0.532,1.0,0.966,0.0056,0.9
0.0002829204300986893,0.45043288518218105,0.46292865276336687,1.0,2.713,0.532,1.0,0.966,0.0056,0.9
0.00021090888045158674,0.47868512110012335,0.4635569298962205,1.0,2.713,0.532,1.0,0.966,0.0056,0.9
0.00047970902066516184,0.4468987189853011,0.46288550592644784,1.0,2.713,0.532,1.0,0.966,0.0056,0.9
0.000818427887839011,0.43748947268640814,0.4626169284999532,1.0,2.713,0.532,1.0,0.966,0.0056,0.9
7.050928976449923e-5,0.46003605611949394,0.4631328513245623,1.0,2.713,0.532,1.0,0.966,0.0056,0.9
0.00031425656436811133,0.4500624255554573,0.46293428749557275,1.0,2.713,0.532,1.0,0.966,0.0056,0.9
0.00028823936591752266,0.48280105149354735,0.46363911193965723,1.0,2.713,0.532,1.0,0.966,0.0056,0.9
0.0005552060775079043,0.44322796837064565,0.4627461966296907,1.0,2.713,0.532,1.0,0.966,0.0056,0.9
0.00045726454344950375,0.4654065506215461,0.4633242768096021,1.0,2.713,0.532,1.0,0.966,0.0056,0.9
0.00041272709782708063,0.4634143366180783,0.46327708268415513,1.0,2.713,0.532,1.0,0.966,0.0056,0.9
0.0006558863327659841,0.48248568818505944,0.4636763844571894,1.0,2.713,0.532,1.0,0.966,0.0056,0.9
0.0002170184526826921,0.45454422378831705,0.46303779467896616,1.0,2.713,0.532,1.0,0.966,0.0056,0.9
0.0007520819486923294,0.44775406517266164,0.4627817128274656,1.0,2.713,0.532,1.0,0.966,0.0056,0.9
0.00012712898012783006,0.4735797432074501,0.46344898966490145,1.0,2.713,0.532,1.0,0.966,0.0056,0.9
0.0005047239937235851,0.4792982394402452,0.4636044295267313,1.0,2.713,0.532,1.0,0.966,0.0056,0.9
2.8219228936811343e-6,0.4679098934023966,0.46329510244660604,1.0,2.713,0.532,1.0,0.966,0.0056,0.9
6.779672785704969e-6,0.4709925365002977,0.4633616986708953,1.0,2.713,0.532,1.0,0.966,0.0056,0.9
5.798146652963017e-6,0.4710820349435101,0.4633621401084106,1.0,2.713,0.532,1.0,0.966,0.0056,0.9
8.310534351635514e-6,0.47203077072317423,0.4633703304923815,1.0,2.713,0.532,1.0,0.966,0.0056,0.9
8.362134083895427e-6,0.471225141529914,0.4633672767728943,1.0,2.713,0.532,1.0,0.966,0.0056,0.9
5.715682286726782e-6,0.4676594368286926,0.46329284954318617,1.0,2.713,0.532,1.0,0.966,0.0056,0.9
8.523068922117274e-6,0.4722436006045082,0.46337647913666824,1.0,2.713,0.532,1.0,0.966,0.0056,0.9
9.585985280149444e-6,0.47153529379639414,0.46337371813622824,1.0,2.713,0.532,1.0,0.966,0.0056,0.9
9.915790131554781e-6,0.4679411580651459,0.46327875400326757,1.0,2.713,0.532,1.0,0.966,0.0056,0.9
7.914114099585443e-6,0.47005362434111425,0.4633235260044794,1.0,2.713,0.532,1.0,0.966,0.0056,0.9
4.247903140391238e-6,0.4699817962722384,0.4633405925849372,1.0,2.713,0.532,1.0,0.966,0.0056,0.9
7.13357619272535e-6,0.4707204829354936,0.4633571691616076,1.0,2.713,0.532,1.0,0.966,0.0056,0.9
7.696934843328268e-6,0.4700491087491179,0.4633449394031769,1.0,2.713,0.532,1.0,0.966,0.0056,0.9
1.2800680557875637e-6,0.4703747628720376,0.4633402831542046,1.0,2.713,0.532,1.0,0.966,0.0056,0.9
7.974944645666645e-6,0.4680187831234639,0.46328166025833806,1.0,2.713,0.532,1.0,0.966,0.0056,0.9
1.1897249646350009e-6,0.46994734647114533,0.4633354319173407,1.0,2.713,0.532,1.0,0.966,0.0056,0.9
7.780042057375616e-6,0.46723494017112516,0.46328491393971605,1.0,2.713,0.532,1.0,0.966,0.0056,0.9
3.750360072049911e-6,0.4704562241142731,0.46334879825959924,1.0,2.713,0.532,1.0,0.966,0.0056,0.9
5.6212300834978144e-6,0.46680605739537384,0.4632628974669041,1.0,2.713,0.532,1.0,0.966,0.0056,0.9
7.991713908671251e-6,0.4691234496307536,0.46330374588883305,1.0,2.713,0.532,1.0,0.966,0.0056,0.9
0.00015938653569560663,0.46028900146484375,0.46317138671875,1.0,2.713,0.532,1.0,0.966,0.0056,0.9
9.23318404172487e-6,0.4696892225829363,0.46331475402718053,1.0,2.713,0.532,1.0,0.966,0.0056,0.9
7.632102444429283e-6,0.4718200376005156,0.4633655150365083,1.0,2.713,0.532,1.0,0.966,0.0056,0.9
8.233913765679796e-6,0.4693203954969767,0.4633076652876314,1.0,2.713,0.532,1.0,0.966,0.0056,0.9
2.9020166305117137e-6,0.4683964329518529,0.4632938095697625,1.0,2.713,0.532,1.0,0.966,0.0056,0.9
4.723835091333131e-6,0.4676056351829019,0.4632904806533155,1.0,2.713,0.532,1.0,0.966,0.0056,0.9
8.512100609806249e-6,0.4675166515381628,0.46327172291920804,1.0,2.713,0.532,1.0,0.966,0.0056,0.9
1.720136041937555e-6,0.47020963749261946,0.46334113701638424,1.0,2.713,0.532,1.0,0.966,0.0056,0.9
1.4117868950076307e-6,0.46844197231018836,0.4632970165060235,1.0,2.713,0.532,1.0,0.966,0.0056,0.9
4.33194085878357e-6,0.47048874345060554,0.4633501076409632,1.0,2.713,0.532,1.0,0.966,0.0056,0.9
3.906315170204723e-6,0.46750952770957216,0.4632764811327774,1.0,2.713,0.532,1.0,0.966,0.0056,0.9
9.972804402922602e-6,0.46660166353731286,0.463254186570084,1.0,2.713,0.532,1.0,0.966,0.0056,0.9
8.823467794954373e-6,0.4723049812998882,0.4633836056607288,1.0,2.713,0.532,1.0,0.966,0.0056,0.9
7.417651708261741e-6,0.46631786059229774,0.4632607338752417,1.0,2.713,0.532,1.0,0.966,0.0056,0.9
4.13293632950313e-6,0.4673269752074196,0.4632731726821265,1.0,2.713,0.532,1.0,0.966,0.0056,0.9
9.067031021015277e-6,0.4658967017370863,0.4632507849652856,1.0,2.713,0.532,1.0,0.966,0.0056,0.9
6.039756822818513e-6,0.4693864537330049,0.46333046190189386,1.0,2.713,0.532,1.0,0.966,0.0056,0.9
8.951890127987799e-6,0.46847704679140023,0.4633136321846242,1.0,2.713,0.532,1.0,0.966,0.0056,0.9
9.58340548112453e-6,0.4696412528759011,0.46331350243632263,1.0,2.713,0.532,1.0,0.966,0.0056,0.9
5.488162974242534e-7,0.46837950880481893,0.4633007804276611,1.0,2.713,0.532,1.0,0.966,0.0056,0.9
6.789339984221107e-6,0.471028595534535,0.4633623366273027,1.0,2.713,0.532,1.0,0.966,0.0056,0.9
6.521814048925661e-6,0.4672153892761091,0.46328318377864586,1.0,2.713,0.532,1.0,0.966,0.0056,0.9
2.5212952560426045e-6,0.469710119441725,0.4633333255372457,1.0,2.713,0.532,1.0,0.966,0.0056,0.9
3.8404344488776305e-6,0.46924631653252447,0.4633255906938205,1.0,2.713,0.532,1.0,0.966,0.0056,0.9
9.837821484210414e-6,0.4657272564318691,0.46324668093765237,1.0,2.713,0.532,1.0,0.966,0.0056,0.9
8.640810103469768e-6,0.4674525522692623,0.46329072368800644,1.0,2.713,0.532,1.0,0.966,0.0056,0.9
7.345973530814089e-6,0.4716289019775002,0.46337279323875746,1.0,2.713,0.532,1.0,0.966,0.0056,0.9
5.8860282730624615e-6,0.4717620395116069,0.46337134070871977,1.0,2.713,0.532,1.0,0.966,0.0056,0.9
1.7833426703518456e-6,0.4688869938792333,0.46331557283769076,1.0,2.713,0.532,1.0,0.966,0.0056,0.9
8.139524820565676e-6,0.47078959113244334,0.4633592973367302,1.0,2.713,0.532,1.0,0.966,0.0056,0.9
7.405206730878988e-6,0.46985383442769435,0.4633195817243369,1.0,2.713,0.532,1.0,0.966,0.0056,0.9
3.4193659302519916e-6,0.46843103468076097,0.4633078336720874,1.0,2.713,0.532,1.0,0.966,0.0056,0.9
1.7376322199948368e-6,0.4688900085470846,0.4633155664056954,1.0,2.713,0.532,1.0,0.966,0.0056,0.9
8.670601971050662e-6,0.4693730574926309,0.4633084630864983,1.0,2.713,0.532,1.0,0.966,0.0056,0.9
5.266759889583999e-6,0.46930131050352986,0.46332807021912925,1.0,2.713,0.532,1.0,0.966,0.0056,0.9
8.695389510645069e-6,0.46749610536100195,0.46327119433965125,1.0,2.713,0.532,1.0,0.966,0.0056,0.9
6.735572353134792e-6,0.46866000981801914,0.46331590713032833,1.0,2.713,0.532,1.0,0.966,0.0056,0.9
1.008327398971008,0.0,0.45907552431134796,1.0,2.713,0.532,1.0,0.966,0.0056,0.9
8.490810868866359e-6,0.4691564306367805,0.46330407732718554,1.0,2.713,0.532,1.0,0.966,0.0056,0.9
6.688726345352162e-7,0.46842531764394346,0.4633026927413477,1.0,2.713,0.532,1.0,0.966,0.0056,0.9
1.0118296804591686e-6,0.4694038400631111,0.46331699723918196,1.0,2.713,0.532,1.0,0.966,0.0056,0.9
6.300210216184955e-6,0.46847808043964084,0.46331165497331894,1.0,2.713,0.532,1.0,0.966,0.0056,0.9
3.941778413118352e-6,0.4689573489382166,0.4633037345366865,1.0,2.713,0.532,1.0,0.966,0.0056,0.9
3.8861505898755885e-6,0.47102071232190124,0.463358247244332,1.0,2.713,0.532,1.0,0.966,0.0056,0.9
7.1918137376438125e-6,0.4714379901573531,0.46335611951228506,1.0,2.713,0.532,1.0,0.966,0.0056,0.9
1.741492969041926e-6,0.47059197250693463,0.4633458359060556,1.0,2.713,0.532,1.0,0.966,0.0056,0.9
4.934816600029554e-6,0.4711265911603351,0.46336167605178363,1.0,2.713,0.532,1.0,0.966,0.0056,0.9
9.659738178548622e-6,0.465732557528191,0.4632459826065175,1.0,2.713,0.532,1.0,0.966,0.0056,0.9
3.016056451105402e-6,0.4696659830304004,0.46333309412256646,1.0,2.713,0.532,1.0,0.966,0.0056,0.9
7.510472934927546e-6,0.4687292283266462,0.4633179708671189,1.0,2.713,0.532,1.0,0.966,0.0056,0.9
4.193932235344368e-6,0.46693850220748434,0.4632716156770223,1.0,2.713,0.532,1.0,0.966,0.0056,0.9
8.027173708049907e-6,0.47029863069376854,0.4633288154138627,1.0,2.713,0.532,1.0,0.966,0.0056,0.9
5.147837022725513e-6,0.4708235868813391,0.46335697378643514,1.0,2.713,0.532,1.0,0.966,0.0056,0.9
5.490969186470934e-6,0.4701683096432221,0.4633453837715693,1.0,2.713,0.532,1.0,0.966,0.0056,0.9
9.826937225935197e-6,0.4674397394822192,0.46326927464045375,1.0,2.713,0.532,1.0,0.966,0.0056,0.9
3.033601106993295e-6,0.4684520980972321,0.4633078335744106,1.0,2.713,0.532,1.0,0.966,0.0056,0.9
6.478308179653485e-6,0.4681758828365139,0.46328590217315624,1.0,2.713,0.532,1.0,0.966,0.0056,0.9
1.5648103400247197e-6,0.4685292979983092,0.46330738647159087,1.0,2.713,0.532,1.0,0.966,0.0056,0.9
2.293242832708919e-6,0.47071556491784694,0.4633459839051799,1.0,2.713,0.532,1.0,0.966,0.0056,0.9
0.0008794517240580471,0.4430389404296875,0.46284179687499993,1.0,2.713,0.532,1.0,0.966,0.0056,0.9
5.0122448970359106e-6,0.47031483435915533,0.4633476742448569,1.0,2.713,0.532,1.0,0.966,0.0056,0.9
3.594900490719521e-6,0.4694278061773398,0.46332901764860723,1.0,2.713,0.532,1.0,0.966,0.0056,0.9
4.263318518980349e-6,0.46750228889679024,0.4632873806267199,1.0,2.713,0.532,1.0,0.966,0.0056,0.9
2.5623900699246725e-6,0.4708839813669301,0.46335050260375543,1.0,2.713,0.532,1.0,0.966,0.0056,0.9
6.854279752698144e-6,0.4663638511635336,0.46325517607533817,1.0,2.713,0.532,1.0,0.966,0.0056,0.9
2.0598046019050206e-6,0.46763397747002233,0.4632826540261556,1.0,2.713,0.532,1.0,0.966,0.0056,0.9
4.2840616721510565e-6,0.4698826676173996,0.4633229382214103,1.0,2.713,0.532,1.0,0.966,0.0056,0.9
5.460894351930131e-6,0.46730639828174503,0.4632709261266619,1.0,2.713,0.532,1.0,0.966,0.0056,0.9
8.444163138050558e-6,0.4717275579636185,0.4633756776507859,1.0,2.713,0.532,1.0,0.966,0.0056,0.9
5.699836255761567e-6,0.4697935381936259,0.46333831622077915,1.0,2.713,0.532,1.0,0.966,0.0056,0.9
8.099633818755043e-6,0.47210788240358437,0.46338025401553007,1.0,2.713,0.532,1.0,0.966,0.0056,0.9
9.683926928474594e-6,0.4724868053401387,0.46338190139771757,1.0,2.713,0.532,1.0,0.966,0.0056,0.9
2.3612107228666723e-6,0.46958976003331654,0.46333076188093103,1.0,2.713,0.532,1.0,0.966,0.0056,0.9
5.573907070353154e-6,0.4665507367440334,0.4632625044905865,1.0,2.713,0.532,1.0,0.966,0.0056,0.9
7.858688298478809e-6,0.47214440626693666,0.46337491279276133,1.0,2.713,0.532,1.0,0.966,0.0056,0.9
6.379516603494709e-6,0.46777865190387197,0.463296234062575,1.0,2.713,0.532,1.0,0.966,0.0056,0.9
2.1422822454909186e-7,0.4688278899066727,0.4633104996433184,1.0,2.713,0.532,1.0,0.966,0.0056,0.9
8.037125334235475e-6,0.4678926207185162,0.46330020042975134,1.0,2.713,0.532,1.0,0.966,0.0056,0.9
9.700034391648728e-6,0.4672870990825587,0.46326654286262403,1.0,2.713,0.532,1.0,0.966,0.0056,0.9
7.4134307347226495e-6,0.47079219125248034,0.46335872332435246,1.0,2.713,0.532,1.0,0.966,0.0056,0.9
2.4931508444710622e-6,0.4703207849191481,0.46334454265556735,1.0,2.713,0.532,1.0,0.966,0.0056,0.9
4.717560073724675e-6,0.46962486456684016,0.46333408873530135,1.0,2.713,0.532,1.0,0.966,0.0056,0.9
8.440548552112493e-6,0.4722937028056744,0.4633786679042665,1.0,2.713,0.532,1.0,0.966,0.0056,0.9
7.549308630542809e-7,0.46838719478993385,0.4633020610808993,1.0,2.713,0.532,1.0,0.966,0.0056,0.9
2.399675337580969e-6,0.4694436797273208,0.46332791925725425,1.0,2.713,0.532,1.0,0.966,0.0056,0.9
5.335761594984811e-6,0.4701618468616641,0.46334511437220227,1.0,2.713,0.532,1.0,0.966,0.0056,0.9
2.1477397472494593e-6,0.46843621563059,0.46330626087095467,1.0,2.713,0.532,1.0,0.966,0.0056,0.9
4.19585216036967e-6,0.46694310827242247,0.46327179902841825,1.0,2.713,0.532,1.0,0.966,0.0056,0.9
5.97732702210031e-6,0.47180444088486917,0.46337172042146857,1.0,2.713,0.532,1.0,0.966,0.0056,0.9
3.3667273238641816e-6,0.4684525064205441,0.4632943164731682,1.0,2.713,0.532,1.0,0.966,0.0056,0.9
8.608529053604475e-6,0.46920761284192103,0.46330505697122176,1.0,2.713,0.532,1.0,0.966,0.0056,0.9
1.0718835265423177e-6,0.46931222679586737,0.4633231839344903,1.0,2.713,0.532,1.0,0.966,0.0056,0.9
5.245776279258128e-6,0.47061350072120167,0.46335338412102856,1.0,2.713,0.532,1.0,0.966,0.0056,0.9
8.424744229008777e-6,0.46783386636949054,0.46327776729034387,1.0,2.713,0.532,1.0,0.966,0.0056,0.9
5.988265111953446e-6,0.46904352153116813,0.46330363146987075,1.0,2.713,0.532,1.0,0.966,0.0056,0.9
7.3056570083155334e-6,0.46863394034979455,0.46329427878691054,1.0,2.713,0.532,1.0,0.966,0.0056,0.9
4.760616969634774e-6,0.46695392654293466,0.4632738586211351,1.0,2.713,0.532,1.0,0.966,0.0056,0.9
7.409691862139768e-6,0.4698214599745661,0.46334025577093074,1.0,2.713,0.532,1.0,0.966,0.0056,0.9
8.879417594965661e-6,0.4716078092066772,0.46337424408449174,1.0,2.713,0.532,1.0,0.966,0.0056,0.9
5.646770283534671e-6,0.47156853099796714,0.4633690923260554,1.0,2.713,0.532,1.0,0.966,0.0056,0.9
5.998607366336683e-6,0.4684562220510893,0.46329179003788834,1.0,2.713,0.532,1.0,0.966,0.0056,0.9
7.497346450932438e-7,0.46824178294718277,0.4632958228162769,1.0,2.713,0.532,1.0,0.966,0.0056,0.9
6.8526520267462164e-6,0.4669459006734884,0.4632632096184312,1.0,2.713,0.532,1.0,0.966,0.0056,0.9
4.280993366426762e-6,0.47004981678418045,0.46332662980034656,1.0,2.713,0.532,1.0,0.966,0.0056,0.9
1.972192742899572e-6,0.46771059465226195,0.46328381476461633,1.0,2.713,0.532,1.0,0.966,0.0056,0.9
7.949559005733441e-6,0.46864130688932204,0.4632939492325973,1.0,2.713,0.532,1.0,0.966,0.0056,0.9
4.5712643625558556e-5,0.4671438839336588,0.463300597667694,1.0,2.713,0.532,1.0,0.966,0.0056,0.9
3.4107913593948733e-6,0.4706354293892354,0.4633413055583466,1.0,2.713,0.532,1.0,0.966,0.0056,0.9
9.706444033127577e-6,0.4693508526072143,0.4633324005929465,1.0,2.713,0.532,1.0,0.966,0.0056,0.9
7.922805565981893e-6,0.4672164282661567,0.4632667547299289,1.0,2.713,0.532,1.0,0.966,0.0056,0.9
4.878473678454512e-6,0.46883975167358094,0.46330044150075345,1.0,2.713,0.532,1.0,0.966,0.0056,0.9
2.0539507963142204e-6,0.4700304852436721,0.4633386554966435,1.0,2.713,0.532,1.0,0.966,0.0056,0.9
1.837307595463229e-6,0.47019066111000807,0.4633332895608935,1.0,2.713,0.532,1.0,0.966,0.0056,0.9
1.949951668694236e-6,0.47058978210605895,0.4633435098709167,1.0,2.713,0.532,1.0,0.966,0.0056,0.9
7.75293880189948e-6,0.47104241121013074,0.46334595692239483,1.0,2.713,0.532,1.0,0.966,0.0056,0.9
3.086591866716778e-6,0.4680876087694933,0.46329967495797464,1.0,2.713,0.532,1.0,0.966,0.0056,0.9
5.162424688717303e-6,0.4690833795606554,0.4633234944010287,1.0,2.713,0.532,1.0,0.966,0.0056,0.9
3.9031513358800845e-6,0.4683502645187587,0.4632917336786416,1.0,2.713,0.532,1.0,0.966,0.0056,0.9
8.490945491581077e-6,0.4714915780467108,0.46335602620823657,1.0,2.713,0.532,1.0,0.966,0.0056,0.9
7.643688553835098e-6,0.4660995722063158,0.46325275264849375,1.0,2.713,0.532,1.0,0.966,0.0056,0.9
1.008327396676427,0.0,0.4590755246415162,1.0,2.713,0.532,1.0,0.966,0.0056,0.9
2.863964950937428e-6,0.4709614887141118,0.46335451878458556,1.0,2.713,0.532,1.0,0.966,0.0056,0.9
4.736235837095147e-6,0.4715006429434066,0.4633626987228605,1.0,2.713,0.532,1.0,0.966,0.0056,0.9
8.868604251415272e-6,0.469111987488972,0.463302899943699,1.0,2.713,0.532,1.0,0.966,0.0056,0.9
9.532502448846624e-6,0.4698221663335923,0.4633173909365597,1.0,2.713,0.532,1.0,0.966,0.0056,0.9
3.3692025727608637e-6,0.4690023794000633,0.46332004250772296,1.0,2.713,0.532,1.0,0.966,0.0056,0.9
3.5488760551493926e-6,0.4686504517220158,0.4632979854386497,1.0,2.713,0.532,1.0,0.966,0.0056,0.9
8.942669467570881e-6,0.46930554795532253,0.4633068672140588,1.0,2.713,0.532,1.0,0.966,0.0056,0.9
4.7973720285064e-6,0.4705311378967689,0.46335140872575376,1.0,2.713,0.532,1.0,0.966,0.0056,0.9
6.765783612642744e-6,0.466371303411266,0.46326078870507703,1.0,2.713,0.532,1.0,0.966,0.0056,0.9
8.744817027130732e-6,0.46840319128543784,0.46331190188426663,1.0,2.713,0.532,1.0,0.966,0.0056,0.9
4.224133092858337e-6,0.4713872404012389,0.46336089109429557,1.0,2.713,0.532,1.0,0.966,0.0056,0.9
1.378622718367247e-6,0.4699995417034547,0.4633296904130091,1.0,2.713,0.532,1.0,0.966,0.0056,0.9
9.864216952572817e-6,0.47068930612291493,0.46335876286634586,1.0,2.713,0.532,1.0,0.966,0.0056,0.9
7.489687204558676e-7,0.4681952682396625,0.4632958027297414,1.0,2.713,0.532,1.0,0.966,0.0056,0.9
4.906868174409395e-6,0.4667681167072212,0.4632643660516298,1.0,2.713,0.532,1.0,0.966,0.0056,0.9
5.739707901016134e-6,0.46668514775362924,0.4632611460453321,1.0,2.713,0.532,1.0,0.966,0.0056,0.9
3.2016215886962623e-6,0.4707588572269398,0.46334478090832454,1.0,2.713,0.532,1.0,0.966,0.0056,0.9
6.791992018018976e-6,0.4670745257144797,0.46328005011508816,1.0,2.713,0.532,1.0,0.966,0.0056,0.9
9.63390879652685e-6,0.46689703897534984,0.4632785381239224,1.0,2.713,0.532,1.0,0.966,0.0056,0.9
2.7252469721831636e-6,0.4673300843149548,0.463278293983434,1.0,2.713,0.532,1.0,0.966,0.0056,0.9
9.725313338534941e-6,0.4657909337378552,0.4632488543802924,1.0,2.713,0.532,1.0,0.966,0.0056,0.9
4.55334850912127e-6,0.4714079933149091,0.46336447983999796,1.0,2.713,0.532,1.0,0.966,0.0056,0.9
6.569135766013046e-6,0.4716269022098454,0.4633619151394019,1.0,2.713,0.532,1.0,0.966,0.0056,0.9
4.239175228884334e-6,0.467045407309826,0.46327527333323837,1.0,2.713,0.532,1.0,0.966,0.0056,0.9
9.971729097818906e-6,0.4674782607143061,0.4632698884200854,1.0,2.713,0.532,1.0,0.966,0.0056,0.9
7.579528126043123e-6,0.47214468544200594,0.4633787027467256,1.0,2.713,0.532,1.0,0.966,0.0056,0.9
3.343872635016557e-6,0.4700882331130911,0.46332856370779185,1.0,2.713,0.532,1.0,0.966,0.0056,0.9
9.337411626614852e-6,0.4685835187649823,0.4632918211744885,1.0,2.713,0.532,1.0,0.966,0.0056,0.9
7.158367094060044e-6,0.47192329280282586,0.46337632850765603,1.0,2.713,0.532,1.0,0.966,0.0056,0.9
9.080599441180099e-6,0.4686872742832765,0.4633181969055946,1.0,2.713,0.532,1.0,0.966,0.0056,0.9
5.8204120207061995e-6,0.470143392290291,0.46334521135645346,1.0,2.713,0.532,1.0,0.966,0.0056,0.9
4.038942424146146e-6,0.471016596256857,0.4633499158232148,1.0,2.713,0.532,1.0,0.966,0.0056,0.9
5.591591894472698e-6,0.4679328974774031,0.46329899176242384,1.0,2.713,0.532,1.0,0.966,0.0056,0.9
0.0009183684823345597,0.43877407093532383,0.4626098632812507,1.0,2.713,0.532,1.0,0.966,0.0056,0.9
6.827429294896839e-6,0.4672414836699976,0.46328413684311315,1.0,2.713,0.532,1.0,0.966,0.0056,0.9
5.543096720934876e-6,0.46965201025768055,0.46333537908885725,1.0,2.713,0.532,1.0,0.966,0.0056,0.9
7.775896557146015e-6,0.4671252494898913,0.46328230132178466,1.0,2.713,0.532,1.0,0.966,0.0056,0.9
7.6098608848482e-6,0.46655399679539133,0.4632677823683491,1.0,2.713,0.532,1.0,0.966,0.0056,0.9
6.262917683961383e-6,0.4696103184896818,0.46331526422613434,1.0,2.713,0.532,1.0,0.966,0.0056,0.9
6.6160691701032294e-6,0.4711773633984451,0.4633503333053147,1.0,2.713,0.532,1.0,0.966,0.0056,0.9
5.6089227485069455e-6,0.466566637649949,0.4632636455468544,1.0,2.713,0.532,1.0,0.966,0.0056,0.9
4.6244862904263045e-6,0.4713207710182987,0.4633638218621893,1.0,2.713,0.532,1.0,0.966,0.0056,0.9
5.167036039814893e-6,0.47046789205336803,0.46333513718643693,1.0,2.713,0.532,1.0,0.966,0.0056,0.9
8.144015418261916e-6,0.4711223756165871,0.46334748282390414,1.0,2.713,0.532,1.0,0.966,0.0056,0.9
5.201965849440296e-6,0.4716353557628339,0.46336598753860847,1.0,2.713,0.532,1.0,0.966,0.0056,0.9
7.14960731625993e-6,0.4670080386995128,0.4632788139694733,1.0,2.713,0.532,1.0,0.966,0.0056,0.9
4.372493023836646e-6,0.4680630370305263,0.4633006838228967,1.0,2.713,0.532,1.0,0.966,0.0056,0.9
1.2139141720505684e-6,0.46842777558110077,0.4633043537541902,1.0,2.713,0.532,1.0,0.966,0.0056,0.9
7.137493257969763e-7,0.46966995535247236,0.4633292509725925,1.0,2.713,0.532,1.0,0.966,0.0056,0.9
2.899049984928712e-6,0.4698898393172465,0.4633372729292336,1.0,2.713,0.532,1.0,0.966,0.0056,0.9
7.310370936805566e-6,0.46811206281110573,0.46328398326742604,1.0,2.713,0.532,1.0,0.966,0.0056,0.9
3.5037385414290615e-6,0.4677335164094648,0.46329191131144964,1.0,2.713,0.532,1.0,0.966,0.0056,0.9
7.6861030975637e-6,0.46900399488472744,0.4633015065242576,1.0,2.713,0.532,1.0,0.966,0.0056,0.9
3.781668245200501e-6,0.46981828565036476,0.46333694070955533,1.0,2.713,0.532,1.0,0.966,0.0056,0.9
7.5668846603341056e-6,0.46615039678001224,0.46325527329241456,1.0,2.713,0.532,1.0,0.966,0.0056,0.9
6.7896138135784585e-6,0.47094567373437457,0.4633445987848503,1.0,2.713,0.532,1.0,0.966,0.0056,0.9
9.945114777829955e-6,0.46599166876977804,0.4632448708534842,1.0,2.713,0.532,1.0,0.966,0.0056,0.9
9.368394187805523e-6,0.46686119234426116,0.4632774419818204,1.0,2.713,0.532,1.0,0.966,0.0056,0.9
3.631293440431708e-6,0.4711226761421585,0.4633588944402304,1.0,2.713,0.532,1.0,0.966,0.0056,0.9
6.15105132975005e-6,0.4682951527973984,0.46328849904777236,1.0,2.713,0.532,1.0,0.966,0.0056,0.9
9.750526976317355e-6,0.46910552601070166,0.463302183524623,1.0,2.713,0.532,1.0,0.966,0.0056,0.9
8.38026187025596e-6,0.466694904438685,0.4632723757036572,1.0,2.713,0.532,1.0,0.966,0.0056,0.9
5.051604123881716e-6,0.46889100484607427,0.46331937748237967,1.0,2.713,0.532,1.0,0.966,0.0056,0.9
3.911132583808005e-6,0.4703359525851716,0.4633468399077384,1.0,2.713,0.532,1.0,0.966,0.0056,0.9
8.84311456175567e-6,0.4690262090617179,0.46332514369522004,1.0,2.713,0.532,1.0,0.966,0.0056,0.9
4.1338756231753965e-6,0.46730575018636666,0.46328222106837474,1.0,2.713,0.532,1.0,0.966,0.0056,0.9
3.4686834179254684e-6,0.4683991106454144,0.4633071862296644,1.0,2.713,0.532,1.0,0.966,0.0056,0.9
6.788721953989518e-6,0.468890182641588,0.46329985459481415,1.0,2.713,0.532,1.0,0.966,0.0056,0.9
7.831056781124272e-6,0.4721978746668474,0.4633773120880055,1.0,2.713,0.532,1.0,0.966,0.0056,0.9
1.894293041478728e-6,0.4681732082562424,0.46329123569125924,1.0,2.713,0.532,1.0,0.966,0.0056,0.9
4.396796449158889e-6,0.46972551054887823,0.4633357676773239,1.0,2.713,0.532,1.0,0.966,0.0056,0.9
1.429866518719913e-9,0.46911867272761365,0.4633151649416375,1.0,2.713,0.532,1.0,0.966,0.0056,0.9
6.87507937009046e-6,0.4719641546840099,0.46337159138044426,1.0,2.713,0.532,1.0,0.966,0.0056,0.9
9.577199949377808e-6,0.4692898214074832,0.4633310689266932,1.0,2.713,0.532,1.0,0.966,0.0056,0.9
5.263569041572794e-6,0.4710096198882998,0.4633602636675721,1.0,2.713,0.532,1.0,0.966,0.0056,0.9
9.676010901274824e-6,0.4720439446517144,0.46336875233231783,1.0,2.713,0.532,1.0,0.966,0.0056,0.9
1.6015617062669033e-6,0.46954413642949244,0.4633287311928198,1.0,2.713,0.532,1.0,0.966,0.0056,0.9
1.0083273965628867,0.0,0.45907552465805557,1.0,2.713,0.532,1.0,0.966,0.0056,0.9
2.6408540771974914e-6,0.4684808351591754,0.46329577072317635,1.0,2.713,0.532,1.0,0.966,0.0056,0.9
5.887292122774604e-6,0.4714979637387344,0.46335954059255346,1.0,2.713,0.532,1.0,0.966,0.0056,0.9
4.03350782310224e-6,0.46861915658377484,0.4633126086789841,1.0,2.713,0.532,1.0,0.966,0.0056,0.9
1.4393370504120407e-6,0.4680629416314541,0.4632904448776683,1.0,2.713,0.532,1.0,0.966,0.0056,0.9
9.824832148132665e-6,0.46590548560232037,0.4632528873309659,1.0,2.713,0.532,1.0,0.966,0.0056,0.9
1.1327280110587397e-6,0.47025784277532534,0.46333989720406155,1.0,2.713,0.532,1.0,0.966,0.0056,0.9
7.186758428089208e-6,0.4714115356706805,0.46336920213092814,1.0,2.713,0.532,1.0,0.966,0.0056,0.9
2.016850265428936e-6,0.4694579828956019,0.46331644939386896,1.0,2.713,0.532,1.0,0.966,0.0056,0.9
7.349862575938743e-6,0.4679612747197113,0.4633011830792866,1.0,2.713,0.532,1.0,0.966,0.0056,0.9
3.2555146991764773e-6,0.46786936844664084,0.46328361821461783,1.0,2.713,0.532,1.0,0.966,0.0056,0.9
2.318284596831674e-6,0.4677932133495908,0.46329126733988985,1.0,2.713,0.532,1.0,0.966,0.0056,0.9
0.0006376484397828382,0.4467867171860007,0.4627783983945845,1.0,2.713,0.532,1.0,0.966,0.0056,0.9
9.740787245608246e-6,0.4704125910424233,0.4633534350854661,1.0,2.713,0.532,1.0,0.966,0.0056,0.9
6.713454588643881e-6,0.4683386213519538,0.4633089726700069,1.0,2.713,0.532,1.0,0.966,0.0056,0.9
5.632686532126802e-6,0.47032031507783845,0.4633313258504458,1.0,2.713,0.532,1.0,0.966,0.0056,0.9
8.983757272206942e-6,0.46986664174919834,0.4633422876486113,1.0,2.713,0.532,1.0,0.966,0.0056,0.9
1.4339512045825556e-6,0.4700644921665986,0.463331123457401,1.0,2.713,0.532,1.0,0.966,0.0056,0.9
9.005233956759047e-6,0.4690402732137656,0.46332554546473126,1.0,2.713,0.532,1.0,0.966,0.0056,0.9
4.288136239851019e-6,0.4681521035123801,0.46330260070507956,1.0,2.713,0.532,1.0,0.966,0.0056,0.9
6.82172448196923e-6,0.466321836765502,0.46325507080405953,1.0,2.713,0.532,1.0,0.966,0.0056,0.9
8.985422987573898e-6,0.4664559721509638,0.463252841393345,1.0,2.713,0.532,1.0,0.966,0.0056,0.9
6.910055424892248e-6,0.46629780486926087,0.46325856185161907,1.0,2.713,0.532,1.0,0.966,0.0056,0.9
9.513451538161147e-6,0.4687972305558048,0.4632960223601612,1.0,2.713,0.532,1.0,0.966,0.0056,0.9
2.266325705052037e-6,0.468630988485766,0.4632991917979343,1.0,2.713,0.532,1.0,0.966,0.0056,0.9
4.445731935060257e-6,0.4712359418653791,0.4633550759327657,1.0,2.713,0.532,1.0,0.966,0.0056,0.9
3.8014230612807387e-6,0.46800288028759185,0.46329864973193724,1.0,2.713,0.532,1.0,0.966,0.0056,0.9
5.584083499765605e-6,0.47173461860920174,0.4633684360411371,1.0,2.713,0.532,1.0,0.966,0.0056,0.9
9.615125842846088e-6,0.4705603842963938,0.4633334573788366,1.0,2.713,0.532,1.0,0.966,0.0056,0.9
4.480364836308554e-6,0.46856450140762906,0.4633118803222256,1.0,2.713,0.532,1.0,0.966,0.0056,0.9
4.49271898526594e-6,0.4670198399640614,0.4632751480333749,1.0,2.713,0.532,1.0,0.966,0.0056,0.9
4.218034112882464e-6,0.46885614154994615,0.46330140339103815,1.0,2.713,0.532,1.0,0.966,0.0056,0.9
9.144908724895787e-7,0.46865635140623274,0.4633089139969996,1.0,2.713,0.532,1.0,0.966,0.0056,0.9
7.905174017916904e-6,0.4699444949906819,0.4633211639132516,1.0,2.713,0.532,1.0,0.966,0.0056,0.9
8.96604134561888e-6,0.46957347033533514,0.4633124790653682,1.0,2.713,0.532,1.0,0.966,0.0056,0.9
4.0531982562408666e-6,0.4686701292648703,0.4632978392816994,1.0,2.713,0.532,1.0,0.966,0.0056,0.9
2.364641664707375e-6,0.4701424875336835,0.4633411903402723,1.0,2.713,0.532,1.0,0.966,0.0056,0.9
3.6655751644971205e-6,0.4678040911432805,0.46328188446080887,1.0,2.713,0.532,1.0,0.966,0.0056,0.9
3.2761683359483797e-6,0.4695505824960955,0.4633168281779657,1.0,2.713,0.532,1.0,0.966,0.0056,0.9
7.79480138418049e-6,0.4705474512073382,0.46333454732227264,1.0,2.713,0.532,1.0,0.966,0.0056,0.9
6.366059485625542e-6,0.46712915120289056,0.46326683665399915,1.0,2.713,0.532,1.0,0.966,0.0056,0.9
6.355343289741917e-6,0.46863628014568626,0.46331509588812625,1.0,2.713,0.532,1.0,0.966,0.0056,0.9
8.914744233272582e-6,0.4716190956670778,0.46337446473582766,1.0,2.713,0.532,1.0,0.966,0.0056,0.9
5.949737410247934e-6,0.46676818372812023,0.46327098822785306,1.0,2.713,0.532,1.0,0.966,0.0056,0.9
3.025506992175163e-6,0.46876061976333083,0.4633145346739858,1.0,2.713,0.532,1.0,0.966,0.0056,0.9
4.4227148578502636e-6,0.46730987845497074,0.46327242649538103,1.0,2.713,0.532,1.0,0.966,0.0056,0.9
9.369468521824349e-6,0.47230488638230383,0.4633848485643257,1.0,2.713,0.532,1.0,0.966,0.0056,0.9
5.0413074201385015e-6,0.466872505443541,0.4632721280684279,1.0,2.713,0.532,1.0,0.966,0.0056,0.9
4.7774822136994774e-6,0.4684735609228694,0.46331019863069595,1.0,2.713,0.532,1.0,0.966,0.0056,0.9
0.0001565523804874352,0.459808349609375,0.4631591796875,1.0,2.713,0.532,1.0,0.966,0.0056,0.9
7.09616373916508e-6,0.4696020510235638,0.4633356496538489,1.0,2.713,0.532,1.0,0.966,0.0056,0.9
7.343239907725334e-6,0.4669928676505064,0.4632634362437836,1.0,2.713,0.532,1.0,0.966,0.0056,0.9
4.94447165163581e-6,0.4667028589922164,0.4632643807564336,1.0,2.713,0.532,1.0,0.966,0.0056,0.9
5.0806914201873155e-6,0.46866923134908,0.46329682839777975,1.0,2.713,0.532,1.0,0.966,0.0056,0.9
7.432753132289101e-6,0.46833320902234976,0.4633094247430437,1.0,2.713,0.532,1.0,0.966,0.0056,0.9
5.414065389466902e-6,0.4697049352803845,0.463336315746418,1.0,2.713,0.532,1.0,0.966,0.0056,0.9
5.804377002340238e-6,0.4689921676748319,0.4633221516844448,1.0,2.713,0.532,1.0,0.966,0.0056,0.9
5.988555827984238e-6,0.4683636380981082,0.46328997786910264,1.0,2.713,0.532,1.0,0.966,0.0056,0.9
3.3353972619325185e-6,0.46912401257020964,0.4633077936552832,1.0,2.713,0.532,1.0,0.966,0.0056,0.9
7.582869877131046e-6,0.46939222810811554,0.46330963636657685,1.0,2.713,0.532,1.0,0.966,0.0056,0.9
2.0388786094790042e-6,0.4707043697368193,0.46334712017040447,1.0,2.713,0.532,1.0,0.966,0.0056,0.9
6.849246151769772e-6,0.466652586625657,0.4632693138651027,1.0,2.713,0.532,1.0,0.966,0.0056,0.9
2.7086988612198063e-6,0.47032090802492243,0.46333483010583937,1.0,2.713,0.532,1.0,0.966,0.0056,0.9
7.914623623982304e-6,0.46901224003805275,0.46330151056345187,1.0,2.713,0.532,1.0,0.966,0.0056,0.9
2.6257896858297222e-6,0.4679354135009268,0.4632953905108246,1.0,2.713,0.532,1.0,0.966,0.0056,0.9
3.694939882368165e-6,0.4699949932512809,0.4633402381046332,1.0,2.713,0.532,1.0,0.966,0.0056,0.9
6.391314097717095e-6,0.4690805641518765,0.4633040666102368,1.0,2.713,0.532,1.0,0.966,0.0056,0.9
5.434075397985425e-6,0.47016520764432435,0.46334527134187586,1.0,2.713,0.532,1.0,0.966,0.0056,0.9
1.6844055670368503e-6,0.46858976350118686,0.46329929010120585,1.0,2.713,0.532,1.0,0.966,0.0056,0.9
1.326377603245316e-6,0.4682688708088917,0.46330083863896937,1.0,2.713,0.532,1.0,0.966,0.0056,0.9
9.649862951245198e-6,0.47152898001676946,0.4633736691740258,1.0,2.713,0.532,1.0,0.966,0.0056,0.9
8.463769358263309e-6,0.47100372301748494,0.46336345258712486,1.0,2.713,0.532,1.0,0.966,0.0056,0.9
9.81400523003069e-6,0.47234370304506734,0.46337690794805697,1.0,2.713,0.532,1.0,0.966,0.0056,0.9
8.597808085761941e-6,0.4721406025185967,0.46338161042452386,1.0,2.713,0.532,1.0,0.966,0.0056,0.9
9.518305157759827e-6,0.4692244538060113,0.46332968968123023,1.0,2.713,0.532,1.0,0.966,0.0056,0.9
6.400729207096643e-6,0.4665657679819111,0.46325829675513297,1.0,2.713,0.532,1.0,0.966,0.0056,0.9
9.661290556222658e-6,0.46874272109220183,0.463319755055826,1.0,2.713,0.532,1.0,0.966,0.0056,0.9
5.715952944848952e-6,0.46803737313601834,0.4632839195425506,1.0,2.713,0.532,1.0,0.966,0.0056,0.9
4.81468033504363e-6,0.4670185150704751,0.46327579274013475,1.0,2.713,0.532,1.0,0.966,0.0056,0.9
4.20532623720873e-6,0.47138470980818714,0.463360923287385,1.0,2.713,0.532,1.0,0.966,0.0056,0.9
4.1309660324615884e-6,0.4709507070125867,0.4633576521933345,1.0,2.713,0.532,1.0,0.966,0.0056,0.9
3.6544897447581643e-6,0.4670743569529676,0.4632713584712649,1.0,2.713,0.532,1.0,0.966,0.0056,0.9
2.9592392482767558e-6,0.46837534732949626,0.46329333335963047,1.0,2.713,0.532,1.0,0.966,0.0056,0.9
6.630921167684311e-6,0.4715612105193848,0.46337077835463303,1.0,2.713,0.532,1.0,0.966,0.0056,0.9
8.159737116340279e-6,0.4699894733407982,0.4633441204439748,1.0,2.713,0.532,1.0,0.966,0.0056,0.9
4.17077573469339e-6,0.4690809595863359,0.46330603526422093,1.0,2.713,0.532,1.0,0.966,0.0056,0.9
2.7762860912766253e-6,0.46835609922537924,0.46330536361451846,1.0,2.713,0.532,1.0,0.966,0.0056,0.9
7.750612522342246e-6,0.4660906532469984,0.4632533575690137,1.0,2.713,0.532,1.0,0.966,0.0056,0.9
6.595484845651183e-6,0.46745997822194363,0.4632723798455737,1.0,2.713,0.532,1.0,0.966,0.0056,0.9
8.145366596078873e-6,0.46606188328708464,0.46324943054637724,1.0,2.713,0.532,1.0,0.966,0.0056,0.9
2.2428733092147485e-6,0.46777041045043877,0.4632838220017226,1.0,2.713,0.532,1.0,0.966,0.0056,0.9
8.282379658956128e-6,0.4721402298167807,0.4633809675810099,1.0,2.713,0.532,1.0,0.966,0.0056,0.9
4.756875979611005e-6,0.4712231814417228,0.46336281293320347,1.0,2.713,0.532,1.0,0.966,0.0056,0.9
6.209354012121644e-6,0.47025471364192106,0.46332933076258254,1.0,2.713,0.532,1.0,0.966,0.0056,0.9
8.405623613914609e-6,0.4696094236221542,0.46333675830859733,1.0,2.713,0.532,1.0,0.966,0.0056,0.9
9.530793644925632e-6,0.4663905260149962,0.4632658933728795,1.0,2.713,0.532,1.0,0.966,0.0056,0.9
5.550901682980934e-6,0.4682558328596461,0.46330615976649686,1.0,2.713,0.532,1.0,0.966,0.0056,0.9
2.7046390055539158e-6,0.46947658133030046,0.4633289678979994,1.0,2.713,0.532,1.0,0.966,0.0056,0.9
8.408730006735987e-6,0.4667151202387265,0.46327291413519617,1.0,2.713,0.532,1.0,0.966,0.0056,0.9
3.0291781745236637e-6,0.46732758570634403,0.4632802046757598,1.0,2.713,0.532,1.0,0.966,0.0056,0.9
6.335482929332652e-6,0.4668458045837902,0.46326229378187067,1.0,2.713,0.532,1.0,0.966,0.0056,0.9
3.290665791591661e-6,0.46988294722799173,0.4633240422182032,1.0,2.713,0.532,1.0,0.966,0.0056,0.9
7.694887602137466e-6,0.4682548809348299,0.4633079221489026,1.0,2.713,0.532,1.0,0.966,0.0056,0.9
3.782825070216713e-7,0.46910277892470154,0.4633172012243942,1.0,2.713,0.532,1.0,0.966,0.0056,0.9
1.568805650532869e-7,0.4695419251221258,0.46332446356741414,1.0,2.713,0.532,1.0,0.966,0.0056,0.9
3.41173731392766e-6,0.46993836505542963,0.463338830521537,1.0,2.713,0.532,1.0,0.966,0.0056,0.9
7.896608363791993e-6,0.4660592208937221,0.463250717161235,1.0,2.713,0.532,1.0,0.966,0.0056,0.9
5.443118773824858e-6,0.46764051135028994,0.4632921228867255,1.0,2.713,0.532,1.0,0.966,0.0056,0.9
6.261191730984393e-6,0.47099598133545795,0.46334634154210874,1.0,2.713,0.532,1.0,0.966,0.0056,0.9
8.356171356788062e-6,0.47155571093112103,0.4633728470162346,1.0,2.713,0.532,1.0,0.966,0.0056,0.9
2.3578857927076283e-6,0.4674869498308073,0.46328247258563693,1.0,2.713,0.532,1.0,0.966,0.0056,0.9
6.007609133230094e-6,0.47115630882543813,0.46336362612144166,1.0,2.713,0.532,1.0,0.966,0.0056,0.9
6.652576865196746e-6,0.46656578129416904,0.46326656557894014,1.0,2.713,0.532,1.0,0.966,0.0056,0.9
7.101431804681275e-6,0.46684295648644303,0.4632612330515887,1.0,2.713,0.532,1.0,0.966,0.0056,0.9
1.1321151328858554e-6,0.46852862091187353,0.463306505800878,1.0,2.713,0.532,1.0,0.966,0.0056,0.9
9.279662039168406e-6,0.46663306939628035,0.4632717721110307,1.0,2.713,0.532,1.0,0.966,0.0056,0.9
9.801680371069963e-7,0.47014888529407084,0.46333477109146115,1.0,2.713,0.532,1.0,0.966,0.0056,0.9
7.482512925786126e-6,0.4667716500141177,0.4632732860570509,1.0,2.713,0.532,1.0,0.966,0.0056,0.9
4.757656058841817e-6,0.46995263920864705,0.4633239976396813,1.0,2.713,0.532,1.0,0.966,0.0056,0.9
8.108772940694836e-6,0.4686423116175664,0.46329385449536886,1.0,2.713,0.532,1.0,0.966,0.0056,0.9
7.028151984451804e-6,0.4681089878029119,0.46330419653773947,1.0,2.713,0.532,1.0,0.966,0.0056,0.9
2.5430173647936978e-6,0.4683837890625,0.46330566406249996,1.0,2.713,0.532,1.0,0.966,0.0056,0.9
1.7397843835450814e-6,0.4682057878872983,0.4632921126793187,1.0,2.713,0.532,1.0,0.966,0.0056,0.9
2.2931596502250993e-6,0.46842604582302283,0.4632952136435754,1.0,2.713,0.532,1.0,0.966,0.0056,0.9
8.440920219955078e-6,0.4672169751290587,0.4632850861381857,1.0,2.713,0.532,1.0,0.966,0.0056,0.9
5.703437388323214e-6,0.4677063471319478,0.4632939235294868,1.0,2.713,0.532,1.0,0.966,0.0056,0.9
4.065853958255086e-6,0.468492285745012,0.4632943171480989,1.0,2.713,0.532,1.0,0.966,0.0056,0.9
9.117521254783475e-6,0.46906276332972463,0.46330171732798137,1.0,2.713,0.532,1.0,0.966,0.0056,0.9
6.487512762125429e-6,0.4686631353450488,0.4632955031795917,1.0,2.713,0.532,1.0,0.966,0.0056,0.9
8.362183411691542e-6,0.4679902370693869,0.46328081541715227,1.0,2.713,0.532,1.0,0.966,0.0056,0.9
9.146497901459201e-6,0.46607055788218776,0.463256635542697,1.0,2.713,0.532,1.0,0.966,0.0056,0.9
1.3449828618114586e-6,0.46789148052573437,0.4632905209674131,1.0,2.713,0.532,1.0,0.966,0.0056,0.9
9.699279340898996e-6,0.46571654394967643,0.463245174652012,1.0,2.713,0.532,1.0,0.966,0.0056,0.9
2.0673844638592607e-6,0.4682091393287625,0.46329155991119375,1.0,2.713,0.532,1.0,0.966,0.0056,0.9
1.494956194395964e-6,0.4688645023641662,0.4633146277394974,1.0,2.713,0.532,1.0,0.966,0.0056,0.9
3.8842254157791115e-6,0.46725720734197584,0.4632804553418423,1.0,2.713,0.532,1.0,0.966,0.0056,0.9
5.648360877923739e-6,0.47063384406829734,0.4633384623888637,1.0,2.713,0.532,1.0,0.966,0.0056,0.9
7.361304590412135e-6,0.46626909688926954,0.4632590203921273,1.0,2.713,0.532,1.0,0.966,0.0056,0.9
5.4062018594148175e-6,0.4676172542448178,0.4632764382978007,1.0,2.713,0.532,1.0,0.966,0.0056,0.9
3.23234594846321e-6,0.46742942738543747,0.4632837185946581,1.0,2.713,0.532,1.0,0.966,0.0056,0.9
9.959273994315422e-6,0.4656720927412197,0.4632428732987507,1.0,2.713,0.532,1.0,0.966,0.0056,0.9
7.00116612234899e-6,0.46709146176985283,0.4632654835629971,1.0,2.713,0.532,1.0,0.966,0.0056,0.9
2.205240053066512e-6,0.4697441001967122,0.46333353894954465,1.0,2.713,0.532,1.0,0.966,0.0056,0.9
8.753095638167393e-6,0.46955576864514836,0.46331225008211097,1.0,2.713,0.532,1.0,0.966,0.0056,0.9
9.403780254956261e-5,0.4659218262909235,0.4632864356040941,1.0,2.713,0.532,1.0,0.966,0.0056,0.9
3.460969476078528e-6,0.4706384078595567,0.46335152427090326,1.0,2.713,0.532,1.0,0.966,0.0056,0.9
4.563359959462294e-6,0.46837021042467075,0.4633077302158847,1.0,2.713,0.532,1.0,0.966,0.0056,0.9
8.450734662583461e-6,0.46664806315582474,0.46325650804053786,1.0,2.713,0.532,1.0,0.966,0.0056,0.9
6.590560607556507e-6,0.46856246963886994,0.46331370749756623,1.0,2.713,0.532,1.0,0.966,0.0056,0.9
4.160507527516934e-6,0.4693625193664197,0.4633119018014845,1.0,2.713,0.532,1.0,0.966,0.0056,0.9
4.039765589074478e-6,0.4709724016453716,0.4633578276979174,1.0,2.713,0.532,1.0,0.966,0.0056,0.9
4.3886949435616125e-6,0.46733653776590867,0.4632834322586292,1.0,2.713,0.532,1.0,0.966,0.0056,0.9
6.246824730715614e-6,0.4687761098671741,0.46329797203119005,1.0,2.713,0.532,1.0,0.966,0.0056,0.9
9.956658188479951e-6,0.47199633831668686,0.4633815399757927,1.0,2.713,0.532,1.0,0.966,0.0056,0.9
2.8599861462017e-6,0.46937821852562844,0.46332718429081854,1.0,2.713,0.532,1.0,0.966,0.0056,0.9
1.8878839479610248e-6,0.4697894965704985,0.4633339162276531,1.0,2.713,0.532,1.0,0.966,0.0056,0.9
3.6041076274064197e-6,0.47122667385008155,0.46335808794644895,1.0,2.713,0.532,1.0,0.966,0.0056,0.9
3.471161557600445e-6,0.46863382172537715,0.4632977430506584,1.0,2.713,0.532,1.0,0.966,0.0056,0.9
1.6747639336693773e-6,0.4705477828765591,0.46334541295300424,1.0,2.713,0.532,1.0,0.966,0.0056,0.9
3.6266181743964828e-6,0.4701897498015766,0.46333051636697264,1.0,2.713,0.532,1.0,0.966,0.0056,0.9
3.788360440051921e-6,0.467447810636511,0.46328528277989944,1.0,2.713,0.532,1.0,0.966,0.0056,0.9
9.11418648196625e-6,0.4722739066530337,0.46337609591988715,1.0,2.713,0.532,1.0,0.966,0.0056,0.9
3.3402271002852386e-6,0.47055796370674396,0.4633395256276174,1.0,2.713,0.532,1.0,0.966,0.0056,0.9
3.0791372769145254e-6,0.46795939796285935,0.4632966746376801,1.0,2.713,0.532,1.0,0.966,0.0056,0.9
1.3426206060107726e-6,0.4681803995481755,0.46329259100989,1.0,2.713,0.532,1.0,0.966,0.0056,0.9
6.958244077588887e-6,0.4676504554657094,0.463275523096602,1.0,2.713,0.532,1.0,0.966,0.0056,0.9
9.604261287281015e-6,0.46616374166373087,0.46325996880504305,1.0,2.713,0.532,1.0,0.966,0.0056,0.9
6.4784628451166005e-6,0.46915759490299513,0.4633055878999638,1.0,2.713,0.532,1.0,0.966,0.0056,0.9
1.6430860151720574e-6,0.47051716554945644,0.463345088813206,1.0,2.713,0.532,1.0,0.966,0.0056,0.9
7.2115305321106315e-6,0.4675505639674048,0.4632734524410699,1.0,2.713,0.532,1.0,0.966,0.0056,0.9
6.719082238601121e-6,0.46634982050072615,0.4632598439523341,1.0,2.713,0.532,1.0,0.966,0.0056,0.9
6.876121191702916e-6,0.4670138732525515,0.46326430934234997,1.0,2.713,0.532,1.0,0.966,0.0056,0.9
6.5236934817203036e-6,0.4718399747135562,0.46337396392981894,1.0,2.713,0.532,1.0,0.966,0.0056,0.9
6.267933803343303e-7,0.46847130137313686,0.4633036886287987,1.0,2.713,0.532,1.0,0.966,0.0056,0.9
4.763518735178267e-6,0.4684844171595497,0.4632934626006175,1.0,2.713,0.532,1.0,0.966,0.0056,0.9
3.3351532170433552e-6,0.46790002818105414,0.46329564269901924,1.0,2.713,0.532,1.0,0.966,0.0056,0.9
6.7897242842741845e-6,0.46796111878288515,0.463300712944534,1.0,2.713,0.532,1.0,0.966,0.0056,0.9
6.466990258713341e-6,0.4668260460244402,0.4632733624130012,1.0,2.713,0.532,1.0,0.966,0.0056,0.9
9.095243855968787e-6,0.46700046634912096,0.4632618687105152,1.0,2.713,0.532,1.0,0.966,0.0056,0.9
1.3368635371754187e-6,0.4687860183637065,0.4633126556716981,1.0,2.713,0.532,1.0,0.966,0.0056,0.9
3.0205647748371687e-6,0.47054626856980686,0.4633397584589156,1.0,2.713,0.532,1.0,0.966,0.0056,0.9
5.372440871724399e-6,0.46887841922390416,0.4633007817138087,1.0,2.713,0.532,1.0,0.966,0.0056,0.9
4.626939350871518e-6,0.4703223607617426,0.46333238750300043,1.0,2.713,0.532,1.0,0.966,0.0056,0.9
6.274178517304808e-6,0.4677061387140622,0.46327718329189294,1.0,2.713,0.532,1.0,0.966,0.0056,0.9
2.4380188489402235e-6,0.46938757729258707,0.46331437230781986,1.0,2.713,0.532,1.0,0.966,0.0056,0.9
1.5379528026938193e-6,0.47043964634237,0.46334388230795515,1.0,2.713,0.532,1.0,0.966,0.0056,0.9
5.816298335799225e-6,0.4694964820542157,0.46333250048455554,1.0,2.713,0.532,1.0,0.966,0.0056,0.9
1.1200795801762486e-6,0.46936629325916535,0.463324360693216,1.0,2.713,0.532,1.0,0.966,0.0056,0.9
2.2242404846800494e-6,0.46802457630946326,0.4632968271253657,1.0,2.713,0.532,1.0,0.966,0.0056,0.9
3.6215985506182563e-6,0.4698871825750224,0.46333809363875567,1.0,2.713,0.532,1.0,0.966,0.0056,0.9
9.15999346634566e-6,0.4685927501065159,0.4632921260529962,1.0,2.713,0.532,1.0,0.966,0.0056,0.9
7.768827124473121e-6,0.46645266199763347,0.463254395648,1.0,2.713,0.532,1.0,0.966,0.0056,0.9
3.4566971058524377e-6,0.47117364501319725,0.46335829243880566,1.0,2.713,0.532,1.0,0.966,0.0056,0.9
8.588302099615743e-6,0.4692448338148092,0.4633058441425005,1.0,2.713,0.532,1.0,0.966,0.0056,0.9
1.895402235888779e-6,0.46775556772079485,0.46328464031240746,1.0,2.713,0.532,1.0,0.966,0.0056,0.9
6.424964202603832e-6,0.47172628403154415,0.4633650090700844,1.0,2.713,0.532,1.0,0.966,0.0056,0.9
4.700927264859167e-6,0.4706297975660798,0.46335305784257996,1.0,2.713,0.532,1.0,0.966,0.0056,0.9
3.814237665764859e-6,0.4712150350663338,0.4633562291610447,1.0,2.713,0.532,1.0,0.966,0.0056,0.9
9.620322763005956e-6,0.465736519161995,0.4632459284703694,1.0,2.713,0.532,1.0,0.966,0.0056,0.9
7.739372565028087e-6,0.46780160764643974,0.4632776927125821,1.0,2.713,0.532,1.0,0.966,0.0056,0.9
3.761160285718542e-6,0.4687812935555151,0.46330036335860175,1.0,2.713,0.532,1.0,0.966,0.0056,0.9
5.734541781524464e-6,0.47173048810677476,0.4633706243179663,1.0,2.713,0.532,1.0,0.966,0.0056,0.9
3.0521135245218463e-6,0.4672581846409214,0.46327789858790913,1.0,2.713,0.532,1.0,0.966,0.0056,0.9
3.1942910428861053e-6,0.47110686584136297,0.4633563332927756,1.0,2.713,0.532,1.0,0.966,0.0056,0.9
7.360135934860372e-6,0.4716282050971292,0.4633607766832102,1.0,2.713,0.532,1.0,0.966,0.0056,0.9
1.8808887943018468e-6,0.46983256404443674,0.4633248731074754,1.0,2.713,0.532,1.0,0.966,0.0056,0.9
6.608640012026142e-6,0.4711203956540757,0.4633637224306312,1.0,2.713,0.532,1.0,0.966,0.0056,0.9
6.373947665282488e-6,0.4690357502374096,0.463303158651886,1.0,2.713,0.532,1.0,0.966,0.0056,0.9
4.206658508572898e-6,0.46760447598072896,0.4632776560850679,1.0,2.713,0.532,1.0,0.966,0.0056,0.9
5.541114890193346e-6,0.46872449004162586,0.4633162895980635,1.0,2.713,0.532,1.0,0.966,0.0056,0.9
2.9717569532463715e-6,0.46740475142756044,0.46328235853757305,1.0,2.713,0.532,1.0,0.966,0.0056,0.9
8.885919213537715e-6,0.46745381200819114,0.46327025801142757,1.0,2.713,0.532,1.0,0.966,0.0056,0.9
7.743794575832105e-6,0.4680966049491426,0.4632833435616903,1.0,2.713,0.532,1.0,0.966,0.0056,0.9
5.92522779546181e-6,0.47180937554649827,0.46336979274808343,1.0,2.713,0.532,1.0,0.966,0.0056,0.9
4.9564535601260936e-6,0.466868612846951,0.4632718111953768,1.0,2.713,0.532,1.0,0.966,0.0056,0.9
6.616490997574018e-6,0.4664982898598299,0.46326450232595723,1.0,2.713,0.532,1.0,0.966,0.0056,0.9
3.790706653068535e-6,0.4698208737693286,0.4633370007923312,1.0,2.713,0.532,1.0,0.966,0.0056,0.9
2.8945028478793094e-6,0.46733922089408475,0.4632800392390808,1.0,2.713,0.532,1.0,0.966,0.0056,0.9
6.794248145428941e-6,0.4682284470705269,0.4633066329012315,1.0,2.713,0.532,1.0,0.966,0.0056,0.9
9.69605140284228e-6,0.4690805569093164,0.4633017035512488,1.0,2.713,0.532,1.0,0.966,0.0056,0.9
6.473898678649339e-6,0.46696508623747457,0.46326398942763725,1.0,2.713,0.532,1.0,0.966,0.0056,0.9
4.313818653686036e-6,0.47011573394397044,0.4633432104212398,1.0,2.713,0.532,1.0,0.966,0.0056,0.9
0.00029502826308939654,0.4516562707431149,0.4629188537597654,1.0,2.713,0.532,1.0,0.966,0.0056,0.9
4.563517543272017e-6,0.4680173678941696,0.4632846948893209,1.0,2.713,0.532,1.0,0.966,0.0056,0.9
4.486869527562638e-6,0.4669622494625092,0.46327342763878065,1.0,2.713,0.532,1.0,0.966,0.0056,0.9
3.291247965164737e-6,0.4695525048144755,0.4633311769479506,1.0,2.713,0.532,1.0,0.966,0.0056,0.9
7.96900956164571e-6,0.4714833068787825,0.46335636851278345,1.0,2.713,0.532,1.0,0.966,0.0056,0.9
1.7191602754302792e-6,0.4679572350884791,0.46328802431393734,1.0,2.713,0.532,1.0,0.966,0.0056,0.9
9.751411111594288e-6,0.47212504583160064,0.46337082563819487,1.0,2.713,0.532,1.0,0.966,0.0056,0.9
7.184265392383311e-6,0.46773813742193604,0.4632769592584542,1.0,2.713,0.532,1.0,0.966,0.0056,0.9
8.550057382483787e-6,0.46670892185310253,0.46327291031730683,1.0,2.713,0.532,1.0,0.966,0.0056,0.9
8.781856789438838e-6,0.46588235139241785,0.4632485192301846,1.0,2.713,0.532,1.0,0.966,0.0056,0.9
2.091437942084435e-6,0.47073259380674026,0.4633486335414563,1.0,2.713,0.532,1.0,0.966,0.0056,0.9
2.2509446053573906e-6,0.4675049307477508,0.4632809845885828,1.0,2.713,0.532,1.0,0.966,0.0056,0.9
7.214839085516507e-6,0.46729747621691375,0.4632858571858876,1.0,2.713,0.532,1.0,0.966,0.0056,0.9
4.074243712096044e-6,0.470955731375694,0.4633482630891568,1.0,2.713,0.532,1.0,0.966,0.0056,0.9
6.560719917256184e-6,0.4706018582941158,0.46335447874193825,1.0,2.713,0.532,1.0,0.966,0.0056,0.9
4.870755338731202e-6,0.4697964209662433,0.46333761976816035,1.0,2.713,0.532,1.0,0.966,0.0056,0.9
6.288501162103682e-6,0.4718444015971861,0.4633692720519997,1.0,2.713,0.532,1.0,0.966,0.0056,0.9
4.666716748703867e-6,0.46779626371601324,0.46328049903880975,1.0,2.713,0.532,1.0,0.966,0.0056,0.9
8.202697742109494e-6,0.4705196027753591,0.46333359769193183,1.0,2.713,0.532,1.0,0.966,0.0056,0.9
7.36498208577948e-6,0.4713114832129932,0.46336775976567157,1.0,2.713,0.532,1.0,0.966,0.0056,0.9
5.821065867430535e-6,0.47170140095108626,0.46337082374561545,1.0,2.713,0.532,1.0,0.966,0.0056,0.9
9.388478461003514e-6,0.47190498945194403,0.46337950343753964,1.0,2.713,0.532,1.0,0.966,0.0056,0.9
6.885483804236125e-6,0.47146957925797095,0.46335730087894034,1.0,2.713,0.532,1.0,0.966,0.0056,0.9
9.587105416831604e-6,0.46707930264547315,0.46326285488318797,1.0,2.713,0.532,1.0,0.966,0.0056,0.9
8.61585799662552e-6,0.469055907476597,0.4633256047267567,1.0,2.713,0.532,1.0,0.966,0.0056,0.9
1.4328999288704064e-6,0.47046093387124643,0.4633426486160953,1.0,2.713,0.532,1.0,0.966,0.0056,0.9
5.450382975566603e-6,0.46947222793098664,0.46331301877427955,1.0,2.713,0.532,1.0,0.966,0.0056,0.9
4.40761460077676e-6,0.4681508229026736,0.46330270063796963,1.0,2.713,0.532,1.0,0.966,0.0056,0.9
1.5151559549447784e-6,0.467793605724518,0.4632879041616239,1.0,2.713,0.532,1.0,0.966,0.0056,0.9
9.410669205605196e-6,0.4722194396758328,0.4633739407231965,1.0,2.713,0.532,1.0,0.966,0.0056,0.9
1.1961895025761436e-7,0.46918440023601704,0.46331779906149295,1.0,2.713,0.532,1.0,0.966,0.0056,0.9
4.006230931480443e-6,0.46724398800902434,0.463272154577852,1.0,2.713,0.532,1.0,0.966,0.0056,0.9
8.15127553947674e-6,0.46626801739668444,0.46326068281754573,1.0,2.713,0.532,1.0,0.966,0.0056,0.9
3.2952984847652515e-6,0.47082275322893263,0.4633462599820104,1.0,2.713,0.532,1.0,0.966,0.0056,0.9
4.7174086776738824e-6,0.4715242083776695,0.4633652371977585,1.0,2.713,0.532,1.0,0.966,0.0056,0.9
1.9366657487382725e-6,0.4676494719366102,0.4632834582032985,1.0,2.713,0.532,1.0,0.966,0.0056,0.9
7.902842886403533e-6,0.4661184979216688,0.4632504618941363,1.0,2.713,0.532,1.0,0.966,0.0056,0.9
2.313258398167221e-6,0.4681327873847223,0.4632897688860814,1.0,2.713,0.532,1.0,0.966,0.0056,0.9
8.93902098259091e-6,0.4708381987668877,0.46336083358939706,1.0,2.713,0.532,1.0,0.966,0.0056,0.9
8.340516288707437e-6,0.4716477483073527,0.46336007575931604,1.0,2.713,0.532,1.0,0.966,0.0056,0.9
6.513451091732354e-6,0.46804221487630215,0.4632832977630184,1.0,2.713,0.532,1.0,0.966,0.0056,0.9
5.149650146926475e-6,0.4710688889966552,0.46336107881052124,1.0,2.713,0.532,1.0,0.966,0.0056,0.9
1.940881581281708e-6,0.46770334666326685,0.4632838626968293,1.0,2.713,0.532,1.0,0.966,0.0056,0.9
4.620891948621612e-6,0.46865285899447773,0.46331391943794803,1.0,2.713,0.532,1.0,0.966,0.0056,0.9
5.77555968978294e-6,0.4682680018250521,0.4633066303689244,1.0,2.713,0.532,1.0,0.966,0.0056,0.9
8.504917396175321e-6,0.4722444508028878,0.4633765584396335,1.0,2.713,0.532,1.0,0.966,0.0056,0.9
3.7928144078530712e-6,0.46995100273933454,0.463339510058223,1.0,2.713,0.532,1.0,0.966,0.0056,0.9
8.320370386990284e-6,0.4670115569522636,0.4632800945791447,1.0,2.713,0.532,1.0,0.966,0.0056,0.9
3.3605946008909156e-6,0.46718642380209596,0.46327327669160256,1.0,2.713,0.532,1.0,0.966,0.0056,0.9
6.47165151288309e-6,0.4682104485003691,0.4632865780056694,1.0,2.713,0.532,1.0,0.966,0.0056,0.9
2.6111142596107184e-6,0.46740876274019827,0.46327826118606014,1.0,2.713,0.532,1.0,0.966,0.0056,0.9
8.242814582265293e-6,0.47214524740186326,0.46338092545765486,1.0,2.713,0.532,1.0,0.966,0.0056,0.9
6.53659015062749e-6,0.4675891084151367,0.46329203027772903,1.0,2.713,0.532,1.0,0.966,0.0056,0.9
9.513810434374024e-6,0.4698517312646099,0.4633423521219744,1.0,2.713,0.532,1.0,0.966,0.0056,0.9
4.763874635815892e-6,0.46681968113125505,0.46326521735116477,1.0,2.713,0.532,1.0,0.966,0.0056,0.9
4.142023879957367e-6,0.46921598297870426,0.4633088563245449,1.0,2.713,0.532,1.0,0.966,0.0056,0.9
1.67545841433346e-6,0.46838396673125393,0.463295442629455,1.0,2.713,0.532,1.0,0.966,0.0056,0.9
3.1671715352857624e-6,0.4677781938345842,0.4632924764862639,1.0,2.713,0.532,1.0,0.966,0.0056,0.9
