0.0005513929032225247,0.5918745994567871,0.46323013305664074,1.0,2.713,0.532,1.0,0.966,0.0056,0.9
0.0007963123576663568,0.6218118667602539,0.4640609741210938,1.0,2.713,0.532,1.0,0.966,0.0056,0.9
0.0009752690746032567,0.5893471240997314,0.4631359100341795,1.0,2.713,0.532,1.0,0.966,0.0056,0.9
0.0007979509601023124,0.5926710819203436,0.4632162570953373,1.0,2.713,0.532,1.0,0.966,0.0056,0.9
0.0009920740478831524,0.5752187480170745,0.4629517795983712,1.0,2.713,0.532,1.0,0.966,0.0056,0.9
0.0005175785879219958,0.6328551341134698,0.4641705870628359,1.0,2.713,0.532,1.0,0.966,0.0056,0.9
0.00020427479227020913,0.6228122711181641,0.4639984130859376,1.0,2.713,0.532,1.0,0.966,0.0056,0.9
0.0006507548931967773,0.6288871076912246,0.4641712355376989,1.0,2.713,0.532,1.0,0.966,0.0056,0.9
0.0007697513902973981,0.5971260983547921,0.4633060149848409,1.0,2.713,0.532,1.0,0.966,0.0056,0.9
0.00016229781758793138,0.6090284199863163,0.4637346506118771,1.0,2.713,0.532,1.0,0.966,0.0056,0.9
0.0007702291709390406,0.5794734556272942,0.46304351091384943,1.0,2.713,0.532,1.0,0.966,0.0056,0.9
0.00024119127183627913,0.6172789229458413,0.4637917506042842,1.0,2.713,0.532,1.0,0.966,0.0056,0.9
0.00023140324458733675,0.6018132391551184,0.4634622793733574,1.0,2.713,0.532,1.0,0.966,0.0056,0.9
0.000968176936319727,0.6409578323364258,0.46433563232421726,1.0,2.713,0.532,1.0,0.966,0.0056,0.9
0.00016868943698278828,0.6101427533898741,0.46375946671938,1.0,2.713,0.532,1.0,0.966,0.0056,0.9
3.4227774570862246e-5,0.6152210235595703,0.4637969970703125,1.0,2.713,0.532,1.0,0.966,0.0056,0.9
0.00048368347625254884,0.6245994567871094,0.463934326171875,1.0,2.713,0.532,1.0,0.966,0.0056,0.9
0.0004852737551855425,0.6069869995117188,0.46373291015625,1.0,2.713,0.532,1.0,0.966,0.0056,0.9
0.0007617008437847093,0.6221259270549089,0.4640638442389909,1.0,2.713,0.532,1.0,0.966,0.0056,0.9
0.0003214479784850813,0.5946648120880127,0.46331672668457036,1.0,2.713,0.532,1.0,0.966,0.0056,0.9
0.0006643732205040313,0.5843431452158256,0.4631938934326172,1.0,2.713,0.532,1.0,0.966,0.0056,0.9
0.0007349461776694985,0.5935020446777344,0.463238525390625,1.0,2.713,0.532,1.0,0.966,0.0056,0.9
0.0002950691759290707,0.6034938505455159,0.46363242438656305,1.0,2.713,0.532,1.0,0.966,0.0056,0.9
0.0005757014997865477,0.5869927588092172,0.46325527408625383,1.0,2.713,0.532,1.0,0.966,0.0056,0.9
0.00033410378889942445,0.5902025008993519,0.46326068937653164,1.0,2.713,0.532,1.0,0.966,0.0056,0.9
0.2179172306000679,0.0012098521110601723,0.1,1.0,2.713,0.532,1.0,0.966,0.0056,0.9
0.0005922796000545448,0.6315239369869232,0.46410088539123534,1.0,2.713,0.532,1.0,0.966,0.0056,0.9
0.0003162800407418819,0.602620892226696,0.46361533403396793,1.0,2.713,0.532,1.0,0.966,0.0056,0.9
0.0009807313942374386,0.5795125961303711,0.46296539306640627,1.0,2.713,0.532,1.0,0.966,0.0056,0.9
0.000712688633336331,0.6087094598519772,0.4635508260749335,1.0,2.713,0.532,1.0,0.966,0.0056,0.9
0.0007708736190321873,0.5892212332662545,0.46315473080573366,1.0,2.713,0.532,1.0,0.966,0.0056,0.9
0.0007736495163521904,0.6159687692124862,0.46394577026367206,1.0,2.713,0.532,1.0,0.966,0.0056,0.9
0.0008571603077378968,0.6087357997894287,0.46380348205566435,1.0,2.713,0.532,1.0,0.966,0.0056,0.9
0.0008833922479061959,0.5781446774388872,0.4629711738727511,1.0,2.713,0.532,1.0,0.966,0.0056,0.9
0.0009726834675372125,0.5813942448651833,0.4629952739985552,1.0,2.713,0.532,1.0,0.966,0.0056,0.9
0.0002078117277949618,0.600763127207756,0.46355354785919173,1.0,2.713,0.532,1.0,0.966,0.0056,0.9
0.0009563076716426379,0.5757882595062256,0.4629489898681641,1.0,2.713,0.532,1.0,0.966,0.0056,0.9
0.000678054005746866,0.5849466323852539,0.46309661865234386,1.0,2.713,0.532,1.0,0.966,0.0056,0.9
0.000917977164925733,0.5770529732108116,0.4629550576210021,1.0,2.713,0.532,1.0,0.966,0.0056,0.9
0.0006206270191674868,0.5844435530993753,0.46318647956729425,1.0,2.713,0.532,1.0,0.966,0.0056,0.9
0.0007913310096973596,0.5916855179986555,0.4631981760263408,1.0,2.713,0.532,1.0,0.966,0.0056,0.9
0.0008545946193200714,0.6311393604679492,0.46405588158570993,1.0,2.713,0.532,1.0,0.966,0.0056,0.9
0.000788662327617632,0.6065483093261719,0.463751220703125,1.0,2.713,0.532,1.0,0.966,0.0056,0.9
0.00014420718043253925,0.5975036209907421,0.4634136518696299,1.0,2.713,0.532,1.0,0.966,0.0056,0.9
0.0002586090906426664,0.6106476783752441,0.4637840270996091,1.0,2.713,0.532,1.0,0.966,0.0056,0.9
0.0007830031798275049,0.5965745449066162,0.46329383850097644,1.0,2.713,0.532,1.0,0.966,0.0056,0.9
0.000381563338204009,0.5969690680503845,0.4633469581604005,1.0,2.713,0.532,1.0,0.966,0.0056,0.9
0.00023695261548320186,0.619038221911751,0.4639449894428249,1.0,2.713,0.532,1.0,0.966,0.0056,0.9
0.0008954986581767585,0.6258354187011719,0.4639221191406252,1.0,2.713,0.532,1.0,0.966,0.0056,0.9
0.000540952615400402,0.5848947325531808,0.4631353506987583,1.0,2.713,0.532,1.0,0.966,0.0056,0.9
0.0008492978989091805,0.5984295245590807,0.4633252233823827,1.0,2.713,0.532,1.0,0.966,0.0056,0.9
0.0009357298036346447,0.5898952484130859,0.4631500244140625,1.0,2.713,0.532,1.0,0.966,0.0056,0.9
0.0005650809532566279,0.6219061988905393,0.4638597954159166,1.0,2.713,0.532,1.0,0.966,0.0056,0.9
0.0009736905347373103,0.5914369848266814,0.4631760515885215,1.0,2.713,0.532,1.0,0.966,0.0056,0.9
0.0005470613053106926,0.5876038601446412,0.4632673729457709,1.0,2.713,0.532,1.0,0.966,0.0056,0.9
0.0007914567314034019,0.635247110389173,0.46428222656250173,1.0,2.713,0.532,1.0,0.966,0.0056,0.9
0.0003290487607238741,0.6129077578184858,0.46383996250715986,1.0,2.713,0.532,1.0,0.966,0.0056,0.9
0.0006422585038300215,0.5999703407287598,0.46359176635742183,1.0,2.713,0.532,1.0,0.966,0.0056,0.9
0.00020142114278022451,0.5963624390351647,0.4634356504306202,1.0,2.713,0.532,1.0,0.966,0.0056,0.9
0.0009598972557772544,0.5773286521434784,0.46294274330139173,1.0,2.713,0.532,1.0,0.966,0.0056,0.9
0.0006395828605796288,0.6271781921386719,0.46414184570312517,1.0,2.713,0.532,1.0,0.966,0.0056,0.9
0.0006326171281924154,0.5929478108882904,0.4634228229522705,1.0,2.713,0.532,1.0,0.966,0.0056,0.9
7.600956338529525e-5,0.613642692565918,0.4638107299804689,1.0,2.713,0.532,1.0,0.966,0.0056,0.9
0.0008372232740308839,0.590796947479248,0.4631767272949218,1.0,2.713,0.532,1.0,0.966,0.0056,0.9
0.0003329436425423263,0.5959358215332031,0.46333618164062484,1.0,2.713,0.532,1.0,0.966,0.0056,0.9
0.0006239435416727516,0.5845742663952178,0.46310345953924026,1.0,2.713,0.532,1.0,0.966,0.0056,0.9
0.00032459674078101825,0.6249723434448242,0.46396942138671876,1.0,2.713,0.532,1.0,0.966,0.0056,0.9
0.0007745455084681411,0.6002681716345251,0.46361083984375,1.0,2.713,0.532,1.0,0.966,0.0056,0.9
0.0005465152248942193,0.6226686576978624,0.46405262970365996,1.0,2.713,0.532,1.0,0.966,0.0056,0.9
0.00045275976141348533,0.5899162299855962,0.46321461240564826,1.0,2.713,0.532,1.0,0.966,0.0056,0.9
0.00029312451289407017,0.6262331008911133,0.46406707763671873,1.0,2.713,0.532,1.0,0.966,0.0056,0.9
0.00014631355302122297,0.6150247902030845,0.4638537645325393,1.0,2.713,0.532,1.0,0.966,0.0056,0.9
0.0008289144416866285,0.6115982196750878,0.46386128477752026,1.0,2.713,0.532,1.0,0.966,0.0056,0.9
0.0003332178466794293,0.6007106304168701,0.46357307434082057,1.0,2.713,0.532,1.0,0.966,0.0056,0.9
2.5658732599131374e-5,0.606031274264389,0.46359690754329086,1.0,2.713,0.532,1.0,0.966,0.0056,0.9
5.8761903253158075e-5,0.6087166592478752,0.4637048840522765,1.0,2.713,0.532,1.0,0.966,0.0056,0.9
0.00018263192524334718,0.6150650975523604,0.4638614177703862,1.0,2.713,0.532,1.0,0.966,0.0056,0.9
0.000901377409963476,0.5959299579262733,0.46327060461044534,1.0,2.713,0.532,1.0,0.966,0.0056,0.9
0.0003758434258876962,0.5893301973119378,0.4632322713732746,1.0,2.713,0.532,1.0,0.966,0.0056,0.9
1.0083283574453756,0.0,0.459075392100207,1.0,2.713,0.532,1.0,0.966,0.0056,0.9
0.00034240476644149847,0.6132781931664795,0.4638491440564401,1.0,2.713,0.532,1.0,0.966,0.0056,0.9
0.0005109313446858491,0.5983791351318359,0.4635406494140624,1.0,2.713,0.532,1.0,0.966,0.0056,0.9
0.0008124543593745378,0.5788667265874897,0.46304047519006086,1.0,2.713,0.532,1.0,0.966,0.0056,0.9
0.00037381298525395953,0.5893712079907262,0.46323353076881113,1.0,2.713,0.532,1.0,0.966,0.0056,0.9
0.00018336857736828577,0.6043930053710938,0.46363525390624993,1.0,2.713,0.532,1.0,0.966,0.0056,0.9
0.0005075319496830732,0.6008758544921875,0.4635986328125,1.0,2.713,0.532,1.0,0.966,0.0056,0.9
1.0083274326154086,0.0,0.4590755195497983,1.0,2.713,0.532,1.0,0.966,0.0056,0.9
0.0006575404441906589,0.6005544566869503,0.46360664367675813,1.0,2.713,0.532,1.0,0.966,0.0056,0.9
0.00040386472111106076,0.5933443605899811,0.46327881813049315,1.0,2.713,0.532,1.0,0.966,0.0056,0.9
0.0003603622091330951,0.6030631065368652,0.4634681701660154,1.0,2.713,0.532,1.0,0.966,0.0056,0.9
0.00023349412185935458,0.6031122207641602,0.46348724365234373,1.0,2.713,0.532,1.0,0.966,0.0056,0.9
0.0009935299292089304,0.6239642159780487,0.4638702392578126,1.0,2.713,0.532,1.0,0.966,0.0056,0.9
0.0005239340695856363,0.585419707219891,0.4631446129214463,1.0,2.713,0.532,1.0,0.966,0.0056,0.9
0.0009699322179996963,0.5788212418556213,0.4629576683044436,1.0,2.713,0.532,1.0,0.966,0.0056,0.9
0.0006375360927920095,0.5939133781939745,0.4632568359375,1.0,2.713,0.532,1.0,0.966,0.0056,0.9
0.0009660909988790144,0.6143569946289062,0.46392822265625,1.0,2.713,0.532,1.0,0.966,0.0056,0.9
0.0008295719289655945,0.582013338804245,0.4630268573760987,1.0,2.713,0.532,1.0,0.966,0.0056,0.9
0.00025580516563453783,0.5976199177236261,0.4634840637552485,1.0,2.713,0.532,1.0,0.966,0.0056,0.9
0.0004001720536534961,0.6217315034798938,0.46401798533873817,1.0,2.713,0.532,1.0,0.966,0.0056,0.9
0.0009544481058239423,0.5907561547497211,0.4631646772744762,1.0,2.713,0.532,1.0,0.966,0.0056,0.9
0.00035257322159941657,0.5990704905852908,0.46339073181152335,1.0,2.713,0.532,1.0,0.966,0.0056,0.9
0.00023032287991680493,0.6037105619907379,0.4636275768280031,1.0,2.713,0.532,1.0,0.966,0.0056,0.9
0.00037437687136302546,0.5914646941363565,0.46334165337783517,1.0,2.713,0.532,1.0,0.966,0.0056,0.9
2.598202266340904e-5,0.6064174360666821,0.46363944738374646,1.0,2.713,0.532,1.0,0.966,0.0056,0.9
0.0008586327349319619,0.6351731480594407,0.46429154879554285,1.0,2.713,0.532,1.0,0.966,0.0056,0.9
1.0083438722471534,0.0,0.45907332214793406,1.0,2.713,0.532,1.0,0.966,0.0056,0.9
4.939179502511122e-5,0.6119760481548573,0.46377011728566403,1.0,2.713,0.532,1.0,0.966,0.0056,0.9
0.00026215417506806997,0.6254407747767851,0.464048175097297,1.0,2.713,0.532,1.0,0.966,0.0056,0.9
0.0001321111127559087,0.5981803540349832,0.4634271336653613,1.0,2.713,0.532,1.0,0.966,0.0056,0.9
0.000688927380994543,0.6147600476328348,0.46391438495389115,1.0,2.713,0.532,1.0,0.966,0.0056,0.9
0.00014232925412271965,0.6221223589267938,0.4639537570500165,1.0,2.713,0.532,1.0,0.966,0.0056,0.9
0.00024580425696770213,0.6083835865741237,0.4635932732742095,1.0,2.713,0.532,1.0,0.966,0.0056,0.9
0.0006709775953025006,0.6265950720046061,0.4639616268999144,1.0,2.713,0.532,1.0,0.966,0.0056,0.9
0.00034901143564589006,0.6081602481484779,0.463742971135626,1.0,2.713,0.532,1.0,0.966,0.0056,0.9
0.0007018651742155159,0.5893728473288888,0.4631657615850923,1.0,2.713,0.532,1.0,0.966,0.0056,0.9
0.00017473917844274608,0.5960468357528538,0.46341270959374553,1.0,2.713,0.532,1.0,0.966,0.0056,0.9
0.00035431317603529575,0.5895195007324219,0.463262939453125,1.0,2.713,0.532,1.0,0.966,0.0056,0.9
0.00024369782256678419,0.6013128103151569,0.4634505674777606,1.0,2.713,0.532,1.0,0.966,0.0056,0.9
0.0001853505654469655,0.6152136693188144,0.463752992578914,1.0,2.713,0.532,1.0,0.966,0.0056,0.9
0.00035983263481712506,0.5893380816565702,0.46325788294774006,1.0,2.713,0.532,1.0,0.966,0.0056,0.9
0.00020547079972734538,0.6042185062836303,0.4635138247627987,1.0,2.713,0.532,1.0,0.966,0.0056,0.9
0.0006584115813597107,0.5897153170783258,0.463343554555518,1.0,2.713,0.532,1.0,0.966,0.0056,0.9
0.0007537070892160181,0.614674491822368,0.46367760343006237,1.0,2.713,0.532,1.0,0.966,0.0056,0.9
0.0009515055506028886,0.5760537408724796,0.4629742764339406,1.0,2.713,0.532,1.0,0.966,0.0056,0.9
1.0083275275272836,0.0,0.45907550627617266,1.0,2.713,0.532,1.0,0.966,0.0056,0.9
0.0003475709279917963,0.6206713684454551,0.4639917389996045,1.0,2.713,0.532,1.0,0.966,0.0056,0.9
1.0446504476281358e-5,0.6065440414433225,0.4636285979810967,1.0,2.713,0.532,1.0,0.966,0.0056,0.9
0.0004909777785883464,0.5914783082327908,0.4633653962018811,1.0,2.713,0.532,1.0,0.966,0.0056,0.9
0.00037090508282657675,0.6129461064958154,0.46384583446606853,1.0,2.713,0.532,1.0,0.966,0.0056,0.9
0.00020437146004480727,0.6022314598214504,0.4634751231254684,1.0,2.713,0.532,1.0,0.966,0.0056,0.9
8.279396916046285e-6,0.6116755683234911,0.4637437522220232,1.0,2.713,0.532,1.0,0.966,0.0056,0.9
1.632639047224025e-5,0.6125399760646698,0.4637383010667746,1.0,2.713,0.532,1.0,0.966,0.0056,0.9
0.0004142774417678038,0.5877507977961063,0.463216655274557,1.0,2.713,0.532,1.0,0.966,0.0056,0.9
7.606752471795974e-6,0.6125478983904529,0.46374843584598374,1.0,2.713,0.532,1.0,0.966,0.0056,0.9
0.0008215328741669073,0.6135014074220471,0.46389984134342555,1.0,2.713,0.532,1.0,0.966,0.0056,0.9
0.0002148814194851659,0.5954137062274318,0.4634117686849127,1.0,2.713,0.532,1.0,0.966,0.0056,0.9
3.165420384080043e-5,0.6142197506939634,0.4638042099428801,1.0,2.713,0.532,1.0,0.966,0.0056,0.9
0.00088515135944033,0.5905896809395579,0.46316805084338974,1.0,2.713,0.532,1.0,0.966,0.0056,0.9
0.0004541153135605309,0.6277708470422907,0.4640206807363926,1.0,2.713,0.532,1.0,0.966,0.0056,0.9
0.0007224721319609301,0.6130755522332274,0.4638830549424012,1.0,2.713,0.532,1.0,0.966,0.0056,0.9
0.0002704267124107253,0.6131121624334472,0.46383637976602277,1.0,2.713,0.532,1.0,0.966,0.0056,0.9
0.00016414216858227226,0.6171160323329699,0.463801745162699,1.0,2.713,0.532,1.0,0.966,0.0056,0.9
0.0003370440992693065,0.6226004548945783,0.46402381733833536,1.0,2.713,0.532,1.0,0.966,0.0056,0.9
0.0005861403958951597,0.6037343275409444,0.46345722632958575,1.0,2.713,0.532,1.0,0.966,0.0056,0.9
0.00033647623767854204,0.5913084155014737,0.46326459698790257,1.0,2.713,0.532,1.0,0.966,0.0056,0.9
0.0005827666632188961,0.6216150476482235,0.463851095928359,1.0,2.713,0.532,1.0,0.966,0.0056,0.9
0.0006352153124305005,0.5853964452901163,0.4632198989426557,1.0,2.713,0.532,1.0,0.966,0.0056,0.9
0.00013919184139661478,0.6149459151352002,0.46385079580547384,1.0,2.713,0.532,1.0,0.966,0.0056,0.9
0.0005966897592860182,0.5956787009938393,0.4634857790849596,1.0,2.713,0.532,1.0,0.966,0.0056,0.9
0.0006086205588297355,0.5868749630281129,0.46313805832884447,1.0,2.713,0.532,1.0,0.966,0.0056,0.9
9.688901936321413e-5,0.5999838159577768,0.46346727985210207,1.0,2.713,0.532,1.0,0.966,0.0056,0.9
0.00025028067327970745,0.6260435046580115,0.464034803673722,1.0,2.713,0.532,1.0,0.966,0.0056,0.9
0.0007086297078820438,0.581065927043888,0.46305023171578963,1.0,2.713,0.532,1.0,0.966,0.0056,0.9
0.0008793526607670144,0.6358337836575788,0.4643031907915266,1.0,2.713,0.532,1.0,0.966,0.0056,0.9
0.0009328620519245477,0.639902452389303,0.4643503646268715,1.0,2.713,0.532,1.0,0.966,0.0056,0.9
0.0007215220930389715,0.615664848497478,0.46393533851983265,1.0,2.713,0.532,1.0,0.966,0.0056,0.9
0.0007742733692106059,0.6242771644497815,0.46389565698266305,1.0,2.713,0.532,1.0,0.966,0.0056,0.9
0.0005213219532191221,0.6220954841630513,0.46403942069321447,1.0,2.713,0.532,1.0,0.966,0.0056,0.9
0.0008572448355111788,0.5858724507170825,0.46326763218814027,1.0,2.713,0.532,1.0,0.966,0.0056,0.9
0.00038332627349621317,0.6283447619158391,0.46411686814972464,1.0,2.713,0.532,1.0,0.966,0.0056,0.9
0.00024864919020903714,0.605130088656071,0.46352533276039154,1.0,2.713,0.532,1.0,0.966,0.0056,0.9
0.0003784256476170755,0.5887539110465608,0.46323902596532424,1.0,2.713,0.532,1.0,0.966,0.0056,0.9
0.0006097789113630617,0.5831337919718611,0.4631316510971044,1.0,2.713,0.532,1.0,0.966,0.0056,0.9
0.00015794153077263552,0.6200858781359195,0.46387787127016267,1.0,2.713,0.532,1.0,0.966,0.0056,0.9
0.0004761281960045053,0.6268946486086845,0.46399372329242916,1.0,2.713,0.532,1.0,0.966,0.0056,0.9
1.008328020403383,0.0,0.4590754382477876,1.0,2.713,0.532,1.0,0.966,0.0056,0.9
1.0083302927665176,0.0,0.45907512954940405,1.0,2.713,0.532,1.0,0.966,0.0056,0.9
0.0005526147600694966,0.5897164718528197,0.46319284036931774,1.0,2.713,0.532,1.0,0.966,0.0056,0.9
0.0009453559758273187,0.6245962633467562,0.4641251304202775,1.0,2.713,0.532,1.0,0.966,0.0056,0.9
0.0005271890617680948,0.5910111420249531,0.46321866316799404,1.0,2.713,0.532,1.0,0.966,0.0056,0.9
0.00032364879718398907,0.6129178950238205,0.46383948839237943,1.0,2.713,0.532,1.0,0.966,0.0056,0.9
0.00034775323678514663,0.5939737671469136,0.4634063767176789,1.0,2.713,0.532,1.0,0.966,0.0056,0.9
0.0009982722198882453,0.5802550103063517,0.4629737874463876,1.0,2.713,0.532,1.0,0.966,0.0056,0.9
0.000763781161058187,0.6366490135674809,0.46422489589140875,1.0,2.713,0.532,1.0,0.966,0.0056,0.9
0.0005414260321759439,0.5851883359604589,0.46313559002998256,1.0,2.713,0.532,1.0,0.966,0.0056,0.9
0.0006015674279390188,0.5922211248619257,0.4634006891591928,1.0,2.713,0.532,1.0,0.966,0.0056,0.9
0.0001420443945297688,0.6195416726318035,0.4639324885217041,1.0,2.713,0.532,1.0,0.966,0.0056,0.9
0.0008043312099832103,0.5787413909773269,0.46302430096732217,1.0,2.713,0.532,1.0,0.966,0.0056,0.9
0.000376575845055052,0.6182894527810601,0.46395163923040666,1.0,2.713,0.532,1.0,0.966,0.0056,0.9
0.00011695867195536649,0.5984549188429774,0.4634408574805974,1.0,2.713,0.532,1.0,0.966,0.0056,0.9
2.6903833522997896e-5,0.6070474426968053,0.4636146940547362,1.0,2.713,0.532,1.0,0.966,0.0056,0.9
0.0003557662823737214,0.6027748584747314,0.46362419128417964,1.0,2.713,0.532,1.0,0.966,0.0056,0.9
0.0006713421317898097,0.6019925969899245,0.4636405859602519,1.0,2.713,0.532,1.0,0.966,0.0056,0.9
0.0009302475296127414,0.5989738979723165,0.46332967969615646,1.0,2.713,0.532,1.0,0.966,0.0056,0.9
0.00018149741093267756,0.603871586325665,0.4636228199225644,1.0,2.713,0.532,1.0,0.966,0.0056,0.9
0.0006128425276762762,0.5848990933555407,0.4631100768572976,1.0,2.713,0.532,1.0,0.966,0.0056,0.9
0.0008732561568215244,0.584227639890679,0.4632252734320357,1.0,2.713,0.532,1.0,0.966,0.0056,0.9
0.0008246679921270039,0.5816339529709358,0.46314310740831127,1.0,2.713,0.532,1.0,0.966,0.0056,0.9
0.0004688969711831092,0.5899815897050136,0.4632121884993607,1.0,2.713,0.532,1.0,0.966,0.0056,0.9
1.0083275107256189,0.0,0.4590755086173293,1.0,2.713,0.532,1.0,0.966,0.0056,0.9
0.00010065291206620995,0.6036123667801978,0.46359856528652243,1.0,2.713,0.532,1.0,0.966,0.0056,0.9
0.0005756807768914944,0.6327964199168885,0.46421176796259694,1.0,2.713,0.532,1.0,0.966,0.0056,0.9
0.0001065463888419666,0.6145760444005821,0.4637541714601201,1.0,2.713,0.532,1.0,0.966,0.0056,0.9
0.0007349277378840724,0.5842609386891237,0.463076241741799,1.0,2.713,0.532,1.0,0.966,0.0056,0.9
0.0008568724212628686,0.5981377304440014,0.46331868594581144,1.0,2.713,0.532,1.0,0.966,0.0056,0.9
0.000588949415746472,0.6332243712394371,0.46415397506582556,1.0,2.713,0.532,1.0,0.966,0.0056,0.9
7.981489845100143e-5,0.6127235614528249,0.4637938864739314,1.0,2.713,0.532,1.0,0.966,0.0056,0.9
0.0005680158279419117,0.5896287512839667,0.46332812170611193,1.0,2.713,0.532,1.0,0.966,0.0056,0.9
0.00010132654286814802,0.6047436103728331,0.4635453983625921,1.0,2.713,0.532,1.0,0.966,0.0056,0.9
0.00038307568285012586,0.5953354164079195,0.4633169997637827,1.0,2.713,0.532,1.0,0.966,0.0056,0.9
0.0008806462259888123,0.6037598810235087,0.4634325057932145,1.0,2.713,0.532,1.0,0.966,0.0056,0.9
0.0009566979202939323,0.6403745644531252,0.4643104086634361,1.0,2.713,0.532,1.0,0.966,0.0056,0.9
0.0009851920320300782,0.5771955049640396,0.46293521664548065,1.0,2.713,0.532,1.0,0.966,0.0056,0.9
0.0008175754186302754,0.5866389805929839,0.46328307190744644,1.0,2.713,0.532,1.0,0.966,0.0056,0.9
0.00010643937002823361,0.6147739859898861,0.4638401806033926,1.0,2.713,0.532,1.0,0.966,0.0056,0.9
0.0003421840220654457,0.594129576711597,0.4633036483777556,1.0,2.713,0.532,1.0,0.966,0.0056,0.9
0.0002550772809523522,0.6149143705845939,0.4638701350347107,1.0,2.713,0.532,1.0,0.966,0.0056,0.9
0.0006868601975681239,0.608362478538758,0.46378157232015466,1.0,2.713,0.532,1.0,0.966,0.0056,0.9
0.0002566884110523168,0.6162866039770083,0.46389702592717363,1.0,2.713,0.532,1.0,0.966,0.0056,0.9
0.00028381026075425956,0.6266554241107634,0.46406575412751394,1.0,2.713,0.532,1.0,0.966,0.0056,0.9
0.0009119752294506928,0.6368902422369705,0.46420356057917483,1.0,2.713,0.532,1.0,0.966,0.0056,0.9
0.0006621878389634903,0.5894584074087407,0.4631724028225655,1.0,2.713,0.532,1.0,0.966,0.0056,0.9
0.00013799265912530786,0.6031075843757219,0.46359576360691446,1.0,2.713,0.532,1.0,0.966,0.0056,0.9
0.0004401174247839989,0.5927817471895782,0.46326297622561396,1.0,2.713,0.532,1.0,0.966,0.0056,0.9
0.0003251038301079147,0.6282390127810316,0.4640787921657795,1.0,2.713,0.532,1.0,0.966,0.0056,0.9
0.0004595396957390084,0.6310626570562085,0.46416274228743504,1.0,2.713,0.532,1.0,0.966,0.0056,0.9
0.0007917624445727967,0.5982702559125617,0.46356652161110123,1.0,2.713,0.532,1.0,0.966,0.0056,0.9
0.0004559677869342817,0.5885167310534283,0.46327323900203426,1.0,2.713,0.532,1.0,0.966,0.0056,0.9
0.0005543027671355081,0.5889526381144601,0.4631801065172638,1.0,2.713,0.532,1.0,0.966,0.0056,0.9
0.0008000566648977764,0.638170316037156,0.46427586240537494,1.0,2.713,0.532,1.0,0.966,0.0056,0.9
0.0007355516561353347,0.5862803978861574,0.4631080368225542,1.0,2.713,0.532,1.0,0.966,0.0056,0.9
0.0004734325342385889,0.5876440777538187,0.46317987575474184,1.0,2.713,0.532,1.0,0.966,0.0056,0.9
0.00018367089342892186,0.6235269154482264,0.463995007478445,1.0,2.713,0.532,1.0,0.966,0.0056,0.9
0.00028857268672515386,0.6024699609679587,0.4636078575646054,1.0,2.713,0.532,1.0,0.966,0.0056,0.9
0.0003552800090388388,0.6132852118169402,0.46368539326715275,1.0,2.713,0.532,1.0,0.966,0.0056,0.9
0.00040957238791524824,0.6286035449189473,0.4641268018617035,1.0,2.713,0.532,1.0,0.966,0.0056,0.9
0.0005911450106457597,0.5970733975583494,0.4635186687591717,1.0,2.713,0.532,1.0,0.966,0.0056,0.9
0.00010797739215420265,0.599870177807806,0.4634596342603612,1.0,2.713,0.532,1.0,0.966,0.0056,0.9
0.0004537746692219027,0.6269240823296901,0.4639980202954627,1.0,2.713,0.532,1.0,0.966,0.0056,0.9
0.0007349272188171318,0.5838066217836466,0.4630695951153124,1.0,2.713,0.532,1.0,0.966,0.0056,0.9
0.0006485734078375731,0.5834879654163916,0.4630851813164036,1.0,2.713,0.532,1.0,0.966,0.0056,0.9
0.0001517189677194031,0.5972061157226562,0.46343994140625006,1.0,2.713,0.532,1.0,0.966,0.0056,0.9
0.0006359253754693868,0.5874362248330149,0.4631421065547089,1.0,2.713,0.532,1.0,0.966,0.0056,0.9
0.0009898637003552516,0.6372063073798427,0.4643363489359742,1.0,2.713,0.532,1.0,0.966,0.0056,0.9
0.0007619583299986051,0.6083249379167115,0.46378712988428694,1.0,2.713,0.532,1.0,0.966,0.0056,0.9
0.0005519589910756263,0.5963048193974165,0.463495769198506,1.0,2.713,0.532,1.0,0.966,0.0056,0.9
0.0006573415533547048,0.6219833103390867,0.46385238864459677,1.0,2.713,0.532,1.0,0.966,0.0056,0.9
0.0006336799174338098,0.5824104201811178,0.46310846047799403,1.0,2.713,0.532,1.0,0.966,0.0056,0.9
0.0005445286914361038,0.6037039634965934,0.46366670364982654,1.0,2.713,0.532,1.0,0.966,0.0056,0.9
0.0004986314023887342,0.5989658910464435,0.46337001408072415,1.0,2.713,0.532,1.0,0.966,0.0056,0.9
0.0003820255399030685,0.6289960968407531,0.4640749338033725,1.0,2.713,0.532,1.0,0.966,0.0056,0.9
0.0008328396208811598,0.5793808294734131,0.46299522899652545,1.0,2.713,0.532,1.0,0.966,0.0056,0.9
0.0008630450125986012,0.6209639957753301,0.46405048027920826,1.0,2.713,0.532,1.0,0.966,0.0056,0.9
0.0006298336435790092,0.6329666755558127,0.4642259704744882,1.0,2.713,0.532,1.0,0.966,0.0056,0.9
0.0006379188177770108,0.5922670422192939,0.4634063930093629,1.0,2.713,0.532,1.0,0.966,0.0056,0.9
0.0003989462155568957,0.5882586805720447,0.46322018034790113,1.0,2.713,0.532,1.0,0.966,0.0056,0.9
0.0001850774797175988,0.6102437651011358,0.4636422759761193,1.0,2.713,0.532,1.0,0.966,0.0056,0.9
0.00015068482943201772,0.6099945639239825,0.4637531251906464,1.0,2.713,0.532,1.0,0.966,0.0056,0.9
0.00044478141610884806,0.5962471517485757,0.46348075675969724,1.0,2.713,0.532,1.0,0.966,0.0056,0.9
0.00029539082065181633,0.5921230207230597,0.46333664027314125,1.0,2.713,0.532,1.0,0.966,0.0056,0.9
0.0009335381279927276,0.6023975138106707,0.4634000052298598,1.0,2.713,0.532,1.0,0.966,0.0056,0.9
0.00037886795441423874,0.604054643384044,0.4634860078501083,1.0,2.713,0.532,1.0,0.966,0.0056,0.9
0.0007346430365609706,0.5806071908990832,0.4630375710949314,1.0,2.713,0.532,1.0,0.966,0.0056,0.9
0.0005409599187660731,0.6252758109394605,0.4639438922244893,1.0,2.713,0.532,1.0,0.966,0.0056,0.9
0.0006699306813229167,0.6031638829493748,0.463666718501102,1.0,2.713,0.532,1.0,0.966,0.0056,0.9
0.0009876779811655153,0.6092547619759193,0.46354145234646893,1.0,2.713,0.532,1.0,0.966,0.0056,0.9
0.0003998808923649256,0.6202008786418243,0.4638383696400399,1.0,2.713,0.532,1.0,0.966,0.0056,0.9
0.000795425916378213,0.5801042751968593,0.4630856393538682,1.0,2.713,0.532,1.0,0.966,0.0056,0.9
0.0008434630317563688,0.5789383434076367,0.46305710706028513,1.0,2.713,0.532,1.0,0.966,0.0056,0.9
0.0007356113764617232,0.5830175647916165,0.46316801753404285,1.0,2.713,0.532,1.0,0.966,0.0056,0.9
0.00035462201012289446,0.6288164752471204,0.4641076316112216,1.0,2.713,0.532,1.0,0.966,0.0056,0.9
0.000547379527568842,0.5999471273170685,0.4633840817170577,1.0,2.713,0.532,1.0,0.966,0.0056,0.9
0.000424661862242934,0.6115964976600969,0.4638242229973782,1.0,2.713,0.532,1.0,0.966,0.0056,0.9
0.0009956197845047837,0.6018366433906868,0.4636640650480522,1.0,2.713,0.532,1.0,0.966,0.0056,0.9
9.65544492709648e-6,0.6079445862954391,0.4636425777660621,1.0,2.713,0.532,1.0,0.966,0.0056,0.9
0.0008185772805386254,0.6142060318205547,0.4636620596114303,1.0,2.713,0.532,1.0,0.966,0.0056,0.9
0.0004516002553627544,0.6196857453042643,0.46382001256158156,1.0,2.713,0.532,1.0,0.966,0.0056,0.9
0.0006820254732759111,0.5817624866804003,0.46310820376524137,1.0,2.713,0.532,1.0,0.966,0.0056,0.9
0.0006398155307382107,0.5854182007748874,0.4632215007218065,1.0,2.713,0.532,1.0,0.966,0.0056,0.9
1.008329859382482,0.0,0.45907518809518294,1.0,2.713,0.532,1.0,0.966,0.0056,0.9
0.0009886318090850856,0.6156368255615234,0.4639556884765625,1.0,2.713,0.532,1.0,0.966,0.0056,0.9
0.0001238788123262793,0.5982438745294237,0.46345772509766814,1.0,2.713,0.532,1.0,0.966,0.0056,0.9
0.0008012869451850555,0.6161975262221039,0.46395258547368246,1.0,2.713,0.532,1.0,0.966,0.0056,0.9
6.29053244659961e-5,0.6120718012882329,0.4637080233074397,1.0,2.713,0.532,1.0,0.966,0.0056,0.9
0.0008541885465532354,0.5959866496358168,0.46351881887406976,1.0,2.713,0.532,1.0,0.966,0.0056,0.9
0.0006315752092941967,0.5851392545909102,0.46310872437726336,1.0,2.713,0.532,1.0,0.966,0.0056,0.9
0.0009314684438122233,0.5906587054803507,0.4633977363489519,1.0,2.713,0.532,1.0,0.966,0.0056,0.9
0.00047132434435573134,0.6174225472537065,0.46376549948597967,1.0,2.713,0.532,1.0,0.966,0.0056,0.9
0.0006344983187806697,0.5993182906424052,0.46336260817084984,1.0,2.713,0.532,1.0,0.966,0.0056,0.9
0.000536110842135823,0.598870289475457,0.463555114577695,1.0,2.713,0.532,1.0,0.966,0.0056,0.9
0.0007358431415459084,0.6350246683126975,0.46426961798366173,1.0,2.713,0.532,1.0,0.966,0.0056,0.9
0.0009213473781257886,0.5883196768645269,0.4631219334399236,1.0,2.713,0.532,1.0,0.966,0.0056,0.9
0.00011338117854991521,0.5990782324714808,0.46347990326897526,1.0,2.713,0.532,1.0,0.966,0.0056,0.9
0.0007008688943074329,0.5808738235654101,0.46306224150219794,1.0,2.713,0.532,1.0,0.966,0.0056,0.9
0.0005199542456857361,0.6029170279671346,0.46344700771447045,1.0,2.713,0.532,1.0,0.966,0.0056,0.9
0.0006915103340403744,0.5941161941498252,0.4632548071767905,1.0,2.713,0.532,1.0,0.966,0.0056,0.9
0.0005779805235913318,0.5909900057712223,0.46336579995963095,1.0,2.713,0.532,1.0,0.966,0.0056,0.9
0.00028501990988371033,0.5928678114695638,0.4633005124812025,1.0,2.713,0.532,1.0,0.966,0.0056,0.9
0.0009764435436470868,0.5962981332880798,0.46327179452157274,1.0,2.713,0.532,1.0,0.966,0.0056,0.9
0.0006417216317041912,0.58326770535717,0.4631520294832782,1.0,2.713,0.532,1.0,0.966,0.0056,0.9
0.0002713956925847805,0.6156356265254084,0.4638866101117747,1.0,2.713,0.532,1.0,0.966,0.0056,0.9
0.0007971152629132004,0.5912637045333089,0.46318962411813935,1.0,2.713,0.532,1.0,0.966,0.0056,0.9
0.0003756150800220356,0.6106918200869186,0.4636261670093065,1.0,2.713,0.532,1.0,0.966,0.0056,0.9
0.0008213543388454513,0.6109953951507902,0.46359144853140233,1.0,2.713,0.532,1.0,0.966,0.0056,0.9
0.000524129931722442,0.5854845102720632,0.4631904023519375,1.0,2.713,0.532,1.0,0.966,0.0056,0.9
0.0004018481428637709,0.6130821503486976,0.46385218405097123,1.0,2.713,0.532,1.0,0.966,0.0056,0.9
0.0005795118486976404,0.583821048872097,0.4631461744061085,1.0,2.713,0.532,1.0,0.966,0.0056,0.9
0.0009300247114671822,0.5944910336142147,0.46349017123633207,1.0,2.713,0.532,1.0,0.966,0.0056,0.9
0.0003147159810012634,0.5911949997151196,0.463311902452343,1.0,2.713,0.532,1.0,0.966,0.0056,0.9
0.0006434322140468883,0.6242172275317596,0.4639067413686636,1.0,2.713,0.532,1.0,0.966,0.0056,0.9
0.0009004255452627227,0.6096773330370453,0.463556896691387,1.0,2.713,0.532,1.0,0.966,0.0056,0.9
0.00042173787419740554,0.588435007104149,0.4632589256171297,1.0,2.713,0.532,1.0,0.966,0.0056,0.9
0.0005331590760823078,0.6257492701512706,0.46395663358296124,1.0,2.713,0.532,1.0,0.966,0.0056,0.9
0.0006231867825100197,0.6350371147610195,0.4642162100538105,1.0,2.713,0.532,1.0,0.966,0.0056,0.9
0.0006633365504141031,0.5860424015797969,0.46311560419750075,1.0,2.713,0.532,1.0,0.966,0.0056,0.9
0.0003546800026106204,0.6272085426400051,0.4640963673729909,1.0,2.713,0.532,1.0,0.966,0.0056,0.9
0.00028215373904611044,0.5942420833345233,0.4633194060120901,1.0,2.713,0.532,1.0,0.966,0.0056,0.9
0.00014759256311590126,0.6043784722943508,0.46352775566778026,1.0,2.713,0.532,1.0,0.966,0.0056,0.9
0.0006452081257626813,0.6177882365464222,0.46397053138375915,1.0,2.713,0.532,1.0,0.966,0.0056,0.9
1.0083275796253233,0.0,0.45907549903214895,1.0,2.713,0.532,1.0,0.966,0.0056,0.9
0.0006401664207941608,0.6251752932923476,0.4641074890280609,1.0,2.713,0.532,1.0,0.966,0.0056,0.9
0.0002703304616929829,0.6058064829359326,0.46368113891773033,1.0,2.713,0.532,1.0,0.966,0.0056,0.9
0.000590935041076149,0.6063858079482479,0.4637303367524007,1.0,2.713,0.532,1.0,0.966,0.0056,0.9
0.00026573833111986754,0.6024329124297085,0.46346876203954834,1.0,2.713,0.532,1.0,0.966,0.0056,0.9
0.0003702043191567267,0.5915450311689592,0.4632575365265197,1.0,2.713,0.532,1.0,0.966,0.0056,0.9
6.554659158800117e-5,0.605883380106038,0.46364271326042683,1.0,2.713,0.532,1.0,0.966,0.0056,0.9
0.0007093390544519106,0.5925963172524158,0.46342287977887386,1.0,2.713,0.532,1.0,0.966,0.0056,0.9
0.0008413149157182453,0.5845671268869895,0.4632302692785866,1.0,2.713,0.532,1.0,0.966,0.0056,0.9
0.000630375227741736,0.606793169023077,0.46374284152089895,1.0,2.713,0.532,1.0,0.966,0.0056,0.9
0.0007642447170720466,0.589176373494608,0.4633428577166865,1.0,2.713,0.532,1.0,0.966,0.0056,0.9
0.0005399679724970017,0.5949988736435199,0.46328879832217484,1.0,2.713,0.532,1.0,0.966,0.0056,0.9
0.00013302051018832458,0.6204104238467342,0.46394176221679817,1.0,2.713,0.532,1.0,0.966,0.0056,0.9
0.0005221301472062522,0.6042236960388221,0.4634736658836702,1.0,2.713,0.532,1.0,0.966,0.0056,0.9
0.0007950330636180181,0.5880279508120966,0.46313044912108314,1.0,2.713,0.532,1.0,0.966,0.0056,0.9
1.0083278817470314,0.0,0.4590754573005434,1.0,2.713,0.532,1.0,0.966,0.0056,0.9
1.0083284071482783,0.0,0.45907538531090986,1.0,2.713,0.532,1.0,0.966,0.0056,0.9
0.0004741726611419509,0.595657930567919,0.4633095600849856,1.0,2.713,0.532,1.0,0.966,0.0056,0.9
0.000551801513329081,0.617559589191819,0.46395713491235235,1.0,2.713,0.532,1.0,0.966,0.0056,0.9
0.0005198708213383244,0.5865328945934325,0.4632272180840996,1.0,2.713,0.532,1.0,0.966,0.0056,0.9
0.000735191305911831,0.6007398097100296,0.46361806683044193,1.0,2.713,0.532,1.0,0.966,0.0056,0.9
0.0008117242009912208,0.6016737761443504,0.4636458020757368,1.0,2.713,0.532,1.0,0.966,0.0056,0.9
0.0005421793308396581,0.6083317521415688,0.46376760626307045,1.0,2.713,0.532,1.0,0.966,0.0056,0.9
0.000674825128393683,0.606269121170044,0.46350212097167975,1.0,2.713,0.532,1.0,0.966,0.0056,0.9
0.0005213031835911662,0.6021598462514081,0.4636295095458127,1.0,2.713,0.532,1.0,0.966,0.0056,0.9
0.00046426335499585766,0.6106444283685586,0.46361548257791596,1.0,2.713,0.532,1.0,0.966,0.0056,0.9
0.00038795838013965103,0.5988042487069577,0.4635352685240949,1.0,2.713,0.532,1.0,0.966,0.0056,0.9
0.0009096113898171573,0.6350808570334657,0.4641530465761223,1.0,2.713,0.532,1.0,0.966,0.0056,0.9
0.00032248687511995553,0.5957794260577057,0.4633353698654753,1.0,2.713,0.532,1.0,0.966,0.0056,0.9
1.5866674424942295e-5,0.6055910357454719,0.463602907360222,1.0,2.713,0.532,1.0,0.966,0.0056,0.9
0.000525227436437479,0.5868593838927518,0.4631560660942451,1.0,2.713,0.532,1.0,0.966,0.0056,0.9
0.0006949012384525595,0.5826139631234916,0.46306345398581006,1.0,2.713,0.532,1.0,0.966,0.0056,0.9
0.0005657148205614489,0.5939927350062069,0.4634407028507879,1.0,2.713,0.532,1.0,0.966,0.0056,0.9
0.0009778223975157145,0.6148786498546249,0.46393963567720053,1.0,2.713,0.532,1.0,0.966,0.0056,0.9
0.0009362385954084194,0.6377906125680051,0.4643356060346648,1.0,2.713,0.532,1.0,0.966,0.0056,0.9
0.00033470935808209976,0.5908339436572111,0.4632609422190783,1.0,2.713,0.532,1.0,0.966,0.0056,0.9
0.00010404547376407426,0.6192896697643709,0.46391474742031824,1.0,2.713,0.532,1.0,0.966,0.0056,0.9
0.0009358030223815192,0.6058055154760574,0.4634714355187779,1.0,2.713,0.532,1.0,0.966,0.0056,0.9
0.0002391441182794027,0.6256881496822271,0.4640277321598003,1.0,2.713,0.532,1.0,0.966,0.0056,0.9
0.0003748249908362155,0.5911485590397241,0.46333233448709527,1.0,2.713,0.532,1.0,0.966,0.0056,0.9
1.0083297823525805,0.0,0.4590751985131287,1.0,2.713,0.532,1.0,0.966,0.0056,0.9
0.0003921493595039991,0.6295397423931897,0.46412849708701576,1.0,2.713,0.532,1.0,0.966,0.0056,0.9
0.0004176235606564065,0.5876755481482284,0.46321190098146536,1.0,2.713,0.532,1.0,0.966,0.0056,0.9
0.0006821270563479114,0.5960976749207143,0.4632941160885551,1.0,2.713,0.532,1.0,0.966,0.0056,0.9
0.0006843917254966831,0.581434972251761,0.463063125748162,1.0,2.713,0.532,1.0,0.966,0.0056,0.9
0.00038071917883068264,0.5984946274086634,0.46337575692611305,1.0,2.713,0.532,1.0,0.966,0.0056,0.9
0.0005804754132809258,0.591964707802992,0.46322777729442277,1.0,2.713,0.532,1.0,0.966,0.0056,0.9
0.0007582834697681726,0.5831874266002546,0.4631776772951598,1.0,2.713,0.532,1.0,0.966,0.0056,0.9
0.0003251478506839472,0.5986210446160859,0.4635215820507599,1.0,2.713,0.532,1.0,0.966,0.0056,0.9
0.000502396898282337,0.5854766127989863,0.4631619869977914,1.0,2.713,0.532,1.0,0.966,0.0056,0.9
0.00010316753596725759,0.6027671907929597,0.46357836079733117,1.0,2.713,0.532,1.0,0.966,0.0056,0.9
0.0005589672231455052,0.5850084483981011,0.463127437050335,1.0,2.713,0.532,1.0,0.966,0.0056,0.9
0.00020041385640995172,0.6216457895177886,0.4639809272556018,1.0,2.713,0.532,1.0,0.966,0.0056,0.9
0.0008806364032860588,0.6260347508411716,0.4641458446088036,1.0,2.713,0.532,1.0,0.966,0.0056,0.9
0.0004445632680872218,0.5923984099021473,0.46325571086684486,1.0,2.713,0.532,1.0,0.966,0.0056,0.9
0.0006511218505556201,0.6296425159969359,0.4640408976801663,1.0,2.713,0.532,1.0,0.966,0.0056,0.9
0.00043967191599766085,0.610754705322974,0.4638083437356678,1.0,2.713,0.532,1.0,0.966,0.0056,0.9
9.450229826161033e-5,0.6176676492744619,0.4638337524933651,1.0,2.713,0.532,1.0,0.966,0.0056,0.9
3.7192133336319415e-5,0.6160382900565057,0.46382108874773786,1.0,2.713,0.532,1.0,0.966,0.0056,0.9
5.929322206710249e-5,0.6173561174771277,0.4638653614274065,1.0,2.713,0.532,1.0,0.966,0.0056,0.9
5.698958969684336e-5,0.6018104553222656,0.46351928710937507,1.0,2.713,0.532,1.0,0.966,0.0056,0.9
0.0008811960656926743,0.5805755017156642,0.46312126535147113,1.0,2.713,0.532,1.0,0.966,0.0056,0.9
0.0001537353804604531,0.6004029044044774,0.46353229216278785,1.0,2.713,0.532,1.0,0.966,0.0056,0.9
0.00045065938218647865,0.607175952142532,0.46354274051144284,1.0,2.713,0.532,1.0,0.966,0.0056,0.9
0.00024561924684904477,0.5935492973250747,0.4633245817517623,1.0,2.713,0.532,1.0,0.966,0.0056,0.9
0.0006779026309554807,0.6071515932717526,0.4637548413570757,1.0,2.713,0.532,1.0,0.966,0.0056,0.9
0.00029439446866664023,0.5975609294239816,0.4633719864360867,1.0,2.713,0.532,1.0,0.966,0.0056,0.9
0.00036585772964801055,0.5913880352068545,0.4633371251641328,1.0,2.713,0.532,1.0,0.966,0.0056,0.9
0.00018898486628471302,0.6158252060822627,0.4638771338270993,1.0,2.713,0.532,1.0,0.966,0.0056,0.9
9.271980218322023e-5,0.6167733298023386,0.4638724078104242,1.0,2.713,0.532,1.0,0.966,0.0056,0.9
0.0003290349227007501,0.5980724048755355,0.4633754967417927,1.0,2.713,0.532,1.0,0.966,0.0056,0.9
0.0008454604091879393,0.588845494103265,0.4633436164213164,1.0,2.713,0.532,1.0,0.966,0.0056,0.9
0.0002679804608653842,0.6161724385850174,0.4638965094966627,1.0,2.713,0.532,1.0,0.966,0.0056,0.9
0.0005321609689814472,0.6041988308605838,0.4634721379492047,1.0,2.713,0.532,1.0,0.966,0.0056,0.9
0.0008590197515022268,0.6021786284063642,0.46366100870009713,1.0,2.713,0.532,1.0,0.966,0.0056,0.9
0.0006186889815333925,0.6288963723164736,0.46402572298098527,1.0,2.713,0.532,1.0,0.966,0.0056,0.9
0.0005600914692377684,0.5905594177372212,0.46320590548923074,1.0,2.713,0.532,1.0,0.966,0.0056,0.9
0.00026060813286663274,0.6258734187259116,0.46401591379667334,1.0,2.713,0.532,1.0,0.966,0.0056,0.9
0.0009719986930948473,0.5780700789972055,0.46294779461320335,1.0,2.713,0.532,1.0,0.966,0.0056,0.9
0.00042164901117143407,0.5885860317711162,0.46320679873824133,1.0,2.713,0.532,1.0,0.966,0.0056,0.9
0.0007721385726780594,0.59923677535125,0.4633481942379199,1.0,2.713,0.532,1.0,0.966,0.0056,0.9
6.853336087750213e-5,0.6103879410067944,0.4637433791358462,1.0,2.713,0.532,1.0,0.966,0.0056,0.9
0.000203305434578709,0.6239443433959206,0.46400953795064803,1.0,2.713,0.532,1.0,0.966,0.0056,0.9
0.0003113577507656935,0.5933205768971708,0.46337967622226683,1.0,2.713,0.532,1.0,0.966,0.0056,0.9
0.00048632405830692965,0.6041828901863879,0.4634765286767655,1.0,2.713,0.532,1.0,0.966,0.0056,0.9
2.3525358106070685e-5,0.6050024009350605,0.4635990152407427,1.0,2.713,0.532,1.0,0.966,0.0056,0.9
0.00012719470220085336,0.6020798042496086,0.46348900340769017,1.0,2.713,0.532,1.0,0.966,0.0056,0.9
0.0007228158655842699,0.5837109991671902,0.46318665358165323,1.0,2.713,0.532,1.0,0.966,0.0056,0.9
9.175204500544296e-5,0.6029788901629447,0.46358016527501045,1.0,2.713,0.532,1.0,0.966,0.0056,0.9
0.0009479076752333555,0.5859232635268272,0.46327955845617597,1.0,2.713,0.532,1.0,0.966,0.0056,0.9
0.00024406382576576315,0.6256771732829695,0.46401899648955974,1.0,2.713,0.532,1.0,0.966,0.0056,0.9
0.0006775844772107436,0.6231783802446077,0.46387860736206965,1.0,2.713,0.532,1.0,0.966,0.0056,0.9
0.0007901809230058176,0.6143876161456433,0.46391534366557563,1.0,2.713,0.532,1.0,0.966,0.0056,0.9
0.00028394788751520586,0.5966092707626831,0.4634635472569501,1.0,2.713,0.532,1.0,0.966,0.0056,0.9
0.0005862837049153405,0.5865949230456093,0.46324565746145097,1.0,2.713,0.532,1.0,0.966,0.0056,0.9
9.664188906233399e-5,0.6188007474491477,0.46386420603099676,1.0,2.713,0.532,1.0,0.966,0.0056,0.9
0.00017873771069000337,0.6180641495632792,0.46382171194549693,1.0,2.713,0.532,1.0,0.966,0.0056,0.9
0.0008425555970482979,0.6379517234484304,0.464318136362314,1.0,2.713,0.532,1.0,0.966,0.0056,0.9
1.008331687809989,0.0,0.4590749417365675,1.0,2.713,0.532,1.0,0.966,0.0056,0.9
0.0007011486258175755,0.5859306272284417,0.46324738261599874,1.0,2.713,0.532,1.0,0.966,0.0056,0.9
0.0004991701935250685,0.6096231718083123,0.4637907782998283,1.0,2.713,0.532,1.0,0.966,0.0056,0.9
0.0006251149801825547,0.5827409301526292,0.46312165280476003,1.0,2.713,0.532,1.0,0.966,0.0056,0.9
1.008327649811204,0.0,0.45907548930173536,1.0,2.713,0.532,1.0,0.966,0.0056,0.9
0.000919841096488025,0.5931384728184554,0.4632138921026365,1.0,2.713,0.532,1.0,0.966,0.0056,0.9
0.00018116645443578226,0.622775337483529,0.46394726565481303,1.0,2.713,0.532,1.0,0.966,0.0056,0.9
0.0008172548719932878,0.582250460765591,0.4630324248313924,1.0,2.713,0.532,1.0,0.966,0.0056,0.9
0.0009420570368817557,0.6142245194418973,0.4636531966780276,1.0,2.713,0.532,1.0,0.966,0.0056,0.9
0.000661417293930002,0.5938197638307183,0.4632524005292432,1.0,2.713,0.532,1.0,0.966,0.0056,0.9
0.0008254274315763924,0.6325895286980416,0.46425021430965047,1.0,2.713,0.532,1.0,0.966,0.0056,0.9
0.0005720104533308233,0.6046616249176682,0.4636907205307505,1.0,2.713,0.532,1.0,0.966,0.0056,0.9
1.0083274935257651,0.0,0.45907551101701344,1.0,2.713,0.532,1.0,0.966,0.0056,0.9
0.0007716445360740975,0.5932209401970381,0.4634448130743903,1.0,2.713,0.532,1.0,0.966,0.0056,0.9
0.0006581749271164774,0.5845090533524613,0.4631976760180465,1.0,2.713,0.532,1.0,0.966,0.0056,0.9
5.502498537990618e-5,0.6061432889982865,0.46358590931902444,1.0,2.713,0.532,1.0,0.966,0.0056,0.9
0.0006476911691224243,0.6266227742753937,0.46413337028739804,1.0,2.713,0.532,1.0,0.966,0.0056,0.9
0.00014623032115315026,0.599066788300378,0.46349434915420995,1.0,2.713,0.532,1.0,0.966,0.0056,0.9
0.00013556188752903274,0.5975062023082102,0.4634381943910887,1.0,2.713,0.532,1.0,0.966,0.0056,0.9
0.0007551089716173467,0.6109717491713825,0.4635961791182439,1.0,2.713,0.532,1.0,0.966,0.0056,0.9
0.0001268676443988846,0.6207991109590927,0.4639430564524894,1.0,2.713,0.532,1.0,0.966,0.0056,0.9
0.0006454392694957895,0.6201953281616278,0.4638118779446667,1.0,2.713,0.532,1.0,0.966,0.0056,0.9
0.0005797640438946525,0.6235565679516261,0.46389756155969875,1.0,2.713,0.532,1.0,0.966,0.0056,0.9
0.0009223627201946508,0.5933264178671677,0.46346171988216067,1.0,2.713,0.532,1.0,0.966,0.0056,0.9
1.0083283210564715,0.0,0.4590753970731812,1.0,2.713,0.532,1.0,0.966,0.0056,0.9
0.0005132838393201827,0.5964272797203258,0.4633191115288207,1.0,2.713,0.532,1.0,0.966,0.0056,0.9
0.0006151186368960772,0.6078977124740117,0.4635419580273903,1.0,2.713,0.532,1.0,0.966,0.0056,0.9
0.00019005074886627518,0.5962860950714021,0.4634290033100937,1.0,2.713,0.532,1.0,0.966,0.0056,0.9
0.0003005548501087475,0.6144312620162964,0.4637178421020506,1.0,2.713,0.532,1.0,0.966,0.0056,0.9
0.0004489785694655439,0.587683688855221,0.4631890016914134,1.0,2.713,0.532,1.0,0.966,0.0056,0.9
0.0007521373592282901,0.5895897412299316,0.4633520425824531,1.0,2.713,0.532,1.0,0.966,0.0056,0.9
2.4565529695036625e-5,0.6133340668104863,0.46378508292833487,1.0,2.713,0.532,1.0,0.966,0.0056,0.9
6.208120041602651e-5,0.6163720370537505,0.463812405268234,1.0,2.713,0.532,1.0,0.966,0.0056,0.9
0.0006961968735433397,0.6264157542838883,0.4641350547966028,1.0,2.713,0.532,1.0,0.966,0.0056,0.9
0.0008941789676351475,0.5776797882086112,0.46302469834993687,1.0,2.713,0.532,1.0,0.966,0.0056,0.9
0.00035166280956544103,0.600442203770382,0.46341731589484136,1.0,2.713,0.532,1.0,0.966,0.0056,0.9
0.0008132053454350184,0.6385539630807043,0.4642970854145605,1.0,2.713,0.532,1.0,0.966,0.0056,0.9
0.0009268598975730283,0.5919894999761566,0.46319093372111486,1.0,2.713,0.532,1.0,0.966,0.0056,0.9
0.0006229554532415674,0.6334285542926367,0.46422928327597923,1.0,2.713,0.532,1.0,0.966,0.0056,0.9
0.0006967283644186122,0.6323190530675147,0.46410619817138055,1.0,2.713,0.532,1.0,0.966,0.0056,0.9
0.00038433625955990773,0.6270646309368055,0.46401469400339923,1.0,2.713,0.532,1.0,0.966,0.0056,0.9
8.596046246909356e-5,0.6121615953949036,0.4637842656957187,1.0,2.713,0.532,1.0,0.966,0.0056,0.9
0.00012834932713993522,0.6014292748781337,0.4635517381865244,1.0,2.713,0.532,1.0,0.966,0.0056,0.9
0.0009767233549701237,0.5755763361569298,0.4629633319980076,1.0,2.713,0.532,1.0,0.966,0.0056,0.9
0.0007664812888040812,0.5990299703871775,0.46358178502373787,1.0,2.713,0.532,1.0,0.966,0.0056,0.9
0.000668403973457544,0.5923721446618153,0.4632244068299779,1.0,2.713,0.532,1.0,0.966,0.0056,0.9
0.00037137980313112716,0.6086776190725092,0.46375675467535915,1.0,2.713,0.532,1.0,0.966,0.0056,0.9
0.0005890737177604234,0.5970965937254842,0.4633233420537451,1.0,2.713,0.532,1.0,0.966,0.0056,0.9
0.0005661945981168448,0.6089098607748792,0.46356808877867106,1.0,2.713,0.532,1.0,0.966,0.0056,0.9
0.0005211930860674339,0.6210751438294043,0.4640207019271718,1.0,2.713,0.532,1.0,0.966,0.0056,0.9
0.0007007884297246527,0.6363482384068949,0.46426584304708607,1.0,2.713,0.532,1.0,0.966,0.0056,0.9
2.0907774810126748e-5,0.6115386733290158,0.4637116934983593,1.0,2.713,0.532,1.0,0.966,0.0056,0.9
2.9853792355901493e-5,0.6050344459308363,0.46360591817924046,1.0,2.713,0.532,1.0,0.966,0.0056,0.9
0.0003429423632157173,0.6210535313188552,0.46399788951781423,1.0,2.713,0.532,1.0,0.966,0.0056,0.9
0.0004796849518019886,0.6165217211883125,0.46374410721473325,1.0,2.713,0.532,1.0,0.966,0.0056,0.9
0.0005109011769400492,0.6082981048984659,0.46376378364071014,1.0,2.713,0.532,1.0,0.966,0.0056,0.9
4.588880496102826e-5,0.6168430008453257,0.46384457618513525,1.0,2.713,0.532,1.0,0.966,0.0056,0.9
0.00042168316521368394,0.6106976567654647,0.4636211465251469,1.0,2.713,0.532,1.0,0.966,0.0056,0.9
0.0001337816775276663,0.5975497858920091,0.46342327714185383,1.0,2.713,0.532,1.0,0.966,0.0056,0.9
0.0009084014533255289,0.5900750300961818,0.4633810626870437,1.0,2.713,0.532,1.0,0.966,0.0056,0.9
5.690354456190566e-5,0.6160873324349094,0.46384733170358317,1.0,2.713,0.532,1.0,0.966,0.0056,0.9
0.0003771250444790646,0.590209388749225,0.4633035595499916,1.0,2.713,0.532,1.0,0.966,0.0056,0.9
0.0005722342876600261,0.6160714225288151,0.4637247080256707,1.0,2.713,0.532,1.0,0.966,0.0056,0.9
0.0003199828472647292,0.5937629388286393,0.4633944777510827,1.0,2.713,0.532,1.0,0.966,0.0056,0.9
0.00025492491537534715,0.6148819923400879,0.4638694763183594,1.0,2.713,0.532,1.0,0.966,0.0056,0.9
1.0083274669446387,0.0,0.45907551473285435,1.0,2.713,0.532,1.0,0.966,0.0056,0.9
0.0005572658821672088,0.5851729704241319,0.46312924403151234,1.0,2.713,0.532,1.0,0.966,0.0056,0.9
0.00010963029386465707,0.6097352426139782,0.46373949143033943,1.0,2.713,0.532,1.0,0.966,0.0056,0.9
0.0007197200077537926,0.6195887753175233,0.46401207656926335,1.0,2.713,0.532,1.0,0.966,0.0056,0.9
3.558679758491817e-5,0.6034716350210089,0.4635582238623474,1.0,2.713,0.532,1.0,0.966,0.0056,0.9
0.0007502507058010474,0.5836845114928383,0.46306504793512804,1.0,2.713,0.532,1.0,0.966,0.0056,0.9
0.0006250331449332224,0.5907626258273677,0.46336635630724,1.0,2.713,0.532,1.0,0.966,0.0056,0.9
0.0005724242629464778,0.596973661461839,0.4633227740708233,1.0,2.713,0.532,1.0,0.966,0.0056,0.9
0.00010859970146037908,0.6070052833433022,0.4636797075186164,1.0,2.713,0.532,1.0,0.966,0.0056,0.9
0.00015041137519059824,0.6008295989594141,0.46354236678894284,1.0,2.713,0.532,1.0,0.966,0.0056,0.9
0.0009371456550288032,0.6162290050494941,0.46396376080130963,1.0,2.713,0.532,1.0,0.966,0.0056,0.9
6.556601772121636e-5,0.6146183627357027,0.46376660225401367,1.0,2.713,0.532,1.0,0.966,0.0056,0.9
0.0005064769095696672,0.6294893427268755,0.46405874328610885,1.0,2.713,0.532,1.0,0.966,0.0056,0.9
0.00041201984378202305,0.5881995663757109,0.46324469674568713,1.0,2.713,0.532,1.0,0.966,0.0056,0.9
0.0005998720607206762,0.5864499898658037,0.4631334886182743,1.0,2.713,0.532,1.0,0.966,0.0056,0.9
0.0006978474582660216,0.6225557384845254,0.46386201478647693,1.0,2.713,0.532,1.0,0.966,0.0056,0.9
0.0006109731036549171,0.5834274664736505,0.46314604127526604,1.0,2.713,0.532,1.0,0.966,0.0056,0.9
0.0009099464530921929,0.576647736292333,0.46297159207641914,1.0,2.713,0.532,1.0,0.966,0.0056,0.9
0.0009153706851572146,0.6386343857498884,0.46425680912108547,1.0,2.713,0.532,1.0,0.966,0.0056,0.9
0.0009900119002614722,0.5760712428351884,0.4629933676106833,1.0,2.713,0.532,1.0,0.966,0.0056,0.9
0.0009465362443013126,0.5993458428790819,0.46360422603596485,1.0,2.713,0.532,1.0,0.966,0.0056,0.9
0.00057946547229667,0.5947627627679617,0.4632795877245556,1.0,2.713,0.532,1.0,0.966,0.0056,0.9
0.0005203915704960019,0.589091893125288,0.4633050235684186,1.0,2.713,0.532,1.0,0.966,0.0056,0.9
0.0007250357550983172,0.6280836023349329,0.4639926812588602,1.0,2.713,0.532,1.0,0.966,0.0056,0.9
0.0003630538119338261,0.6169607834472355,0.4639245531679392,1.0,2.713,0.532,1.0,0.966,0.0056,0.9
0.0006073383101187692,0.6279691542092504,0.46415099593551423,1.0,2.713,0.532,1.0,0.966,0.0056,0.9
0.00019488212226437935,0.6069831456428165,0.46369568681011,1.0,2.713,0.532,1.0,0.966,0.0056,0.9
2.25813010438627e-5,0.6094745821660817,0.463708133492948,1.0,2.713,0.532,1.0,0.966,0.0056,0.9
0.0008665646265854482,0.5777426855483907,0.4629788517643203,1.0,2.713,0.532,1.0,0.966,0.0056,0.9
0.0006542189351750127,0.6065548504168974,0.46373984333649587,1.0,2.713,0.532,1.0,0.966,0.0056,0.9
8.181931582343937e-6,0.6073728183657431,0.4636342273570465,1.0,2.713,0.532,1.0,0.966,0.0056,0.9
8.778840773359754e-6,0.6127879939845186,0.46375378332746126,1.0,2.713,0.532,1.0,0.966,0.0056,0.9
3.7277623606239367e-6,0.6095011713174402,0.46367877137282176,1.0,2.713,0.532,1.0,0.966,0.0056,0.9
5.334606976582073e-6,0.6116371631217599,0.46373958009684,1.0,2.713,0.532,1.0,0.966,0.0056,0.9
5.9583998752847725e-6,0.6097184236304142,0.4636810279277138,1.0,2.713,0.532,1.0,0.966,0.0056,0.9
6.326616519092463e-6,0.6079844719461254,0.4636632633082281,1.0,2.713,0.532,1.0,0.966,0.0056,0.9
4.08510084508084e-6,0.6117561323683285,0.4637388427285947,1.0,2.713,0.532,1.0,0.966,0.0056,0.9
4.531776526793036e-6,0.6119935389630048,0.4637387223558239,1.0,2.713,0.532,1.0,0.966,0.0056,0.9
1.0386388116996545e-6,0.6108163805994213,0.4637139752411066,1.0,2.713,0.532,1.0,0.966,0.0056,0.9
5.665599342360298e-6,0.6081588719668714,0.4636668366389516,1.0,2.713,0.532,1.0,0.966,0.0056,0.9
7.263253431468633e-6,0.6114516851784368,0.46371911907543595,1.0,2.713,0.532,1.0,0.966,0.0056,0.9
3.6719771789826202e-6,0.6091920048858983,0.46367254198255603,1.0,2.713,0.532,1.0,0.966,0.0056,0.9
2.1125573711011573e-6,0.6089740116773454,0.46368162575370586,1.0,2.713,0.532,1.0,0.966,0.0056,0.9
3.1156504669871e-6,0.6086597940084985,0.46366312208238103,1.0,2.713,0.532,1.0,0.966,0.0056,0.9
1.3759547565449806e-6,0.6097558639510491,0.46368752026361115,1.0,2.713,0.532,1.0,0.966,0.0056,0.9
9.222576297547968e-6,0.6089157194287945,0.4636880176125161,1.0,2.713,0.532,1.0,0.966,0.0056,0.9
6.005725073038747e-6,0.6083948712448559,0.4636544812324769,1.0,2.713,0.532,1.0,0.966,0.0056,0.9
8.13917917449466e-6,0.6067865697107584,0.4636294619305471,1.0,2.713,0.532,1.0,0.966,0.0056,0.9
5.413139976739831e-6,0.6097617827700583,0.4637033739721282,1.0,2.713,0.532,1.0,0.966,0.0056,0.9
5.086262132405478e-6,0.6089974947951797,0.46366705905088024,1.0,2.713,0.532,1.0,0.966,0.0056,0.9
5.171277323068643e-6,0.6105172294498287,0.46369928510942554,1.0,2.713,0.532,1.0,0.966,0.0056,0.9
3.474173455636749e-6,0.6103881638439632,0.4637142422952204,1.0,2.713,0.532,1.0,0.966,0.0056,0.9
1.2377774019034488e-6,0.6096956196727111,0.46368652305419955,1.0,2.713,0.532,1.0,0.966,0.0056,0.9
1.4846156687470731e-6,0.610110186968819,0.46370564859733876,1.0,2.713,0.532,1.0,0.966,0.0056,0.9
5.849995756702764e-6,0.6117327727009352,0.4637418843346043,1.0,2.713,0.532,1.0,0.966,0.0056,0.9
1.0083273976938307,0.0,0.4590755244946454,1.0,2.713,0.532,1.0,0.966,0.0056,0.9
2.1065587358788155e-6,0.608320245535483,0.46366382988942456,1.0,2.713,0.532,1.0,0.966,0.0056,0.9
8.221308369536172e-6,0.6124851343046109,0.4637566023321357,1.0,2.713,0.532,1.0,0.966,0.0056,0.9
3.6718182467265332e-6,0.611642923778028,0.46373637523746103,1.0,2.713,0.532,1.0,0.966,0.0056,0.9
9.28604708470539e-6,0.6067239500577555,0.46362397049220844,1.0,2.713,0.532,1.0,0.966,0.0056,0.9
6.606355784342109e-6,0.6120579506459769,0.4637355421768748,1.0,2.713,0.532,1.0,0.966,0.0056,0.9
4.0615703089363565e-6,0.6118630511748699,0.4637395664497723,1.0,2.713,0.532,1.0,0.966,0.0056,0.9
0.0003332705524722982,0.5943732261657715,0.46330947875976536,1.0,2.713,0.532,1.0,0.966,0.0056,0.9
8.359377310145105e-6,0.6115844616030699,0.46374219142277245,1.0,2.713,0.532,1.0,0.966,0.0056,0.9
2.076424465834978e-6,0.6112867965809903,0.4637265283101193,1.0,2.713,0.532,1.0,0.966,0.0056,0.9
8.058622957311444e-6,0.6126269000373616,0.4637499890994482,1.0,2.713,0.532,1.0,0.966,0.0056,0.9
1.3018441438773247e-6,0.6086176065421685,0.46366755584987185,1.0,2.713,0.532,1.0,0.966,0.0056,0.9
5.332024383329467e-6,0.6121747759363565,0.46374622508475866,1.0,2.713,0.532,1.0,0.966,0.0056,0.9
4.736031927543287e-6,0.6093077636227633,0.46367367286818784,1.0,2.713,0.532,1.0,0.966,0.0056,0.9
2.0728203671587795e-6,0.6113045975904986,0.4637252877084998,1.0,2.713,0.532,1.0,0.966,0.0056,0.9
4.317418522234735e-6,0.6114546286086745,0.4637229202708314,1.0,2.713,0.532,1.0,0.966,0.0056,0.9
8.141342150501235e-6,0.6089117479963501,0.46366251390519186,1.0,2.713,0.532,1.0,0.966,0.0056,0.9
5.16557473685859e-6,0.6103923362184454,0.4637162352780372,1.0,2.713,0.532,1.0,0.966,0.0056,0.9
4.074448872913392e-6,0.6107008067398277,0.46370473231878095,1.0,2.713,0.532,1.0,0.966,0.0056,0.9
4.869147062862888e-7,0.6101085362789034,0.4637031451332605,1.0,2.713,0.532,1.0,0.966,0.0056,0.9
9.542874799170597e-6,0.6085742177615908,0.46368048258940364,1.0,2.713,0.532,1.0,0.966,0.0056,0.9
6.651835164052456e-6,0.6109574938139124,0.46372883861171993,1.0,2.713,0.532,1.0,0.966,0.0056,0.9
5.297047862284037e-6,0.6093874342009545,0.4636747335660549,1.0,2.713,0.532,1.0,0.966,0.0056,0.9
5.269748733888721e-6,0.6086301440715449,0.46367783118612393,1.0,2.713,0.532,1.0,0.966,0.0056,0.9
8.091160789755052e-6,0.6122501780149333,0.46375311471810743,1.0,2.713,0.532,1.0,0.966,0.0056,0.9
8.737848066838058e-6,0.6097558909390398,0.4636795109434656,1.0,2.713,0.532,1.0,0.966,0.0056,0.9
7.493254937296154e-6,0.6073481314425591,0.46363484108204256,1.0,2.713,0.532,1.0,0.966,0.0056,0.9
4.231394810423016e-6,0.6109369392166815,0.4637257866684328,1.0,2.713,0.532,1.0,0.966,0.0056,0.9
4.4612282886206285e-6,0.6097813651388098,0.46370282735969204,1.0,2.713,0.532,1.0,0.966,0.0056,0.9
9.34540382112382e-6,0.609584067154872,0.463675417962626,1.0,2.713,0.532,1.0,0.966,0.0056,0.9
1.7961100923373464e-6,0.6093159208340866,0.46367774268859263,1.0,2.713,0.532,1.0,0.966,0.0056,0.9
2.845931909713364e-6,0.6108688322000669,0.4637225262077006,1.0,2.713,0.532,1.0,0.966,0.0056,0.9
1.6736442412601006e-6,0.6104173254034768,0.46370171603686366,1.0,2.713,0.532,1.0,0.966,0.0056,0.9
9.824115818682288e-6,0.61280146116094,0.4637519590290773,1.0,2.713,0.532,1.0,0.966,0.0056,0.9
4.806506610804047e-6,0.612095944134702,0.46374265181366114,1.0,2.713,0.532,1.0,0.966,0.0056,0.9
4.814160664173795e-6,0.6118516277618431,0.46373298690168663,1.0,2.713,0.532,1.0,0.966,0.0056,0.9
6.0253903689739e-6,0.6120195888375448,0.4637465224899679,1.0,2.713,0.532,1.0,0.966,0.0056,0.9
9.289467463875187e-6,0.612796269383089,0.46376214982955954,1.0,2.713,0.532,1.0,0.966,0.0056,0.9
2.1266837029103684e-6,0.6084793643455126,0.4636689220305492,1.0,2.713,0.532,1.0,0.966,0.0056,0.9
6.485011191400593e-6,0.607324578964018,0.4636363946318862,1.0,2.713,0.532,1.0,0.966,0.0056,0.9
1.7765224854255515e-6,0.608404416178773,0.46366466843131143,1.0,2.713,0.532,1.0,0.966,0.0056,0.9
6.796585120074354e-6,0.6098584506561621,0.4637066918390551,1.0,2.713,0.532,1.0,0.966,0.0056,0.9
4.3499918522338314e-6,0.6119763275368226,0.4637392563567696,1.0,2.713,0.532,1.0,0.966,0.0056,0.9
0.00028675784094553126,0.6191768646240234,0.4639556884765626,1.0,2.713,0.532,1.0,0.966,0.0056,0.9
3.0982767039462857e-6,0.6098024010830645,0.4637016928419061,1.0,2.713,0.532,1.0,0.966,0.0056,0.9
8.53446667181625e-6,0.612777996871675,0.46376004527772907,1.0,2.713,0.532,1.0,0.966,0.0056,0.9
5.2675392226013215e-6,0.6078580302629517,0.4636460969408825,1.0,2.713,0.532,1.0,0.966,0.0056,0.9
9.949720633413093e-6,0.6129959500974317,0.46376523298875744,1.0,2.713,0.532,1.0,0.966,0.0056,0.9
4.7543419952868e-6,0.609523220801861,0.463678097242799,1.0,2.713,0.532,1.0,0.966,0.0056,0.9
2.218800193085782e-6,0.6100468786370066,0.46370559841854986,1.0,2.713,0.532,1.0,0.966,0.0056,0.9
4.465754935209057e-6,0.6075948035804762,0.4636452354775143,1.0,2.713,0.532,1.0,0.966,0.0056,0.9
4.7925875131747586e-6,0.6077589222855628,0.4636547927198802,1.0,2.713,0.532,1.0,0.966,0.0056,0.9
5.060489647667764e-7,0.610532513536277,0.4637099317928647,1.0,2.713,0.532,1.0,0.966,0.0056,0.9
4.672023615922075e-6,0.6086795836293913,0.4636783111564633,1.0,2.713,0.532,1.0,0.966,0.0056,0.9
1.8500791294861652e-6,0.608557254466497,0.4636641574775003,1.0,2.713,0.532,1.0,0.966,0.0056,0.9
6.391764623469415e-6,0.6083782547240438,0.4636730403508033,1.0,2.713,0.532,1.0,0.966,0.0056,0.9
8.385377255929748e-6,0.6127367581995795,0.46375941164815465,1.0,2.713,0.532,1.0,0.966,0.0056,0.9
7.323103794650147e-6,0.6126287427011172,0.4637533292743661,1.0,2.713,0.532,1.0,0.966,0.0056,0.9
2.340441381319399e-6,0.611339132604651,0.4637245902163325,1.0,2.713,0.532,1.0,0.966,0.0056,0.9
3.269189341472554e-6,0.6115975743937327,0.4637294523142325,1.0,2.713,0.532,1.0,0.966,0.0056,0.9
4.826052437943332e-6,0.6085408186053805,0.46365855897927916,1.0,2.713,0.532,1.0,0.966,0.0056,0.9
6.565508903459398e-6,0.6111354685534711,0.4637122176335341,1.0,2.713,0.532,1.0,0.966,0.0056,0.9
3.6766678385825904e-6,0.6079591798748715,0.46365803073804673,1.0,2.713,0.532,1.0,0.966,0.0056,0.9
6.109645115594486e-6,0.6108957393839483,0.4637271174803116,1.0,2.713,0.532,1.0,0.966,0.0056,0.9
8.753764012111359e-6,0.611661759470866,0.46372278958333396,1.0,2.713,0.532,1.0,0.966,0.0056,0.9
1.7570215656138916e-6,0.6093428647240009,0.46368961832936445,1.0,2.713,0.532,1.0,0.966,0.0056,0.9
1.7650195066786035e-6,0.6085261196494101,0.4636640613044519,1.0,2.713,0.532,1.0,0.966,0.0056,0.9
8.479547899239766e-6,0.6067347267074747,0.463629366964203,1.0,2.713,0.532,1.0,0.966,0.0056,0.9
6.799088610923162e-6,0.6120622745044997,0.4637353608673037,1.0,2.713,0.532,1.0,0.966,0.0056,0.9
4.561649506362792e-6,0.6075562988951878,0.4636467558084482,1.0,2.713,0.532,1.0,0.966,0.0056,0.9
2.8932318703761223e-6,0.6103728454956352,0.46371316763784975,1.0,2.713,0.532,1.0,0.966,0.0056,0.9
5.118214194996169e-6,0.6118582596271355,0.46373253644895873,1.0,2.713,0.532,1.0,0.966,0.0056,0.9
4.9554172495980555e-6,0.607723596099379,0.4636447127510278,1.0,2.713,0.532,1.0,0.966,0.0056,0.9
3.3930441224685195e-6,0.6101779949076612,0.4636936769465275,1.0,2.713,0.532,1.0,0.966,0.0056,0.9
3.075215172772887e-6,0.6111417024544662,0.46372767945625687,1.0,2.713,0.532,1.0,0.966,0.0056,0.9
2.294380890826098e-6,0.6101483430320807,0.4636945193303576,1.0,2.713,0.532,1.0,0.966,0.0056,0.9
3.881301936441286e-6,0.6078297694833705,0.4636488461846644,1.0,2.713,0.532,1.0,0.966,0.0056,0.9
9.848342695197677e-6,0.6065255630816645,0.46362602830305477,1.0,2.713,0.532,1.0,0.966,0.0056,0.9
8.134668131033474e-6,0.6116255849342382,0.46374271409429163,1.0,2.713,0.532,1.0,0.966,0.0056,0.9
9.299863618123463e-6,0.6092585823953671,0.4636686648096827,1.0,2.713,0.532,1.0,0.966,0.0056,0.9
7.474207882334976e-6,0.6077206320020103,0.4636579044700305,1.0,2.713,0.532,1.0,0.966,0.0056,0.9
7.607032832778084e-6,0.6108190540751803,0.46372701772606595,1.0,2.713,0.532,1.0,0.966,0.0056,0.9
1.0083274038570966,0.0,0.45907552361412424,1.0,2.713,0.532,1.0,0.966,0.0056,0.9
9.4892305910054e-6,0.61300862934486,0.46376327205165935,1.0,2.713,0.532,1.0,0.966,0.0056,0.9
4.449244110728786e-7,0.610352989044887,0.46370734390390134,1.0,2.713,0.532,1.0,0.966,0.0056,0.9
5.116472517404173e-6,0.6116460896301262,0.4637393895453603,1.0,2.713,0.532,1.0,0.966,0.0056,0.9
3.75554030357375e-6,0.6117509981580666,0.4637376700774783,1.0,2.713,0.532,1.0,0.966,0.0056,0.9
3.4289953269875293e-6,0.6115101813886166,0.46373406593814603,1.0,2.713,0.532,1.0,0.966,0.0056,0.9
1.2901958392790685e-6,0.6091261633453106,0.46368358636573004,1.0,2.713,0.532,1.0,0.966,0.0056,0.9
9.733582555290831e-6,0.6093868730056149,0.4636710044376426,1.0,2.713,0.532,1.0,0.966,0.0056,0.9
8.587336472208859e-6,0.612864551167549,0.4637585241049357,1.0,2.713,0.532,1.0,0.966,0.0056,0.9
1.0083274020465853,0.0,0.4590755238719794,1.0,2.713,0.532,1.0,0.966,0.0056,0.9
2.67031235357286e-7,0.6099267019923948,0.46369417398382096,1.0,2.713,0.532,1.0,0.966,0.0056,0.9
3.0316423916200777e-6,0.6103541002316751,0.4637129851096541,1.0,2.713,0.532,1.0,0.966,0.0056,0.9
6.56404943793726e-6,0.610928845214671,0.463728202257337,1.0,2.713,0.532,1.0,0.966,0.0056,0.9
2.757263933002913e-6,0.6082040370883843,0.4636627583993116,1.0,2.713,0.532,1.0,0.966,0.0056,0.9
9.713328572364612e-6,0.6077072801572412,0.4636599201228622,1.0,2.713,0.532,1.0,0.966,0.0056,0.9
6.121147559713402e-6,0.607791806267558,0.4636437346408148,1.0,2.713,0.532,1.0,0.966,0.0056,0.9
9.228462262435914e-6,0.6093000863667437,0.4636695756790935,1.0,2.713,0.532,1.0,0.966,0.0056,0.9
2.5146247883501932e-6,0.6112675147712798,0.4637216514288036,1.0,2.713,0.532,1.0,0.966,0.0056,0.9
8.824507974651907e-6,0.6101387897948359,0.46371421672099816,1.0,2.713,0.532,1.0,0.966,0.0056,0.9
9.571319405765765e-6,0.6086987995777983,0.46368336429642565,1.0,2.713,0.532,1.0,0.966,0.0056,0.9
4.481353675486341e-6,0.6076405206899242,0.46364518841590335,1.0,2.713,0.532,1.0,0.966,0.0056,0.9
6.900197612800013e-6,0.6125384665078235,0.4637530626893047,1.0,2.713,0.532,1.0,0.966,0.0056,0.9
6.901460037054431e-6,0.6093750995547765,0.46367299629124226,1.0,2.713,0.532,1.0,0.966,0.0056,0.9
6.965574146788267e-6,0.6089479544121933,0.4636868736133813,1.0,2.713,0.532,1.0,0.966,0.0056,0.9
4.019698139953939e-6,0.6077127432244859,0.46364770336345507,1.0,2.713,0.532,1.0,0.966,0.0056,0.9
0.0005743051497473495,0.5837478637695312,0.46312255859374984,1.0,2.713,0.532,1.0,0.966,0.0056,0.9
3.2439579376462277e-6,0.6115721664363785,0.4637342394448243,1.0,2.713,0.532,1.0,0.966,0.0056,0.9
8.724696562187436e-6,0.6126155198360761,0.46375909700618456,1.0,2.713,0.532,1.0,0.966,0.0056,0.9
4.720360406723497e-6,0.6089387315662314,0.46366629761841327,1.0,2.713,0.532,1.0,0.966,0.0056,0.9
5.105314681123381e-6,0.6121446284814451,0.46374499950208214,1.0,2.713,0.532,1.0,0.966,0.0056,0.9
2.561254986296086e-6,0.608381692500743,0.4636673795730285,1.0,2.713,0.532,1.0,0.966,0.0056,0.9
7.5321717981326674e-6,0.6116080109341778,0.46374178563840096,1.0,2.713,0.532,1.0,0.966,0.0056,0.9
4.0605244463145816e-6,0.6082690013811058,0.4636547615819048,1.0,2.713,0.532,1.0,0.966,0.0056,0.9
5.748852460867699e-6,0.60958956854243,0.4636785037101925,1.0,2.713,0.532,1.0,0.966,0.0056,0.9
7.94159594792279e-6,0.6068241709309867,0.46363046128811936,1.0,2.713,0.532,1.0,0.966,0.0056,0.9
3.513170816629099e-6,0.6116693678755365,0.46373610478711846,1.0,2.713,0.532,1.0,0.966,0.0056,0.9
3.28593387170527e-6,0.6078877190316759,0.46365300279712296,1.0,2.713,0.532,1.0,0.966,0.0056,0.9
3.42727549712765e-6,0.6115552673560047,0.46373463630327194,1.0,2.713,0.532,1.0,0.966,0.0056,0.9
6.105577184338528e-6,0.6072051069287397,0.46363717756729816,1.0,2.713,0.532,1.0,0.966,0.0056,0.9
5.573090979063351e-6,0.6112732460617092,0.463733605645134,1.0,2.713,0.532,1.0,0.966,0.0056,0.9
5.071565600991796e-6,0.6084083547466803,0.4636558142757312,1.0,2.713,0.532,1.0,0.966,0.0056,0.9
7.416946817083734e-6,0.6082744186310464,0.4636507768580336,1.0,2.713,0.532,1.0,0.966,0.0056,0.9
5.293684673047743e-6,0.6122073711517332,0.4637445718404314,1.0,2.713,0.532,1.0,0.966,0.0056,0.9
6.854539513193692e-6,0.6074418930933148,0.4636372241862442,1.0,2.713,0.532,1.0,0.966,0.0056,0.9
3.934078185236369e-6,0.6115864431732988,0.4637363084444111,1.0,2.713,0.532,1.0,0.966,0.0056,0.9
6.116089653124441e-6,0.607213576588158,0.4636369789648777,1.0,2.713,0.532,1.0,0.966,0.0056,0.9
3.6715264220215128e-6,0.6110607245496846,0.46371390122771583,1.0,2.713,0.532,1.0,0.966,0.0056,0.9
4.1725700613503085e-6,0.6119268767018298,0.463738016099992,1.0,2.713,0.532,1.0,0.966,0.0056,0.9
3.3447602503672025e-6,0.6101020804897233,0.46370828026327615,1.0,2.713,0.532,1.0,0.966,0.0056,0.9
3.1969696192548333e-6,0.6115649727398128,0.46373399913319935,1.0,2.713,0.532,1.0,0.966,0.0056,0.9
3.353302431158173e-6,0.6110456310389349,0.46372650844043795,1.0,2.713,0.532,1.0,0.966,0.0056,0.9
1.2102601777602194e-6,0.6101429290384183,0.46369632294777774,1.0,2.713,0.532,1.0,0.966,0.0056,0.9
5.961572971502149e-6,0.607825002650255,0.4636586546361885,1.0,2.713,0.532,1.0,0.966,0.0056,0.9
4.062926774735446e-7,0.6099702458482175,0.4637001258926869,1.0,2.713,0.532,1.0,0.966,0.0056,0.9
6.285536563346153e-6,0.609493080131589,0.46367599098534684,1.0,2.713,0.532,1.0,0.966,0.0056,0.9
9.112387953408614e-6,0.6087187836972812,0.46365788150064824,1.0,2.713,0.532,1.0,0.966,0.0056,0.9
4.523436440056441e-6,0.6091688692529942,0.4636894578358022,1.0,2.713,0.532,1.0,0.966,0.0056,0.9
3.7115177638219325e-6,0.6083459719851586,0.4636687735458362,1.0,2.713,0.532,1.0,0.966,0.0056,0.9
8.512654466264151e-6,0.6068373027757128,0.46363409151587837,1.0,2.713,0.532,1.0,0.966,0.0056,0.9
9.295210124531512e-6,0.606980946824174,0.46362687342417747,1.0,2.713,0.532,1.0,0.966,0.0056,0.9
5.019924291315814e-6,0.6104272599685172,0.46371678854994836,1.0,2.713,0.532,1.0,0.966,0.0056,0.9
2.0641534280382983e-6,0.6083090610213804,0.46366307153034586,1.0,2.713,0.532,1.0,0.966,0.0056,0.9
3.904414326274183e-6,0.6077793965062599,0.46364840581908506,1.0,2.713,0.532,1.0,0.966,0.0056,0.9
8.98748122419133e-6,0.6088534540463388,0.4636606643202703,1.0,2.713,0.532,1.0,0.966,0.0056,0.9
0.0007660448766678381,0.5813252925872803,0.46303138732910154,1.0,2.713,0.532,1.0,0.966,0.0056,0.9
6.477599505486353e-6,0.6121667274828421,0.46374934302793974,1.0,2.713,0.532,1.0,0.966,0.0056,0.9
5.902835261931884e-6,0.6085386828847918,0.4636763540974065,1.0,2.713,0.532,1.0,0.966,0.0056,0.9
4.079334394321373e-6,0.6089965844713954,0.4636850178069948,1.0,2.713,0.532,1.0,0.966,0.0056,0.9
3.7546034824588447e-6,0.6077714623093777,0.46364934360228416,1.0,2.713,0.532,1.0,0.966,0.0056,0.9
7.76534121056873e-6,0.6125415290227383,0.46375632647739645,1.0,2.713,0.532,1.0,0.966,0.0056,0.9
7.5330150377996626e-6,0.6069054613344165,0.4636325820759921,1.0,2.713,0.532,1.0,0.966,0.0056,0.9
4.190909031077973e-6,0.6086360510878946,0.46367666946143093,1.0,2.713,0.532,1.0,0.966,0.0056,0.9
7.738054385941676e-6,0.6074846472680989,0.4636520310562089,1.0,2.713,0.532,1.0,0.966,0.0056,0.9
7.838741139830324e-6,0.6102694856695976,0.46369133317053113,1.0,2.713,0.532,1.0,0.966,0.0056,0.9
5.489891406677977e-6,0.6108697473096448,0.4637070659700174,1.0,2.713,0.532,1.0,0.966,0.0056,0.9
1.956473463727566e-6,0.6086775486936353,0.46367387350897027,1.0,2.713,0.532,1.0,0.966,0.0056,0.9
5.642409871741401e-6,0.6092002903007985,0.46367056561469194,1.0,2.713,0.532,1.0,0.966,0.0056,0.9
7.909387262884031e-6,0.6074033590666814,0.4636500644819591,1.0,2.713,0.532,1.0,0.966,0.0056,0.9
3.035756563631187e-6,0.6115794233733852,0.463733365412452,1.0,2.713,0.532,1.0,0.966,0.0056,0.9
2.0374345642282137e-6,0.6110598449216292,0.46372401650626627,1.0,2.713,0.532,1.0,0.966,0.0056,0.9
4.198314934257644e-6,0.6080180241282591,0.4636504705643379,1.0,2.713,0.532,1.0,0.966,0.0056,0.9
7.703699841958398e-6,0.6103108571863316,0.46371688693457375,1.0,2.713,0.532,1.0,0.966,0.0056,0.9
4.487426041009545e-6,0.6113454107471021,0.46373345593005244,1.0,2.713,0.532,1.0,0.966,0.0056,0.9
8.542604563019194e-6,0.606947758821104,0.4636277700766299,1.0,2.713,0.532,1.0,0.966,0.0056,0.9
6.644013847011403e-6,0.6079494020638286,0.4636627597665447,1.0,2.713,0.532,1.0,0.966,0.0056,0.9
7.862206720153592e-6,0.6119988969931465,0.46373223285296333,1.0,2.713,0.532,1.0,0.966,0.0056,0.9
5.3523510564150674e-6,0.6073635167542442,0.463642420176973,1.0,2.713,0.532,1.0,0.966,0.0056,0.9
2.254386657302868e-6,0.608297688890328,0.46366381439561744,1.0,2.713,0.532,1.0,0.966,0.0056,0.9
6.665015599606947e-6,0.6082409865657025,0.46367001186337276,1.0,2.713,0.532,1.0,0.966,0.0056,0.9
8.999245826558763e-6,0.6129015528756747,0.46375767261564604,1.0,2.713,0.532,1.0,0.966,0.0056,0.9
5.470111539609812e-6,0.6081369649671473,0.46365045239455815,1.0,2.713,0.532,1.0,0.966,0.0056,0.9
7.815059263504556e-6,0.6069225003490052,0.46363511195734075,1.0,2.713,0.532,1.0,0.966,0.0056,0.9
2.8582354073030246e-6,0.6080429274139675,0.46365753733577675,1.0,2.713,0.532,1.0,0.966,0.0056,0.9
3.4406067894242543e-6,0.6085863828608725,0.4636612858735693,1.0,2.713,0.532,1.0,0.966,0.0056,0.9
6.596288721373806e-6,0.6073767833042063,0.4636472008678215,1.0,2.713,0.532,1.0,0.966,0.0056,0.9
4.084548385528749e-6,0.6104906753469683,0.46371702207297516,1.0,2.713,0.532,1.0,0.966,0.0056,0.9
2.4870363326390984e-6,0.610016260744584,0.4637053628224725,1.0,2.713,0.532,1.0,0.966,0.0056,0.9
7.473837821618645e-7,0.6106559460927252,0.46371069331182124,1.0,2.713,0.532,1.0,0.966,0.0056,0.9
5.2195442654517774e-6,0.6092288794176444,0.4636715663110268,1.0,2.713,0.532,1.0,0.966,0.0056,0.9
5.840575064511897e-6,0.612325572850479,0.46374814401859804,1.0,2.713,0.532,1.0,0.966,0.0056,0.9
6.018784299716504e-6,0.607764246013311,0.4636434400513219,1.0,2.713,0.532,1.0,0.966,0.0056,0.9
9.734340313777455e-6,0.6096626355452541,0.4636767942671318,1.0,2.713,0.532,1.0,0.966,0.0056,0.9
4.555047558658637e-6,0.6076990617569045,0.4636523563210337,1.0,2.713,0.532,1.0,0.966,0.0056,0.9
4.966122872837735e-6,0.6075502039822402,0.46364863690233576,1.0,2.713,0.532,1.0,0.966,0.0056,0.9
3.1283633094737262e-6,0.6089013720896477,0.46366758505419514,1.0,2.713,0.532,1.0,0.966,0.0056,0.9
8.351567195509163e-6,0.607242191183327,0.4636462404312004,1.0,2.713,0.532,1.0,0.966,0.0056,0.9
5.154977259671822e-6,0.6081391415661869,0.4636509126324413,1.0,2.713,0.532,1.0,0.966,0.0056,0.9
8.529162231728535e-6,0.6072100536109861,0.46363127149919725,1.0,2.713,0.532,1.0,0.966,0.0056,0.9
5.719451571003123e-6,0.6087688219247974,0.46366190658791984,1.0,2.713,0.532,1.0,0.966,0.0056,0.9
9.251243169216535e-6,0.6078064200123208,0.4636404256642451,1.0,2.713,0.532,1.0,0.966,0.0056,0.9
5.338335125025536e-6,0.6082812112329439,0.46366947218699595,1.0,2.713,0.532,1.0,0.966,0.0056,0.9
7.903494536269142e-6,0.6070719444114493,0.46363046775859296,1.0,2.713,0.532,1.0,0.966,0.0056,0.9
2.2535676953457696e-6,0.6113537912210225,0.463727875527152,1.0,2.713,0.532,1.0,0.966,0.0056,0.9
9.419917380391395e-6,0.6128978725252114,0.4637560399795375,1.0,2.713,0.532,1.0,0.966,0.0056,0.9
6.84323666117242e-6,0.608282608684432,0.46365150494339,1.0,2.713,0.532,1.0,0.966,0.0056,0.9
5.677965574320079e-6,0.6121906481812457,0.46374767008896534,1.0,2.713,0.532,1.0,0.966,0.0056,0.9
6.4009757521786786e-6,0.6095608295916772,0.46367730405351665,1.0,2.713,0.532,1.0,0.966,0.0056,0.9
8.698017287289602e-6,0.6086818050549734,0.46365748357788183,1.0,2.713,0.532,1.0,0.966,0.0056,0.9
3.2319647854222995e-6,0.6108834140238217,0.4637102165959515,1.0,2.713,0.532,1.0,0.966,0.0056,0.9
6.064363107579419e-6,0.6073180073219461,0.46364404941089477,1.0,2.713,0.532,1.0,0.966,0.0056,0.9
6.607618537271154e-6,0.608677029766616,0.46365923812752,1.0,2.713,0.532,1.0,0.966,0.0056,0.9
0.0009081613581563174,0.630645751953125,0.46403808593750007,1.0,2.713,0.532,1.0,0.966,0.0056,0.9
6.3934506388907896e-6,0.6119979176346941,0.46373421478708016,1.0,2.713,0.532,1.0,0.966,0.0056,0.9
2.6257179553707795e-6,0.6095451748356028,0.4636810925764593,1.0,2.713,0.532,1.0,0.966,0.0056,0.9
5.952802191352005e-6,0.6123081554823321,0.463745048925418,1.0,2.713,0.532,1.0,0.966,0.0056,0.9
5.413870686518238e-6,0.6082756653714233,0.463669428891384,1.0,2.713,0.532,1.0,0.966,0.0056,0.9
4.491158230561803e-6,0.6098484495091471,0.463704285681838,1.0,2.713,0.532,1.0,0.966,0.0056,0.9
7.5608702154869744e-6,0.6080993089607845,0.4636473937973167,1.0,2.713,0.532,1.0,0.966,0.0056,0.9
7.699344935574085e-6,0.6089753591470496,0.46366416017463297,1.0,2.713,0.532,1.0,0.966,0.0056,0.9
9.208140566706526e-6,0.6125505526202497,0.46375904739372226,1.0,2.713,0.532,1.0,0.966,0.0056,0.9
3.590750522289204e-6,0.6088447772629493,0.46368085199698494,1.0,2.713,0.532,1.0,0.966,0.0056,0.9
2.9401426798684607e-6,0.6115420064830832,0.46372894578453944,1.0,2.713,0.532,1.0,0.966,0.0056,0.9
7.910396765353625e-6,0.6087974475415251,0.46366042770634885,1.0,2.713,0.532,1.0,0.966,0.0056,0.9
1.543307866467245e-7,0.6099208762271985,0.4636979913941245,1.0,2.713,0.532,1.0,0.966,0.0056,0.9
9.56262259132893e-7,0.6102367960534377,0.4636990677679935,1.0,2.713,0.532,1.0,0.966,0.0056,0.9
2.8731547886458234e-6,0.6094095325800936,0.46367796482983714,1.0,2.713,0.532,1.0,0.966,0.0056,0.9
9.288776634814981e-6,0.607411873154604,0.4636519755448505,1.0,2.713,0.532,1.0,0.966,0.0056,0.9
3.0261032738349962e-6,0.6092641827540928,0.4636748191558243,1.0,2.713,0.532,1.0,0.966,0.0056,0.9
7.247850082104729e-6,0.6111395468587782,0.46371164900120615,1.0,2.713,0.532,1.0,0.966,0.0056,0.9
8.306342291840901e-6,0.6092761467076343,0.4636697910633136,1.0,2.713,0.532,1.0,0.966,0.0056,0.9
3.5346647074202573e-6,0.6081387770987488,0.4636536505992801,1.0,2.713,0.532,1.0,0.966,0.0056,0.9
9.767880414043278e-6,0.6107910039870752,0.46370149070219707,1.0,2.713,0.532,1.0,0.966,0.0056,0.9
1.917970968984741e-6,0.6091950290849684,0.4636751563976271,1.0,2.713,0.532,1.0,0.966,0.0056,0.9
3.7221662461345455e-6,0.6090002801513643,0.4636686887438181,1.0,2.713,0.532,1.0,0.966,0.0056,0.9
8.12040355805865e-6,0.6091395022936343,0.4636921606916766,1.0,2.713,0.532,1.0,0.966,0.0056,0.9
5.395238716011126e-6,0.6117916638452426,0.4637301664433687,1.0,2.713,0.532,1.0,0.966,0.0056,0.9
3.9937119046293425e-6,0.6098516547666568,0.46370381023077656,1.0,2.713,0.532,1.0,0.966,0.0056,0.9
7.091172649488335e-6,0.6070629983626301,0.46363252735264093,1.0,2.713,0.532,1.0,0.966,0.0056,0.9
7.604036042790279e-6,0.6124770653299454,0.4637460993111141,1.0,2.713,0.532,1.0,0.966,0.0056,0.9
9.178979222138931e-6,0.6129666576733683,0.46376052960982694,1.0,2.713,0.532,1.0,0.966,0.0056,0.9
9.671165788892534e-6,0.6105266197625268,0.4637228209948713,1.0,2.713,0.532,1.0,0.966,0.0056,0.9
6.963617662765741e-6,0.6070689824497573,0.4636377831589318,1.0,2.713,0.532,1.0,0.966,0.0056,0.9
2.806615006779701e-6,0.6092757855129788,0.4636897510538961,1.0,2.713,0.532,1.0,0.966,0.0056,0.9
5.5533671093463815e-6,0.609605348975853,0.4637001460183233,1.0,2.713,0.532,1.0,0.966,0.0056,0.9
4.8108417564969085e-6,0.6075061112130324,0.4636460928605083,1.0,2.713,0.532,1.0,0.966,0.0056,0.9
1.7059126037134255e-6,0.6111368836887796,0.46372094501162825,1.0,2.713,0.532,1.0,0.966,0.0056,0.9
4.5050939520470395e-6,0.6090305745084165,0.46366834960327724,1.0,2.713,0.532,1.0,0.966,0.0056,0.9
9.384623297070775e-6,0.6093687562177132,0.46369819780662525,1.0,2.713,0.532,1.0,0.966,0.0056,0.9
3.9831452881555e-6,0.6111372417777786,0.463729091454367,1.0,2.713,0.532,1.0,0.966,0.0056,0.9
9.121521433730002e-6,0.607389608096521,0.4636333438493694,1.0,2.713,0.532,1.0,0.966,0.0056,0.9
7.5206714782402405e-6,0.6092208038797917,0.46369347352554097,1.0,2.713,0.532,1.0,0.966,0.0056,0.9
1.0483085975904679e-6,0.6097102754661419,0.46368723027273945,1.0,2.713,0.532,1.0,0.966,0.0056,0.9
4.679700022615788e-6,0.6104504007627674,0.46371689136715155,1.0,2.713,0.532,1.0,0.966,0.0056,0.9
9.992533145808822e-6,0.6131057875720927,0.46376377947496794,1.0,2.713,0.532,1.0,0.966,0.0056,0.9
0.0006198981571643824,0.5885009765625,0.4633056640625001,1.0,2.713,0.532,1.0,0.966,0.0056,0.9
3.174254487060248e-6,0.6111726146324026,0.4637283790933626,1.0,2.713,0.532,1.0,0.966,0.0056,0.9
2.562151890394961e-6,0.6102120975902907,0.46370947971157606,1.0,2.713,0.532,1.0,0.966,0.0056,0.9
2.589132974537659e-6,0.6097443745963808,0.4636997735846914,1.0,2.713,0.532,1.0,0.966,0.0056,0.9
5.28316958589017e-6,0.6096486383003014,0.46368019287138096,1.0,2.713,0.532,1.0,0.966,0.0056,0.9
9.572684041364162e-7,0.6097570130343422,0.46369720716877805,1.0,2.713,0.532,1.0,0.966,0.0056,0.9
7.374741906769898e-6,0.6084842463111879,0.4636547914762794,1.0,2.713,0.532,1.0,0.966,0.0056,0.9
5.662361506337162e-6,0.6120575729958393,0.4637462971907984,1.0,2.713,0.532,1.0,0.966,0.0056,0.9
5.986093637621353e-6,0.6106618482245725,0.46370175985982764,1.0,2.713,0.532,1.0,0.966,0.0056,0.9
2.718981734712455e-6,0.6080725279053427,0.4636577316716445,1.0,2.713,0.532,1.0,0.966,0.0056,0.9
3.1374488577230632e-6,0.611255003698249,0.4637296478936527,1.0,2.713,0.532,1.0,0.966,0.0056,0.9
2.0447993070689917e-6,0.6085818989058989,0.4636639459687123,1.0,2.713,0.532,1.0,0.966,0.0056,0.9
9.308393350743941e-6,0.6076639401703416,0.4636584461377756,1.0,2.713,0.532,1.0,0.966,0.0056,0.9
8.823287717894292e-6,0.6069165201487268,0.46362686314655677,1.0,2.713,0.532,1.0,0.966,0.0056,0.9
4.6430369761001664e-6,0.6119200828028136,0.46374217313856125,1.0,2.713,0.532,1.0,0.966,0.0056,0.9
1.735352763649082e-6,0.6102844435739229,0.46370959147624413,1.0,2.713,0.532,1.0,0.966,0.0056,0.9
5.789918184561875e-6,0.6122787393034993,0.46374456706354217,1.0,2.713,0.532,1.0,0.966,0.0056,0.9
8.256677498930862e-6,0.6110096966837572,0.4637077087604081,1.0,2.713,0.532,1.0,0.966,0.0056,0.9
1.3873229480079393e-6,0.6106140905830979,0.46370710332223813,1.0,2.713,0.532,1.0,0.966,0.0056,0.9
7.424634679908453e-6,0.6084122504996708,0.4636748809120701,1.0,2.713,0.532,1.0,0.966,0.0056,0.9
6.720643155552445e-6,0.6110133523992256,0.4637299764692065,1.0,2.713,0.532,1.0,0.966,0.0056,0.9
5.009494462232266e-6,0.6103600226627774,0.4637154221302614,1.0,2.713,0.532,1.0,0.966,0.0056,0.9
7.467566160357104e-6,0.607069983046235,0.46363943802184515,1.0,2.713,0.532,1.0,0.966,0.0056,0.9
6.094233263292926e-6,0.6116186444255276,0.4637246009271629,1.0,2.713,0.532,1.0,0.966,0.0056,0.9
7.614199242684263e-6,0.6072495192229539,0.4636332515384875,1.0,2.713,0.532,1.0,0.966,0.0056,0.9
5.884807612548046e-6,0.6073145109279492,0.4636433047489302,1.0,2.713,0.532,1.0,0.966,0.0056,0.9
5.786090967574869e-6,0.6122761446470644,0.463748401485708,1.0,2.713,0.532,1.0,0.966,0.0056,0.9
6.775194518167037e-6,0.6118531095838452,0.4637451072070463,1.0,2.713,0.532,1.0,0.966,0.0056,0.9
1.9282046558024965e-6,0.6102791428491073,0.46370982720086795,1.0,2.713,0.532,1.0,0.966,0.0056,0.9
5.934270793345621e-6,0.6089946601124782,0.46368697122357533,1.0,2.713,0.532,1.0,0.966,0.0056,0.9
6.026007612982953e-6,0.6092103371830048,0.4636919149160994,1.0,2.713,0.532,1.0,0.966,0.0056,0.9
5.305754231226168e-6,0.6073985741993296,0.46364083584138355,1.0,2.713,0.532,1.0,0.966,0.0056,0.9
5.8849194875753e-6,0.6107665856727471,0.4637042638826907,1.0,2.713,0.532,1.0,0.966,0.0056,0.9
3.836916723716119e-6,0.6079809568142494,0.46365910254724196,1.0,2.713,0.532,1.0,0.966,0.0056,0.9
4.001177085083584e-6,0.6080943710959806,0.46365202172272624,1.0,2.713,0.532,1.0,0.966,0.0056,0.9
3.5214704175365465e-6,0.6092556363510446,0.4636740051662393,1.0,2.713,0.532,1.0,0.966,0.0056,0.9
2.068722372622778e-7,0.6100601987140652,0.4637009844320168,1.0,2.713,0.532,1.0,0.966,0.0056,0.9
5.119345947301477e-7,0.6093994490081356,0.4636879173688159,1.0,2.713,0.532,1.0,0.966,0.0056,0.9
4.108021211127269e-6,0.608142816637351,0.4636525928817168,1.0,2.713,0.532,1.0,0.966,0.0056,0.9
4.944737986261621e-6,0.6081461490353053,0.4636655517511867,1.0,2.713,0.532,1.0,0.966,0.0056,0.9
9.886213640720725e-6,0.612202520693319,0.4637544850455927,1.0,2.713,0.532,1.0,0.966,0.0056,0.9
6.239328508582915e-6,0.6085956519194935,0.4636580307253305,1.0,2.713,0.532,1.0,0.966,0.0056,0.9
3.0930673280462253e-6,0.6116267267170578,0.46373159321431556,1.0,2.713,0.532,1.0,0.966,0.0056,0.9
4.733988839669741e-6,0.6111429856915478,0.46371445815492995,1.0,2.713,0.532,1.0,0.966,0.0056,0.9
2.9367856867589203e-6,0.6095073819696513,0.4636950974897599,1.0,2.713,0.532,1.0,0.966,0.0056,0.9
9.787659451105823e-6,0.6065140934268672,0.46362509136604313,1.0,2.713,0.532,1.0,0.966,0.0056,0.9
5.418881200686223e-6,0.6074450141999248,0.46364645438577096,1.0,2.713,0.532,1.0,0.966,0.0056,0.9
2.6523422060246283e-6,0.6088852913576518,0.46368042735320913,1.0,2.713,0.532,1.0,0.966,0.0056,0.9
9.33142424600335e-7,0.6089313621473835,0.46367293065264886,1.0,2.713,0.532,1.0,0.966,0.0056,0.9
3.550106425372471e-6,0.6107076596542813,0.46372057489562774,1.0,2.713,0.532,1.0,0.966,0.0056,0.9
6.3074754612303514e-6,0.6097718139729811,0.46370441964818987,1.0,2.713,0.532,1.0,0.966,0.0056,0.9
2.4111821594560612e-6,0.6094260660130073,0.4636925577989615,1.0,2.713,0.532,1.0,0.966,0.0056,0.9
3.2446944745207776e-6,0.609869391867347,0.4637032988516382,1.0,2.713,0.532,1.0,0.966,0.0056,0.9
3.3700121727384734e-6,0.6083653660720224,0.4636575641098134,1.0,2.713,0.532,1.0,0.966,0.0056,0.9
3.025017574158435e-6,0.6088780602320502,0.4636672958310671,1.0,2.713,0.532,1.0,0.966,0.0056,0.9
0.0008130280232848706,0.5822334829531428,0.4630329370498649,1.0,2.713,0.532,1.0,0.966,0.0056,0.9
8.773721020820955e-6,0.6067252071772941,0.4636305449050605,1.0,2.713,0.532,1.0,0.966,0.0056,0.9
3.383098328873039e-6,0.6083197031240943,0.4636567866289854,1.0,2.713,0.532,1.0,0.966,0.0056,0.9
4.9292770305683924e-6,0.6076858087865646,0.46364428460118035,1.0,2.713,0.532,1.0,0.966,0.0056,0.9
9.027409880697102e-6,0.6120076022307173,0.46373115533653964,1.0,2.713,0.532,1.0,0.966,0.0056,0.9
2.3416992589234866e-6,0.6099666198660267,0.46369044550654687,1.0,2.713,0.532,1.0,0.966,0.0056,0.9
4.681971033066085e-6,0.6084988289684394,0.4636579611136534,1.0,2.713,0.532,1.0,0.966,0.0056,0.9
3.825810175622843e-6,0.6114270158337256,0.46372305302792216,1.0,2.713,0.532,1.0,0.966,0.0056,0.9
5.648906631535318e-6,0.6117781495103672,0.4637423082274116,1.0,2.713,0.532,1.0,0.966,0.0056,0.9
4.718071486074231e-6,0.6111056544080211,0.4637295167287997,1.0,2.713,0.532,1.0,0.966,0.0056,0.9
7.299757261177111e-6,0.6079149207260591,0.46364435620971084,1.0,2.713,0.532,1.0,0.966,0.0056,0.9
1.941762363446482e-6,0.6112541078674544,0.46372528210981934,1.0,2.713,0.532,1.0,0.966,0.0056,0.9
2.0425510474877336e-6,0.6102956753619723,0.46369824006041466,1.0,2.713,0.532,1.0,0.966,0.0056,0.9
2.8867716140319393e-6,0.6102257914552186,0.4637102121651422,1.0,2.713,0.532,1.0,0.966,0.0056,0.9
9.918655766345e-6,0.6103234992800546,0.4637188503888322,1.0,2.713,0.532,1.0,0.966,0.0056,0.9
1.0043621206463047e-6,0.6101830307578922,0.463706082249794,1.0,2.713,0.532,1.0,0.966,0.0056,0.9
4.533025769704359e-6,0.6082437284564004,0.4636536028946072,1.0,2.713,0.532,1.0,0.966,0.0056,0.9
8.961513709031547e-6,0.6085293324358447,0.4636789763955802,1.0,2.713,0.532,1.0,0.966,0.0056,0.9
4.200976466169389e-6,0.6090025392583244,0.46368530013258247,1.0,2.713,0.532,1.0,0.966,0.0056,0.9
6.08883993929606e-6,0.6105261348327291,0.4636985797843678,1.0,2.713,0.532,1.0,0.966,0.0056,0.9
5.056130519034858e-6,0.6115717890837682,0.46373809563626683,1.0,2.713,0.532,1.0,0.966,0.0056,0.9
4.763664151090847e-6,0.6118202360320473,0.4637413166131591,1.0,2.713,0.532,1.0,0.966,0.0056,0.9
4.424927513930358e-6,0.6077168550028125,0.4636459879839291,1.0,2.713,0.532,1.0,0.966,0.0056,0.9
1.9456092172116603e-6,0.6100884287578832,0.46369373723914076,1.0,2.713,0.532,1.0,0.966,0.0056,0.9
6.874113782259367e-6,0.6085065500238831,0.4636556951246048,1.0,2.713,0.532,1.0,0.966,0.0056,0.9
3.970676620830644e-6,0.6105738291859578,0.4637185234870809,1.0,2.713,0.532,1.0,0.966,0.0056,0.9
3.8746548865471513e-7,0.6104510186319934,0.46370777512508843,1.0,2.713,0.532,1.0,0.966,0.0056,0.9
6.883549819497583e-6,0.6102520884954635,0.4637149872185895,1.0,2.713,0.532,1.0,0.966,0.0056,0.9
6.143041547169819e-6,0.6118322739548115,0.46373010021034383,1.0,2.713,0.532,1.0,0.966,0.0056,0.9
1.7037908703872838e-6,0.6103174618328457,0.4636993342418015,1.0,2.713,0.532,1.0,0.966,0.0056,0.9
3.330358448950188e-6,0.6102745038977375,0.46369590759547785,1.0,2.713,0.532,1.0,0.966,0.0056,0.9
1.7789909911709536e-6,0.6108769269688592,0.4637204856650117,1.0,2.713,0.532,1.0,0.966,0.0056,0.9
6.156837646298218e-6,0.6099099899802526,0.4636849400877543,1.0,2.713,0.532,1.0,0.966,0.0056,0.9
6.765330505077688e-6,0.6104531806800566,0.46369632044586184,1.0,2.713,0.532,1.0,0.966,0.0056,0.9
5.709037165058612e-6,0.6085012647299931,0.463656797034503,1.0,2.713,0.532,1.0,0.966,0.0056,0.9
6.245007462317198e-6,0.6091712998529725,0.46366940445927296,1.0,2.713,0.532,1.0,0.966,0.0056,0.9
5.2058850720033336e-6,0.6113392730516661,0.46371869444243013,1.0,2.713,0.532,1.0,0.966,0.0056,0.9
7.931804370222101e-6,0.6122897048135126,0.4637399813613555,1.0,2.713,0.532,1.0,0.966,0.0056,0.9
8.201893870934485e-6,0.6119099798800531,0.46372954888533624,1.0,2.713,0.532,1.0,0.966,0.0056,0.9
3.7796226957260784e-6,0.6080182057958774,0.4636513630827527,1.0,2.713,0.532,1.0,0.966,0.0056,0.9
5.868023357786842e-6,0.6102920957255571,0.4636935524402331,1.0,2.713,0.532,1.0,0.966,0.0056,0.9
6.181918225149139e-6,0.6090601636859327,0.4636672176140414,1.0,2.713,0.532,1.0,0.966,0.0056,0.9
3.3374352344780456e-6,0.6088758980339768,0.4636812388822844,1.0,2.713,0.532,1.0,0.966,0.0056,0.9
7.615847640608298e-6,0.6121439288266417,0.46373641063333815,1.0,2.713,0.532,1.0,0.966,0.0056,0.9
3.4731402018137897e-6,0.6082892546625238,0.46366687084605784,1.0,2.713,0.532,1.0,0.966,0.0056,0.9
7.83731774822341e-6,0.6108773424473569,0.463728360286383,1.0,2.713,0.532,1.0,0.966,0.0056,0.9
1.97720939690906e-6,0.6088487095868844,0.4636685819801815,1.0,2.713,0.532,1.0,0.966,0.0056,0.9
5.785751135666313e-6,0.6083915183460264,0.463654663228127,1.0,2.713,0.532,1.0,0.966,0.0056,0.9
4.376135517609266e-6,0.6101712932964095,0.4637109028258204,1.0,2.713,0.532,1.0,0.966,0.0056,0.9
4.724047331369231e-6,0.6113794262354372,0.46372035490200747,1.0,2.713,0.532,1.0,0.966,0.0056,0.9
8.536339979472425e-6,0.6115506358194167,0.4637202834145614,1.0,2.713,0.532,1.0,0.966,0.0056,0.9
3.6487468112504977e-6,0.611458882860479,0.46373384454599087,1.0,2.713,0.532,1.0,0.966,0.0056,0.9
3.8096649002375596e-6,0.6102268707480449,0.4637113992239493,1.0,2.713,0.532,1.0,0.966,0.0056,0.9
0.0007563905426230163,0.5829398352652788,0.4630533665418628,1.0,2.713,0.532,1.0,0.966,0.0056,0.9
9.067236788192498e-6,0.612089716215092,0.4637332186708967,1.0,2.713,0.532,1.0,0.966,0.0056,0.9
4.987420838241552e-6,0.6111848881959401,0.463731295799853,1.0,2.713,0.532,1.0,0.966,0.0056,0.9
5.531088655483664e-6,0.607784098789739,0.46364451417545716,1.0,2.713,0.532,1.0,0.966,0.0056,0.9
2.103948543580197e-6,0.6106530147996831,0.4637065191610445,1.0,2.713,0.532,1.0,0.966,0.0056,0.9
7.5198405815695815e-6,0.6071300315112178,0.46364151702018913,1.0,2.713,0.532,1.0,0.966,0.0056,0.9
8.388476755484141e-6,0.6092514043068809,0.4636948567070439,1.0,2.713,0.532,1.0,0.966,0.0056,0.9
8.546903840199998e-6,0.6094255253155423,0.463672698556986,1.0,2.713,0.532,1.0,0.966,0.0056,0.9
4.857394184214019e-6,0.610349083205614,0.46371504244325884,1.0,2.713,0.532,1.0,0.966,0.0056,0.9
2.914901592453402e-6,0.6101123485297627,0.4636928392508224,1.0,2.713,0.532,1.0,0.966,0.0056,0.9
2.120128028536385e-6,0.6110212978691076,0.46371583163119856,1.0,2.713,0.532,1.0,0.966,0.0056,0.9
5.6410574876466916e-6,0.6107244906273847,0.4637035392869829,1.0,2.713,0.532,1.0,0.966,0.0056,0.9
1.4553232040965581e-6,0.6110409329690069,0.4637191236176649,1.0,2.713,0.532,1.0,0.966,0.0056,0.9
4.111334364528109e-6,0.6078851997041707,0.4636569435559249,1.0,2.713,0.532,1.0,0.966,0.0056,0.9
5.697770769188335e-6,0.6093453249089462,0.46367347625805977,1.0,2.713,0.532,1.0,0.966,0.0056,0.9
1.2550865313327677e-6,0.6105965289334632,0.46370700873003523,1.0,2.713,0.532,1.0,0.966,0.0056,0.9
9.101090795548764e-6,0.612030064682708,0.4637507653851801,1.0,2.713,0.532,1.0,0.966,0.0056,0.9
5.1943563835692346e-6,0.6093797834521238,0.4636746782241232,1.0,2.713,0.532,1.0,0.966,0.0056,0.9
9.732999052832339e-6,0.6065605513661265,0.46362192672253866,1.0,2.713,0.532,1.0,0.966,0.0056,0.9
4.337251657253976e-6,0.6106359259633017,0.4637201726055631,1.0,2.713,0.532,1.0,0.966,0.0056,0.9
7.748730024772876e-6,0.6068786693085497,0.4636299273915378,1.0,2.713,0.532,1.0,0.966,0.0056,0.9
6.191690989397213e-6,0.6082647419042155,0.46365187406693115,1.0,2.713,0.532,1.0,0.966,0.0056,0.9
4.036895278344201e-6,0.6118638643543279,0.46373943260550365,1.0,2.713,0.532,1.0,0.966,0.0056,0.9
8.688381311309812e-6,0.6111136001925638,0.46373366988048315,1.0,2.713,0.532,1.0,0.966,0.0056,0.9
9.745521364028758e-6,0.6125895039764153,0.463745837014597,1.0,2.713,0.532,1.0,0.966,0.0056,0.9
6.449559392933895e-6,0.609725984835326,0.46368074529953496,1.0,2.713,0.532,1.0,0.966,0.0056,0.9
9.378318459594955e-6,0.6129524829695757,0.46375836882864696,1.0,2.713,0.532,1.0,0.966,0.0056,0.9
2.424368440577896e-6,0.6088797015766201,0.4636799075636663,1.0,2.713,0.532,1.0,0.966,0.0056,0.9
5.767471151758096e-6,0.6072668184461041,0.463639203620127,1.0,2.713,0.532,1.0,0.966,0.0056,0.9
8.893309988404377e-6,0.6120109173922363,0.4637502215243209,1.0,2.713,0.532,1.0,0.966,0.0056,0.9
4.867024711992516e-6,0.6087054877675271,0.4636791539368106,1.0,2.713,0.532,1.0,0.966,0.0056,0.9
1.1124654182688564e-6,0.6087346415500646,0.4636723672737517,1.0,2.713,0.532,1.0,0.966,0.0056,0.9
7.5055814691306965e-6,0.6114406091709522,0.4637387391831258,1.0,2.713,0.532,1.0,0.966,0.0056,0.9
6.983461865088568e-6,0.6106320497673855,0.4637227688676996,1.0,2.713,0.532,1.0,0.966,0.0056,0.9
9.675986186033836e-6,0.6130537689569086,0.46376284792140093,1.0,2.713,0.532,1.0,0.966,0.0056,0.9
4.483601186377416e-6,0.6109564099358433,0.4637102645861291,1.0,2.713,0.532,1.0,0.966,0.0056,0.9
7.376463842166092e-6,0.6104399368367519,0.4636954946539822,1.0,2.713,0.532,1.0,0.966,0.0056,0.9
8.222312210363899e-6,0.6127217981594931,0.46375298869745096,1.0,2.713,0.532,1.0,0.966,0.0056,0.9
5.676973095428057e-6,0.6100864933110185,0.4636892096671597,1.0,2.713,0.532,1.0,0.966,0.0056,0.9
3.4167410672233938e-6,0.611478845339269,0.4637336104300722,1.0,2.713,0.532,1.0,0.966,0.0056,0.9
3.5943922412656236e-6,0.6096827151510462,0.46369973934680486,1.0,2.713,0.532,1.0,0.966,0.0056,0.9
5.293694709080207e-6,0.6109929120924237,0.46372810650534313,1.0,2.713,0.532,1.0,0.966,0.0056,0.9
0.0002424979373649773,0.6180631986353546,0.46392822265624956,1.0,2.713,0.532,1.0,0.966,0.0056,0.9
7.773144913053223e-6,0.6069987075122025,0.4636300322043644,1.0,2.713,0.532,1.0,0.966,0.0056,0.9
4.190666012013279e-6,0.6086763552868831,0.4636776364607543,1.0,2.713,0.532,1.0,0.966,0.0056,0.9
2.9286558653784407e-6,0.6080366163584442,0.4636577502029973,1.0,2.713,0.532,1.0,0.966,0.0056,0.9
5.79641197261541e-6,0.6075517386884703,0.4636508036295535,1.0,2.713,0.532,1.0,0.966,0.0056,0.9
8.9082301765931e-6,0.6089553068828353,0.4636886646387695,1.0,2.713,0.532,1.0,0.966,0.0056,0.9
5.701463285055373e-6,0.6080037791631235,0.46366295145436,1.0,2.713,0.532,1.0,0.966,0.0056,0.9
6.1266634082603936e-6,0.6108661156225127,0.4637063278667777,1.0,2.713,0.532,1.0,0.966,0.0056,0.9
8.027618971172644e-6,0.6100194978890142,0.46368572188063284,1.0,2.713,0.532,1.0,0.966,0.0056,0.9
9.68489750618986e-6,0.6065440196432258,0.46362221673933146,1.0,2.713,0.532,1.0,0.966,0.0056,0.9
3.488262725140434e-6,0.6117547712551842,0.4637349850968707,1.0,2.713,0.532,1.0,0.966,0.0056,0.9
8.363905195669144e-6,0.6077894949342564,0.4636410016237146,1.0,2.713,0.532,1.0,0.966,0.0056,0.9
3.6298617029298266e-6,0.6085655384763772,0.46366062222560284,1.0,2.713,0.532,1.0,0.966,0.0056,0.9
2.7343320343286566e-6,0.6084613784345159,0.46366039466428155,1.0,2.713,0.532,1.0,0.966,0.0056,0.9
1.3104970857785392e-6,0.6097597386868777,0.4636980141530263,1.0,2.713,0.532,1.0,0.966,0.0056,0.9
6.606600280274722e-6,0.6094757931026854,0.46367534452111614,1.0,2.713,0.532,1.0,0.966,0.0056,0.9
2.7989518467551267e-6,0.6097589040326928,0.4636853377334179,1.0,2.713,0.532,1.0,0.966,0.0056,0.9
7.842028713023879e-6,0.6114440115324088,0.46373913155249624,1.0,2.713,0.532,1.0,0.966,0.0056,0.9
5.376220817417783e-6,0.6105257819299168,0.46371912640133567,1.0,2.713,0.532,1.0,0.966,0.0056,0.9
2.615732224681227e-6,0.6101216358663072,0.4637077166715738,1.0,2.713,0.532,1.0,0.966,0.0056,0.9
5.3530644761212205e-6,0.6075410667914594,0.46364154213665587,1.0,2.713,0.532,1.0,0.966,0.0056,0.9
1.3322229621420252e-6,0.6104644454624845,0.463703560434498,1.0,2.713,0.532,1.0,0.966,0.0056,0.9
9.148371690580232e-6,0.6103302046066512,0.46371842009717085,1.0,2.713,0.532,1.0,0.966,0.0056,0.9
6.190076282295975e-6,0.6072037308663927,0.4636400041264678,1.0,2.713,0.532,1.0,0.966,0.0056,0.9
8.164549244767797e-6,0.6089320327640777,0.46366290181838465,1.0,2.713,0.532,1.0,0.966,0.0056,0.9
3.4953935168705942e-6,0.6082988686426708,0.4636671665923471,1.0,2.713,0.532,1.0,0.966,0.0056,0.9
6.901021519827248e-6,0.6124768693951025,0.4637533890291079,1.0,2.713,0.532,1.0,0.966,0.0056,0.9
8.189925926026294e-6,0.6076170827596941,0.4636560670122605,1.0,2.713,0.532,1.0,0.966,0.0056,0.9
4.662630091137516e-6,0.6084558043979322,0.4636571973560926,1.0,2.713,0.532,1.0,0.966,0.0056,0.9
9.049525683668788e-6,0.608647902915287,0.4636565301982573,1.0,2.713,0.532,1.0,0.966,0.0056,0.9
4.913680066554789e-6,0.6089686153168788,0.46368532798371914,1.0,2.713,0.532,1.0,0.966,0.0056,0.9
2.5602080334887773e-6,0.6099446486030004,0.46370397544676284,1.0,2.713,0.532,1.0,0.966,0.0056,0.9
3.291033499711643e-6,0.6113553242469297,0.46373152724564604,1.0,2.713,0.532,1.0,0.966,0.0056,0.9
6.737903045908071e-6,0.6123837559899009,0.4637523177743236,1.0,2.713,0.532,1.0,0.966,0.0056,0.9
2.989740158121205e-6,0.6114178450708248,0.4637316715136267,1.0,2.713,0.532,1.0,0.966,0.0056,0.9
2.883218237387548e-6,0.6102882035159373,0.4637114650208358,1.0,2.713,0.532,1.0,0.966,0.0056,0.9
9.756167544206373e-6,0.612388182402552,0.46374029002866235,1.0,2.713,0.532,1.0,0.966,0.0056,0.9
7.09341488333338e-6,0.6116035388503392,0.46372304037875856,1.0,2.713,0.532,1.0,0.966,0.0056,0.9
3.934117674264369e-6,0.6087175186636741,0.463662995327531,1.0,2.713,0.532,1.0,0.966,0.0056,0.9
3.4856103884802966e-6,0.6115654849097069,0.4637349253372465,1.0,2.713,0.532,1.0,0.966,0.0056,0.9
9.709348412134724e-6,0.60753548429497,0.463635188316612,1.0,2.713,0.532,1.0,0.966,0.0056,0.9
2.9615470478139458e-6,0.6080102376136369,0.46365423632488356,1.0,2.713,0.532,1.0,0.966,0.0056,0.9
9.46926714121999e-6,0.6070305811132414,0.46362731715244543,1.0,2.713,0.532,1.0,0.966,0.0056,0.9
7.006265128417991e-6,0.6080774751688129,0.4636475770695425,1.0,2.713,0.532,1.0,0.966,0.0056,0.9
2.601861945610935e-6,0.6114404837728452,0.46373040722149883,1.0,2.713,0.532,1.0,0.966,0.0056,0.9
5.689566339299746e-6,0.611955002810765,0.46374500796570883,1.0,2.713,0.532,1.0,0.966,0.0056,0.9
1.8762861325020845e-6,0.6105527896540852,0.46371500331289395,1.0,2.713,0.532,1.0,0.966,0.0056,0.9
9.930564997351962e-6,0.6126023960698772,0.46374594952920634,1.0,2.713,0.532,1.0,0.966,0.0056,0.9
9.109936410500899e-7,0.6093384625450479,0.4636877047316308,1.0,2.713,0.532,1.0,0.966,0.0056,0.9
7.415837137261907e-6,0.6125295430503284,0.46375532695235616,1.0,2.713,0.532,1.0,0.966,0.0056,0.9
9.779513352857852e-6,0.612918511987582,0.46375586307353556,1.0,2.713,0.532,1.0,0.966,0.0056,0.9
4.270985340172559e-6,0.6078407712253354,0.4636478214857148,1.0,2.713,0.532,1.0,0.966,0.0056,0.9
6.515209796652231e-6,0.6124151723790662,0.46375173316082074,1.0,2.713,0.532,1.0,0.966,0.0056,0.9
7.663040556807811e-6,0.6079560223598143,0.46366406596996435,1.0,2.713,0.532,1.0,0.966,0.0056,0.9
7.135841492525301e-6,0.6111609069497016,0.46373318045294587,1.0,2.713,0.532,1.0,0.966,0.0056,0.9
4.6425085314934405e-6,0.6097058253075612,0.46368204787130857,1.0,2.713,0.532,1.0,0.966,0.0056,0.9
1.3869738839961267e-6,0.6099446272928339,0.4636915589815712,1.0,2.713,0.532,1.0,0.966,0.0056,0.9
5.151186503682676e-6,0.6075343939492385,0.4636486938769583,1.0,2.713,0.532,1.0,0.966,0.0056,0.9
1.1890696325342765e-6,0.6089425355993344,0.4636787123000158,1.0,2.713,0.532,1.0,0.966,0.0056,0.9
9.398664245488327e-6,0.6068909443586683,0.46362551969467747,1.0,2.713,0.532,1.0,0.966,0.0056,0.9
9.509992767020508e-6,0.608792089634519,0.4636590308154951,1.0,2.713,0.532,1.0,0.966,0.0056,0.9
3.6144929480602792e-6,0.608316808234637,0.4636678521733578,1.0,2.713,0.532,1.0,0.966,0.0056,0.9
8.411005497597311e-6,0.6067439538663949,0.4636293809056218,1.0,2.713,0.532,1.0,0.966,0.0056,0.9
9.44352633660842e-6,0.6107999186425849,0.4637019393037565,1.0,2.713,0.532,1.0,0.966,0.0056,0.9
5.865479409844136e-6,0.6120654892719636,0.4637370893139868,1.0,2.713,0.532,1.0,0.966,0.0056,0.9
8.304087594870312e-6,0.6088933838707852,0.4636867827506313,1.0,2.713,0.532,1.0,0.966,0.0056,0.9
4.336869741703209e-6,0.6076388430234079,0.46364930377890434,1.0,2.713,0.532,1.0,0.966,0.0056,0.9
3.965251889334159e-6,0.6080123276972831,0.4636602977671444,1.0,2.713,0.532,1.0,0.966,0.0056,0.9
8.82738533510214e-6,0.6066618292129763,0.46362643625778105,1.0,2.713,0.532,1.0,0.966,0.0056,0.9
6.747441101360982e-6,0.6071466506110962,0.4636400476823489,1.0,2.713,0.532,1.0,0.966,0.0056,0.9
9.730649489556526e-6,0.6065052142308734,0.46362295251847685,1.0,2.713,0.532,1.0,0.966,0.0056,0.9
6.248354272159051e-6,0.6096220116545938,0.46370115171333653,1.0,2.713,0.532,1.0,0.966,0.0056,0.9
7.016967667062602e-6,0.6094927615638496,0.46367534284475587,1.0,2.713,0.532,1.0,0.966,0.0056,0.9
4.579617491666451e-6,0.611945458237113,0.4637421781597169,1.0,2.713,0.532,1.0,0.966,0.0056,0.9
2.074928250044959e-6,0.6106553739560581,0.463717279513935,1.0,2.713,0.532,1.0,0.966,0.0056,0.9
9.399724398316737e-6,0.6069972186816772,0.4636269417976404,1.0,2.713,0.532,1.0,0.966,0.0056,0.9
7.331344870314809e-6,0.6082425332769668,0.463650266339388,1.0,2.713,0.532,1.0,0.966,0.0056,0.9
