0.0005714259224056132,0.5878229141235352,0.4631942749023438,1.0,2.713,0.532,1.0,0.966,0.0056,0.9
0.0008624369019729944,0.5787484035568013,0.4630120635032658,1.0,2.713,0.532,1.0,0.966,0.0056,0.9
0.0004782065382184645,0.5870384809493334,0.4632748334668587,1.0,2.713,0.532,1.0,0.966,0.0056,0.9
0.0007759883562350704,0.5894190091768039,0.4633905929452138,1.0,2.713,0.532,1.0,0.966,0.0056,0.9
0.00024070661964596004,0.6227349035980296,0.46397342681884723,1.0,2.713,0.532,1.0,0.966,0.0056,0.9
0.00011282917001707736,0.6143959108079856,0.46387476010231643,1.0,2.713,0.532,1.0,0.966,0.0056,0.9
0.00044114835364642317,0.622849162801713,0.4640837625833202,1.0,2.713,0.532,1.0,0.966,0.0056,0.9
1.6010640696529573e-5,0.6101427533898741,0.46375946671938,1.0,2.713,0.532,1.0,0.966,0.0056,0.9
0.00035171344543823065,0.5977524066032558,0.46340376678854306,1.0,2.713,0.532,1.0,0.966,0.0056,0.9
0.00022077213506097382,0.6021151691675186,0.46350862979888907,1.0,2.713,0.532,1.0,0.966,0.0056,0.9
0.00046416616738395523,0.5923893320439794,0.4632886313660183,1.0,2.713,0.532,1.0,0.966,0.0056,0.9
0.0008664177769230274,0.5872848548873915,0.4631449562497383,1.0,2.713,0.532,1.0,0.966,0.0056,0.9
0.0009299342956157084,0.6277880919775743,0.46401081668768224,1.0,2.713,0.532,1.0,0.966,0.0056,0.9
0.0005997719102326511,0.6042975187301636,0.46350727081298826,1.0,2.713,0.532,1.0,0.966,0.0056,0.9
0.0003607929810652043,0.6159687692124862,0.46394577026367206,1.0,2.713,0.532,1.0,0.966,0.0056,0.9
0.00016708839070327705,0.6092837858013809,0.4637817382812502,1.0,2.713,0.532,1.0,0.966,0.0056,0.9
0.00037967408603388123,0.6117478715354507,0.46386307042558084,1.0,2.713,0.532,1.0,0.966,0.0056,0.9
0.0007794276816971213,0.5787804760038853,0.4630620896816255,1.0,2.713,0.532,1.0,0.966,0.0056,0.9
0.0002753535795114601,0.5982074737548828,0.4634246826171876,1.0,2.713,0.532,1.0,0.966,0.0056,0.9
2.7028198683861748e-5,0.6073360512964427,0.46365966796875036,1.0,2.713,0.532,1.0,0.966,0.0056,0.9
0.0009736310830328412,0.5752630020055434,0.4629962593644018,1.0,2.713,0.532,1.0,0.966,0.0056,0.9
0.0006538266708081763,0.63385009765625,0.46420898437499997,1.0,2.713,0.532,1.0,0.966,0.0056,0.9
0.00018248406003647144,0.6230709552764893,0.46402397155761727,1.0,2.713,0.532,1.0,0.966,0.0056,0.9
0.00039894544304595143,0.6017390947523812,0.46364650274035724,1.0,2.713,0.532,1.0,0.966,0.0056,0.9
0.0003758291527097132,0.5913618262411973,0.4632883738726356,1.0,2.713,0.532,1.0,0.966,0.0056,0.9
9.834786260166314e-5,0.619038221911751,0.4639449894428249,1.0,2.713,0.532,1.0,0.966,0.0056,0.9
0.0008185917240137351,0.5942075252532959,0.4632816314697269,1.0,2.713,0.532,1.0,0.966,0.0056,0.9
0.00027240964924230677,0.6029863357543945,0.4635177612304688,1.0,2.713,0.532,1.0,0.966,0.0056,0.9
0.0008584585925034456,0.5881002008344183,0.46316078454256066,1.0,2.713,0.532,1.0,0.966,0.0056,0.9
0.00012494246529363455,0.6154492497444153,0.4638133049011228,1.0,2.713,0.532,1.0,0.966,0.0056,0.9
0.0007607008185278418,0.5794602264785951,0.4630526447668668,1.0,2.713,0.532,1.0,0.966,0.0056,0.9
0.00037844527849635747,0.6033700448441266,0.463681333512068,1.0,2.713,0.532,1.0,0.966,0.0056,0.9
0.00010214643771092995,0.6030855178833008,0.4636276245117188,1.0,2.713,0.532,1.0,0.966,0.0056,0.9
0.00022020998728406968,0.6213390289564122,0.4639403795124996,1.0,2.713,0.532,1.0,0.966,0.0056,0.9
0.0002615729989797663,0.6218795530167149,0.4640381017699783,1.0,2.713,0.532,1.0,0.966,0.0056,0.9
1.0759159940179327e-5,0.612127655873735,0.4637924939394005,1.0,2.713,0.532,1.0,0.966,0.0056,0.9
8.793314201945907e-5,0.6129077578184858,0.4638399625071599,1.0,2.713,0.532,1.0,0.966,0.0056,0.9
0.00020590124202349628,0.619714742526412,0.4639011770486831,1.0,2.713,0.532,1.0,0.966,0.0056,0.9
0.0003346608009956565,0.5989827975207064,0.4635727202738348,1.0,2.713,0.532,1.0,0.966,0.0056,0.9
0.0005227821234187189,0.5887674357424986,0.46333764712041203,1.0,2.713,0.532,1.0,0.966,0.0056,0.9
2.4125715810128006e-5,0.6107105151750147,0.46373291015624996,1.0,2.713,0.532,1.0,0.966,0.0056,0.9
0.0006610353108874388,0.6236958503723145,0.4641242980957031,1.0,2.713,0.532,1.0,0.966,0.0056,0.9
0.0005990914968793232,0.5848506265088166,0.4631458291677363,1.0,2.713,0.532,1.0,0.966,0.0056,0.9
0.0009371817926781057,0.5769901871732172,0.4629764331999431,1.0,2.713,0.532,1.0,0.966,0.0056,0.9
0.0009708738035988485,0.5766656286655696,0.4629645244218398,1.0,2.713,0.532,1.0,0.966,0.0056,0.9
0.0006287055167982981,0.5831854343414307,0.46311988830566403,1.0,2.713,0.532,1.0,0.966,0.0056,0.9
0.0006779639082151874,0.59942626953125,0.463623046875,1.0,2.713,0.532,1.0,0.966,0.0056,0.9
0.0003864315734009872,0.6033697428678293,0.4636823039069864,1.0,2.713,0.532,1.0,0.966,0.0056,0.9
0.0006851989248060699,0.6254922449522979,0.4639777964655907,1.0,2.713,0.532,1.0,0.966,0.0056,0.9
9.023544811905378e-5,0.6028586730581083,0.4636184930801406,1.0,2.713,0.532,1.0,0.966,0.0056,0.9
0.0006435065825474664,0.6249723434448242,0.46396942138671876,1.0,2.713,0.532,1.0,0.966,0.0056,0.9
0.0007858783411815551,0.6325689251534641,0.4641479492187499,1.0,2.713,0.532,1.0,0.966,0.0056,0.9
0.21791722960881726,0.0012098521110601723,0.1,1.0,2.713,0.532,1.0,0.966,0.0056,0.9
0.00027214876896385076,0.6081981658935547,0.46362609863281257,1.0,2.713,0.532,1.0,0.966,0.0056,0.9
0.0006618440347726705,0.6082906617132569,0.46358671179870325,1.0,2.713,0.532,1.0,0.966,0.0056,0.9
3.3424252501923e-5,0.6150247902030845,0.4638537645325393,1.0,2.713,0.532,1.0,0.966,0.0056,0.9
0.00047031668063911443,0.6190973337066729,0.46401891595077427,1.0,2.713,0.532,1.0,0.966,0.0056,0.9
0.0004120313404172479,0.6045796004473232,0.4637125776149337,1.0,2.713,0.532,1.0,0.966,0.0056,0.9
0.0002977688509417293,0.6138169765472412,0.463895034790039,1.0,2.713,0.532,1.0,0.966,0.0056,0.9
0.00013300629627719323,0.6095087282958922,0.46378023356855047,1.0,2.713,0.532,1.0,0.966,0.0056,0.9
0.00012155976527213108,0.6007106304168701,0.46357307434082057,1.0,2.713,0.532,1.0,0.966,0.0056,0.9
0.0009123536999476733,0.6001358032226562,0.4636596679687499,1.0,2.713,0.532,1.0,0.966,0.0056,0.9
0.000589718897329091,0.6216384495241207,0.4640793786127322,1.0,2.713,0.532,1.0,0.966,0.0056,0.9
0.00035193909884861604,0.6114698648452759,0.4638540267944337,1.0,2.713,0.532,1.0,0.966,0.0056,0.9
0.000808929761644869,0.6230759862810373,0.46412688195705776,1.0,2.713,0.532,1.0,0.966,0.0056,0.9
0.00035266531383125205,0.6254740048535499,0.4640236396924554,1.0,2.713,0.532,1.0,0.966,0.0056,0.9
9.462751575181329e-5,0.617693405957636,0.4638793859992614,1.0,2.713,0.532,1.0,0.966,0.0056,0.9
0.00022834227835343557,0.6053206752985716,0.46370482742786334,1.0,2.713,0.532,1.0,0.966,0.0056,0.9
0.00030539832120632604,0.6048494786749075,0.46370536237955085,1.0,2.713,0.532,1.0,0.966,0.0056,0.9
0.0003095739696150788,0.5907894947098075,0.46330429385072985,1.0,2.713,0.532,1.0,0.966,0.0056,0.9
0.0008486897417358476,0.5815521404147148,0.46318608522415144,1.0,2.713,0.532,1.0,0.966,0.0056,0.9
0.0006200952452374991,0.5870255827903748,0.4633057594299314,1.0,2.713,0.532,1.0,0.966,0.0056,0.9
0.000619070630126719,0.6167755126953125,0.4639892578125,1.0,2.713,0.532,1.0,0.966,0.0056,0.9
0.000956814105118206,0.588463745007175,0.46338539123535166,1.0,2.713,0.532,1.0,0.966,0.0056,0.9
0.0008548188672278884,0.5985193252563477,0.463365173339844,1.0,2.713,0.532,1.0,0.966,0.0056,0.9
0.0007249000984064482,0.5800991058349609,0.46310119628906254,1.0,2.713,0.532,1.0,0.966,0.0056,0.9
0.0007594890275131765,0.601182344934416,0.46367062073112814,1.0,2.713,0.532,1.0,0.966,0.0056,0.9
0.0009028087792710068,0.5900867307152393,0.4634207173134177,1.0,2.713,0.532,1.0,0.966,0.0056,0.9
0.00047808900980087,0.5947679951215323,0.46332978529282853,1.0,2.713,0.532,1.0,0.966,0.0056,0.9
0.0006878810012992664,0.5813898434405473,0.4630871653556825,1.0,2.713,0.532,1.0,0.966,0.0056,0.9
2.9605564171632932e-5,0.6113380831822202,0.4637447924353179,1.0,2.713,0.532,1.0,0.966,0.0056,0.9
0.00021437479449324764,0.6240086555480957,0.4640495300292969,1.0,2.713,0.532,1.0,0.966,0.0056,0.9
0.0008006553321696254,0.5792429868527086,0.4630345493842035,1.0,2.713,0.532,1.0,0.966,0.0056,0.9
0.0007477393849012845,0.6127338409423828,0.4639190673828125,1.0,2.713,0.532,1.0,0.966,0.0056,0.9
0.0006714117089839992,0.5812041334220339,0.46309692859649804,1.0,2.713,0.532,1.0,0.966,0.0056,0.9
0.0007982006375690669,0.583267365811005,0.4630848752569895,1.0,2.713,0.532,1.0,0.966,0.0056,0.9
0.0005434398577087046,0.5907172957754293,0.4632472385683987,1.0,2.713,0.532,1.0,0.966,0.0056,0.9
0.0003357120063328762,0.6180462837219238,0.46398239135742186,1.0,2.713,0.532,1.0,0.966,0.0056,0.9
0.00037088486268715943,0.5908402019973062,0.46336453437259373,1.0,2.713,0.532,1.0,0.966,0.0056,0.9
0.0002126211126396284,0.6161738845919205,0.46392833427990426,1.0,2.713,0.532,1.0,0.966,0.0056,0.9
0.0005655084953166661,0.5871381436494634,0.4631847721058751,1.0,2.713,0.532,1.0,0.966,0.0056,0.9
0.0006153555366482118,0.6199128516281007,0.46385130584240214,1.0,2.713,0.532,1.0,0.966,0.0056,0.9
0.00015855632566351755,0.5959656834602356,0.4634440422058106,1.0,2.713,0.532,1.0,0.966,0.0056,0.9
0.00033182661773479254,0.6041176319122314,0.46353263854980475,1.0,2.713,0.532,1.0,0.966,0.0056,0.9
0.0004126034684724102,0.5876038601446412,0.4632673729457709,1.0,2.713,0.532,1.0,0.966,0.0056,0.9
0.00013664222598755449,0.59684215116431,0.4634498596191411,1.0,2.713,0.532,1.0,0.966,0.0056,0.9
0.00036581595882160015,0.5899239074197726,0.4633340291309863,1.0,2.713,0.532,1.0,0.966,0.0056,0.9
0.0006552056943418642,0.6342086791992188,0.46422119140624996,1.0,2.713,0.532,1.0,0.966,0.0056,0.9
0.00044005352547615124,0.6250750722588947,0.4641211770474911,1.0,2.713,0.532,1.0,0.966,0.0056,0.9
0.0007719020768441537,0.6040652990341187,0.463736152648926,1.0,2.713,0.532,1.0,0.966,0.0056,0.9
0.0003852068067039783,0.6271781921386719,0.46414184570312517,1.0,2.713,0.532,1.0,0.966,0.0056,0.9
0.0005243413046645475,0.5844435530993753,0.46318647956729425,1.0,2.713,0.532,1.0,0.966,0.0056,0.9
0.00041305752885611806,0.5976427206354147,0.4633930031632929,1.0,2.713,0.532,1.0,0.966,0.0056,0.9
0.00022820516303970756,0.5932337285304126,0.4633856859207422,1.0,2.713,0.532,1.0,0.966,0.0056,0.9
9.73062840747036e-5,0.6013116233118678,0.46352230305194836,1.0,2.713,0.532,1.0,0.966,0.0056,0.9
0.00016535345935381128,0.6207259672326682,0.4639958720601351,1.0,2.713,0.532,1.0,0.966,0.0056,0.9
0.0005750424431172872,0.6148009544570894,0.46394578253880736,1.0,2.713,0.532,1.0,0.966,0.0056,0.9
0.00020006041460397683,0.6225873737730205,0.46403174169474104,1.0,2.713,0.532,1.0,0.966,0.0056,0.9
0.0009142883400215559,0.5764042930290851,0.46298422258311533,1.0,2.713,0.532,1.0,0.966,0.0056,0.9
0.00044326482406328296,0.587662030171135,0.4632844138841658,1.0,2.713,0.532,1.0,0.966,0.0056,0.9
0.0006231359916227491,0.629575258619059,0.46421859793116715,1.0,2.713,0.532,1.0,0.966,0.0056,0.9
0.0006538133657294286,0.5814166231761113,0.463115709977448,1.0,2.713,0.532,1.0,0.966,0.0056,0.9
0.000267476133801328,0.6171755732924737,0.4639561376533506,1.0,2.713,0.532,1.0,0.966,0.0056,0.9
0.0005152545761057184,0.6295559146007497,0.46420037970319883,1.0,2.713,0.532,1.0,0.966,0.0056,0.9
9.878700434743428e-5,0.6034976379007571,0.4636367752858187,1.0,2.713,0.532,1.0,0.966,0.0056,0.9
0.00010796776380695892,0.5986669064503054,0.4635078187356114,1.0,2.713,0.532,1.0,0.966,0.0056,0.9
0.0008789437001186357,0.6293555756228056,0.46424480742344865,1.0,2.713,0.532,1.0,0.966,0.0056,0.9
0.0005206801105012032,0.5894291242078656,0.4632290372212683,1.0,2.713,0.532,1.0,0.966,0.0056,0.9
0.0005461435843258577,0.5882190350033795,0.46332644692364955,1.0,2.713,0.532,1.0,0.966,0.0056,0.9
0.0007666240298881326,0.635840359010021,0.4642482450095656,1.0,2.713,0.532,1.0,0.966,0.0056,0.9
0.00021843051141389564,0.5940110817622299,0.46337439064610386,1.0,2.713,0.532,1.0,0.966,0.0056,0.9
0.0006201164245226098,0.5837270088631576,0.46312753632068504,1.0,2.713,0.532,1.0,0.966,0.0056,0.9
0.00028537737884138775,0.593136866014949,0.4634094715984463,1.0,2.713,0.532,1.0,0.966,0.0056,0.9
0.0006853778426830459,0.6161731271422535,0.4639833508937389,1.0,2.713,0.532,1.0,0.966,0.0056,0.9
1.0083274803080242,0.0,0.4590755127722875,1.0,2.713,0.532,1.0,0.966,0.0056,0.9
0.0005078044242567955,0.5894866122604245,0.46335507058377357,1.0,2.713,0.532,1.0,0.966,0.0056,0.9
0.00038302481336363305,0.6109220311161401,0.4638463050630913,1.0,2.713,0.532,1.0,0.966,0.0056,0.9
1.0083302418006899,0.0,0.45907513633744923,1.0,2.713,0.532,1.0,0.966,0.0056,0.9
0.0005932153521918087,0.5947100570495369,0.4633144644377253,1.0,2.713,0.532,1.0,0.966,0.0056,0.9
1.0083274014528125,0.0,0.45907552386547135,1.0,2.713,0.532,1.0,0.966,0.0056,0.9
0.00010461638415270188,0.6089748027578721,0.46376293571520966,1.0,2.713,0.532,1.0,0.966,0.0056,0.9
0.00039010778632336677,0.622868245317882,0.4640768751997981,1.0,2.713,0.532,1.0,0.966,0.0056,0.9
0.00024769403702837485,0.594597957420367,0.4634415169622208,1.0,2.713,0.532,1.0,0.966,0.0056,0.9
0.0006700965749565581,0.5820994000579975,0.46316302320361424,1.0,2.713,0.532,1.0,0.966,0.0056,0.9
0.0006930383038351157,0.5826535224914551,0.4631889343261718,1.0,2.713,0.532,1.0,0.966,0.0056,0.9
0.0007213007025198893,0.5855182992050411,0.4631327107689016,1.0,2.713,0.532,1.0,0.966,0.0056,0.9
0.00033095251634270495,0.6029533263902067,0.463508941596821,1.0,2.713,0.532,1.0,0.966,0.0056,0.9
0.00024169933673897156,0.5996833537948113,0.4635745881029129,1.0,2.713,0.532,1.0,0.966,0.0056,0.9
0.00022969955536738704,0.6227422592331039,0.46404339651406107,1.0,2.713,0.532,1.0,0.966,0.0056,0.9
0.0004090296294019149,0.5984424351322517,0.46340900784669226,1.0,2.713,0.532,1.0,0.966,0.0056,0.9
0.0002383663325658442,0.5927393770494983,0.46336009486371293,1.0,2.713,0.532,1.0,0.966,0.0056,0.9
0.0006346711655020047,0.5872720686572838,0.46331504186563566,1.0,2.713,0.532,1.0,0.966,0.0056,0.9
0.0007221632473086642,0.6156679254972519,0.4639764642647863,1.0,2.713,0.532,1.0,0.966,0.0056,0.9
0.00015886670424759085,0.6035638765119988,0.4635485163922195,1.0,2.713,0.532,1.0,0.966,0.0056,0.9
0.00012069053942577641,0.6007297606786144,0.4635733091636448,1.0,2.713,0.532,1.0,0.966,0.0056,0.9
0.0005031241561477924,0.591548563100689,0.4632678501291797,1.0,2.713,0.532,1.0,0.966,0.0056,0.9
0.0005238763531165341,0.6217044760276436,0.4640734411328434,1.0,2.713,0.532,1.0,0.966,0.0056,0.9
8.180829217569987e-5,0.6186317523739299,0.46392440823688796,1.0,2.713,0.532,1.0,0.966,0.0056,0.9
3.23153588235298e-5,0.6077330687802642,0.46371497416782226,1.0,2.713,0.532,1.0,0.966,0.0056,0.9
0.0006295697308931702,0.6344117270024421,0.4642400582291739,1.0,2.713,0.532,1.0,0.966,0.0056,0.9
0.0005539856107973147,0.6324687572549708,0.4642383107617491,1.0,2.713,0.532,1.0,0.966,0.0056,0.9
0.0007744251317308053,0.584393886816292,0.463106439653061,1.0,2.713,0.532,1.0,0.966,0.0056,0.9
0.0003573966876765011,0.5956781732186864,0.46349411678517183,1.0,2.713,0.532,1.0,0.966,0.0056,0.9
0.0009790101192299122,0.5972268560200054,0.46332872662372543,1.0,2.713,0.532,1.0,0.966,0.0056,0.9
0.0006662285285876932,0.5813238304926773,0.46312680360333885,1.0,2.713,0.532,1.0,0.966,0.0056,0.9
0.0006996577829154951,0.5808093191265804,0.46312203605361285,1.0,2.713,0.532,1.0,0.966,0.0056,0.9
0.0007337702039844672,0.5843806787515031,0.4632495033126093,1.0,2.713,0.532,1.0,0.966,0.0056,0.9
1.0083274167687781,0.0,0.459075521692874,1.0,2.713,0.532,1.0,0.966,0.0056,0.9
0.00014962609059500045,0.5966409148204882,0.4634644774211433,1.0,2.713,0.532,1.0,0.966,0.0056,0.9
0.0004504065277290708,0.6246856521928698,0.46411633513885664,1.0,2.713,0.532,1.0,0.966,0.0056,0.9
0.0007266396992938805,0.6002682130179233,0.46341203969300104,1.0,2.713,0.532,1.0,0.966,0.0056,0.9
0.00040863339743681603,0.5984611511230469,0.463409423828125,1.0,2.713,0.532,1.0,0.966,0.0056,0.9
0.0006160446085561684,0.5822879418864684,0.4631395271201254,1.0,2.713,0.532,1.0,0.966,0.0056,0.9
0.0006596138616785149,0.584099229758845,0.46322723399581717,1.0,2.713,0.532,1.0,0.966,0.0056,0.9
0.0009735260870284114,0.5822813987652513,0.46304431447949407,1.0,2.713,0.532,1.0,0.966,0.0056,0.9
0.0005976260837280447,0.6010015066079202,0.46343911514945363,1.0,2.713,0.532,1.0,0.966,0.0056,0.9
0.0007641516783471899,0.6206692555993352,0.4640777588296641,1.0,2.713,0.532,1.0,0.966,0.0056,0.9
0.0008952195033477363,0.5764958168077542,0.4629995705162172,1.0,2.713,0.532,1.0,0.966,0.0056,0.9
0.000329948183320251,0.6057468341335027,0.4635666953380858,1.0,2.713,0.532,1.0,0.966,0.0056,0.9
0.0008532092712244665,0.593623624720977,0.46326694236164107,1.0,2.713,0.532,1.0,0.966,0.0056,0.9
0.000837248592269245,0.6329097263915664,0.4641506170556373,1.0,2.713,0.532,1.0,0.966,0.0056,0.9
0.0008356637654706321,0.6077294089811786,0.46382104388926826,1.0,2.713,0.532,1.0,0.966,0.0056,0.9
0.00017172611378768557,0.6113901869083367,0.46382669972119606,1.0,2.713,0.532,1.0,0.966,0.0056,0.9
0.0006459770419439072,0.601032990220701,0.46343512186712876,1.0,2.713,0.532,1.0,0.966,0.0056,0.9
0.0005468575229567058,0.6190631788543443,0.46402656415462806,1.0,2.713,0.532,1.0,0.966,0.0056,0.9
0.0008901016965455693,0.6220182119824916,0.4638764676917317,1.0,2.713,0.532,1.0,0.966,0.0056,0.9
0.0006915207537369649,0.6100251502644767,0.4636218012436647,1.0,2.713,0.532,1.0,0.966,0.0056,0.9
0.0007829299099728193,0.6019568600183448,0.46369010816726697,1.0,2.713,0.532,1.0,0.966,0.0056,0.9
0.0008927753126094122,0.6210709513136202,0.4638542009898934,1.0,2.713,0.532,1.0,0.966,0.0056,0.9
0.0009437210297551083,0.5850834721437865,0.46329696141864124,1.0,2.713,0.532,1.0,0.966,0.0056,0.9
1.008336724304358,0.0,0.4590742688084926,1.0,2.713,0.532,1.0,0.966,0.0056,0.9
0.000311298109845111,0.5980585394733102,0.46341582382045465,1.0,2.713,0.532,1.0,0.966,0.0056,0.9
0.00029615481078829357,0.5908177981404895,0.4633293775167584,1.0,2.713,0.532,1.0,0.966,0.0056,0.9
3.520154494759794e-5,0.6052650177390142,0.46365772688791373,1.0,2.713,0.532,1.0,0.966,0.0056,0.9
0.0007402588184452639,0.5802717527843524,0.46306188332856,1.0,2.713,0.532,1.0,0.966,0.0056,0.9
0.00030971657647248376,0.6199413509131477,0.46388823279745883,1.0,2.713,0.532,1.0,0.966,0.0056,0.9
0.0002487755062841416,0.5962895868139797,0.463489063021449,1.0,2.713,0.532,1.0,0.966,0.0056,0.9
0.0004976983939448821,0.5863522356538642,0.4632577132701344,1.0,2.713,0.532,1.0,0.966,0.0056,0.9
0.00024026871672507948,0.6118985756052503,0.463711229953656,1.0,2.713,0.532,1.0,0.966,0.0056,0.9
0.0006851848071468627,0.5849756198510319,0.46325839491996695,1.0,2.713,0.532,1.0,0.966,0.0056,0.9
0.00041864774153036187,0.5871990906159047,0.4632367461108263,1.0,2.713,0.532,1.0,0.966,0.0056,0.9
0.00013188963440892158,0.6118304443996097,0.4638283085826038,1.0,2.713,0.532,1.0,0.966,0.0056,0.9
0.00031656667662239234,0.6247807549527902,0.4640122289051061,1.0,2.713,0.532,1.0,0.966,0.0056,0.9
0.000193581374569795,0.604562271957406,0.46356208533199394,1.0,2.713,0.532,1.0,0.966,0.0056,0.9
0.00048476426009474283,0.6142827938710183,0.46392634161812685,1.0,2.713,0.532,1.0,0.966,0.0056,0.9
0.0002094945335540575,0.5987069683427113,0.46354367143981634,1.0,2.713,0.532,1.0,0.966,0.0056,0.9
0.00026709560934451735,0.6144690133827873,0.463903769274429,1.0,2.713,0.532,1.0,0.966,0.0056,0.9
0.0001956682000058839,0.6025459543476828,0.46352151513362233,1.0,2.713,0.532,1.0,0.966,0.0056,0.9
0.00043604356627763134,0.6062732875330625,0.46375276379309865,1.0,2.713,0.532,1.0,0.966,0.0056,0.9
0.0001515076326337104,0.5983580401823358,0.4635189462839395,1.0,2.713,0.532,1.0,0.966,0.0056,0.9
0.0008840357415562994,0.6164525654369575,0.4637491870258136,1.0,2.713,0.532,1.0,0.966,0.0056,0.9
1.008327444556194,0.0,0.45907551778018646,1.0,2.713,0.532,1.0,0.966,0.0056,0.9
0.0009645664315672561,0.5794712420018591,0.46314325984452065,1.0,2.713,0.532,1.0,0.966,0.0056,0.9
0.0006304264351642618,0.6007355514187833,0.4636485864133954,1.0,2.713,0.532,1.0,0.966,0.0056,0.9
0.00035378435431128306,0.6158604792857525,0.46394277385258675,1.0,2.713,0.532,1.0,0.966,0.0056,0.9
0.0005032196621796584,0.629555916984092,0.46410895348359926,1.0,2.713,0.532,1.0,0.966,0.0056,0.9
0.0008118146722991148,0.603134699986853,0.463464414075091,1.0,2.713,0.532,1.0,0.966,0.0056,0.9
0.000694282026673628,0.6051815626378281,0.46375406495295746,1.0,2.713,0.532,1.0,0.966,0.0056,0.9
0.00038842833816891845,0.5953960656962017,0.4633543314460755,1.0,2.713,0.532,1.0,0.966,0.0056,0.9
0.0004377368428031763,0.6226415813874189,0.46393640041353945,1.0,2.713,0.532,1.0,0.966,0.0056,0.9
0.0007303922335183888,0.5797786762884604,0.4630751294758917,1.0,2.713,0.532,1.0,0.966,0.0056,0.9
0.0008510943172595786,0.578542039024839,0.46301353260410727,1.0,2.713,0.532,1.0,0.966,0.0056,0.9
0.0006424703110154301,0.5871438015111929,0.4633127261882671,1.0,2.713,0.532,1.0,0.966,0.0056,0.9
9.963829410323699e-5,0.6146884264170234,0.4638769794080378,1.0,2.713,0.532,1.0,0.966,0.0056,0.9
0.0009801389392545476,0.6192442284550659,0.46406764682177226,1.0,2.713,0.532,1.0,0.966,0.0056,0.9
0.00040263209799398667,0.5876554806723686,0.46326051433864895,1.0,2.713,0.532,1.0,0.966,0.0056,0.9
0.0009022214211272186,0.5830895790831855,0.4632380345261847,1.0,2.713,0.532,1.0,0.966,0.0056,0.9
0.00012502439924586245,0.6136889583037284,0.4637717048683095,1.0,2.713,0.532,1.0,0.966,0.0056,0.9
0.000597766349559498,0.5908091908711024,0.4634044107232952,1.0,2.713,0.532,1.0,0.966,0.0056,0.9
0.0007506953282628026,0.6185869743139754,0.4640365229777828,1.0,2.713,0.532,1.0,0.966,0.0056,0.9
0.0005242035257384073,0.5844642100310754,0.4631769320937924,1.0,2.713,0.532,1.0,0.966,0.0056,0.9
0.0008995857867121778,0.6300954513156268,0.4642592353390724,1.0,2.713,0.532,1.0,0.966,0.0056,0.9
0.00010463661430204438,0.6129639205291963,0.4638451490121365,1.0,2.713,0.532,1.0,0.966,0.0056,0.9
0.0005240825147067294,0.5883940284371383,0.46332727708003807,1.0,2.713,0.532,1.0,0.966,0.0056,0.9
0.0008688051902578852,0.5837768769817071,0.46325255692936274,1.0,2.713,0.532,1.0,0.966,0.0056,0.9
0.0003975611869814773,0.628387082944104,0.4640993332061768,1.0,2.713,0.532,1.0,0.966,0.0056,0.9
0.0001517885653982331,0.6217717879792921,0.4639799260664731,1.0,2.713,0.532,1.0,0.966,0.0056,0.9
0.0003887376255137159,0.5910539466625557,0.4633752870169775,1.0,2.713,0.532,1.0,0.966,0.0056,0.9
0.0005617752250392482,0.60088860767378,0.46364522132916464,1.0,2.713,0.532,1.0,0.966,0.0056,0.9
0.00018424945082262515,0.6232205314505246,0.4640227603610568,1.0,2.713,0.532,1.0,0.966,0.0056,0.9
0.0006880023525106879,0.5807559102196781,0.46311003182027705,1.0,2.713,0.532,1.0,0.966,0.0056,0.9
0.000572281475288554,0.5842107705250175,0.4631474012497068,1.0,2.713,0.532,1.0,0.966,0.0056,0.9
0.0008435398433860121,0.6135225046960767,0.4636866197944911,1.0,2.713,0.532,1.0,0.966,0.0056,0.9
1.0083434698473652,0.0,0.45907337517512964,1.0,2.713,0.532,1.0,0.966,0.0056,0.9
0.00035016907853967574,0.6006386220385477,0.46361450221806766,1.0,2.713,0.532,1.0,0.966,0.0056,0.9
0.000523786651092062,0.5951520128721143,0.4635046796144523,1.0,2.713,0.532,1.0,0.966,0.0056,0.9
0.000786593994581964,0.593965485139317,0.46327988029713635,1.0,2.713,0.532,1.0,0.966,0.0056,0.9
0.00032540220344725354,0.6053787586891008,0.4635595850790424,1.0,2.713,0.532,1.0,0.966,0.0056,0.9
9.016920582406861e-5,0.608623651843212,0.4636666629605412,1.0,2.713,0.532,1.0,0.966,0.0056,0.9
0.0005312740404527401,0.6177603821302483,0.4638096400763069,1.0,2.713,0.532,1.0,0.966,0.0056,0.9
0.00042470058281938235,0.5942562733152412,0.46346848573684696,1.0,2.713,0.532,1.0,0.966,0.0056,0.9
1.0083281793050223,0.0,0.4590754163743175,1.0,2.713,0.532,1.0,0.966,0.0056,0.9
0.0003618585668401347,0.5900146140899039,0.4633356502837286,1.0,2.713,0.532,1.0,0.966,0.0056,0.9
0.0006286567618728753,0.5819912613261389,0.4631241676792176,1.0,2.713,0.532,1.0,0.966,0.0056,0.9
0.0006226257276767766,0.6148169655986165,0.4637338913257566,1.0,2.713,0.532,1.0,0.966,0.0056,0.9
0.0004228148134695286,0.5982480708625331,0.46340343524999805,1.0,2.713,0.532,1.0,0.966,0.0056,0.9
0.00027344585013707574,0.5915268285473247,0.46333379082510573,1.0,2.713,0.532,1.0,0.966,0.0056,0.9
0.0005143540536500761,0.6311330954640698,0.4641555331384507,1.0,2.713,0.532,1.0,0.966,0.0056,0.9
0.00014735501159530892,0.606499195098877,0.4636100769042968,1.0,2.713,0.532,1.0,0.966,0.0056,0.9
0.000736064229486923,0.5796549398178266,0.46307320457227585,1.0,2.713,0.532,1.0,0.966,0.0056,0.9
0.0007198031865392386,0.6179167143575695,0.46402077131520647,1.0,2.713,0.532,1.0,0.966,0.0056,0.9
0.00032928612929619883,0.6219944575409913,0.463936133496467,1.0,2.713,0.532,1.0,0.966,0.0056,0.9
0.0006642316958886317,0.6070044246722723,0.4635588535830989,1.0,2.713,0.532,1.0,0.966,0.0056,0.9
0.000736489082467522,0.5891582832844083,0.4633792925667315,1.0,2.713,0.532,1.0,0.966,0.0056,0.9
0.000801699174781935,0.5936971217320184,0.4632731806796203,1.0,2.713,0.532,1.0,0.966,0.0056,0.9
0.0005065606742616004,0.6225913182609337,0.4640874654389173,1.0,2.713,0.532,1.0,0.966,0.0056,0.9
0.000621532014745328,0.6298924919426702,0.4642230879150393,1.0,2.713,0.532,1.0,0.966,0.0056,0.9
0.00015164998439107566,0.5972061157226562,0.46343994140625006,1.0,2.713,0.532,1.0,0.966,0.0056,0.9
4.647598587542841e-5,0.6036311502413669,0.4635824427447438,1.0,2.713,0.532,1.0,0.966,0.0056,0.9
0.0009368133869985299,0.6156764473333864,0.4639937531643379,1.0,2.713,0.532,1.0,0.966,0.0056,0.9
3.171603328271499e-5,0.6122525385746374,0.46376535621941295,1.0,2.713,0.532,1.0,0.966,0.0056,0.9
0.0004263312578298121,0.6302678026522613,0.46417262120579067,1.0,2.713,0.532,1.0,0.966,0.0056,0.9
0.00045972298057899135,0.5882651023039187,0.4632242729482665,1.0,2.713,0.532,1.0,0.966,0.0056,0.9
0.00017180203074845256,0.6089252036002237,0.4637748890386849,1.0,2.713,0.532,1.0,0.966,0.0056,0.9
0.0007746615369849546,0.5882166382699413,0.463172329813542,1.0,2.713,0.532,1.0,0.966,0.0056,0.9
0.00042061336275547656,0.62993823813421,0.46417424178943645,1.0,2.713,0.532,1.0,0.966,0.0056,0.9
3.8441794945639094e-5,0.6067553798740664,0.4636432700841552,1.0,2.713,0.532,1.0,0.966,0.0056,0.9
0.0006218238833840055,0.5870090695710936,0.46330558648795706,1.0,2.713,0.532,1.0,0.966,0.0056,0.9
0.000570874410058281,0.6059350153412584,0.46354454996476463,1.0,2.713,0.532,1.0,0.966,0.0056,0.9
0.0005597425368652132,0.5843723563373844,0.4631533177536488,1.0,2.713,0.532,1.0,0.966,0.0056,0.9
0.0005926582280456473,0.6259314256067101,0.46399891653938563,1.0,2.713,0.532,1.0,0.966,0.0056,0.9
0.0007385633921132546,0.6126140692923909,0.4639158388665302,1.0,2.713,0.532,1.0,0.966,0.0056,0.9
0.00030066525013874396,0.6258821586131875,0.4641029014751238,1.0,2.713,0.532,1.0,0.966,0.0056,0.9
0.000781851347299294,0.5969011873270648,0.4635739271089348,1.0,2.713,0.532,1.0,0.966,0.0056,0.9
0.0002011184477925544,0.6148479805524416,0.4637842261159499,1.0,2.713,0.532,1.0,0.966,0.0056,0.9
0.0007099150519369456,0.5850262338494518,0.4632640586636655,1.0,2.713,0.532,1.0,0.966,0.0056,0.9
0.000985858781295925,0.5764195292398631,0.46304917513356214,1.0,2.713,0.532,1.0,0.966,0.0056,0.9
0.0002552627413100656,0.6086622405759928,0.4637822401756793,1.0,2.713,0.532,1.0,0.966,0.0056,0.9
0.0008373005859178492,0.626212794065028,0.46398069160329,1.0,2.713,0.532,1.0,0.966,0.0056,0.9
0.0005392950559349631,0.5890680031977018,0.4633490005482456,1.0,2.713,0.532,1.0,0.966,0.0056,0.9
0.00027836168900056995,0.6169816361740719,0.46382196816475385,1.0,2.713,0.532,1.0,0.966,0.0056,0.9
0.00019449310770943646,0.5958797241330676,0.46340519102171085,1.0,2.713,0.532,1.0,0.966,0.0056,0.9
0.0005061441944709693,0.6231629360044396,0.46409758066094003,1.0,2.713,0.532,1.0,0.966,0.0056,0.9
0.0005892826856739248,0.6044337792336153,0.46351112055297206,1.0,2.713,0.532,1.0,0.966,0.0056,0.9
5.106197707530706e-5,0.6166797491080206,0.4638833151086116,1.0,2.713,0.532,1.0,0.966,0.0056,0.9
0.0009418372085779012,0.6069123373659575,0.4635347832304984,1.0,2.713,0.532,1.0,0.966,0.0056,0.9
0.00014402900218254123,0.6023332440692293,0.4636197200926754,1.0,2.713,0.532,1.0,0.966,0.0056,0.9
0.0006621277500221915,0.6194576140811217,0.46383630152118505,1.0,2.713,0.532,1.0,0.966,0.0056,0.9
0.0007133025171176901,0.5928346057362073,0.463265308590615,1.0,2.713,0.532,1.0,0.966,0.0056,0.9
0.0006775067026456786,0.5842832872311423,0.46323652951228916,1.0,2.713,0.532,1.0,0.966,0.0056,0.9
0.0007695909583200912,0.612735639031019,0.463674960306211,1.0,2.713,0.532,1.0,0.966,0.0056,0.9
0.0007989331127505801,0.5837514919745352,0.4630924203616368,1.0,2.713,0.532,1.0,0.966,0.0056,0.9
0.0007487910451255368,0.5921960023864006,0.4632493601834327,1.0,2.713,0.532,1.0,0.966,0.0056,0.9
0.0006495758975585157,0.5939325429939725,0.463489466074899,1.0,2.713,0.532,1.0,0.966,0.0056,0.9
0.0006778573776785265,0.5895933879089694,0.4633833212870102,1.0,2.713,0.532,1.0,0.966,0.0056,0.9
0.0009267253163117361,0.5819199141047067,0.4632086664188654,1.0,2.713,0.532,1.0,0.966,0.0056,0.9
0.00022771533237308475,0.5935172895724687,0.4633659521121753,1.0,2.713,0.532,1.0,0.966,0.0056,0.9
0.00015341849223342844,0.6119014679110224,0.4638338951753617,1.0,2.713,0.532,1.0,0.966,0.0056,0.9
0.00023155415942554107,0.6247506836756066,0.4640611756379394,1.0,2.713,0.532,1.0,0.966,0.0056,0.9
0.0005406932652913033,0.6313538373344453,0.46422657489339314,1.0,2.713,0.532,1.0,0.966,0.0056,0.9
1.866809975331723e-5,0.6061896402356064,0.4636713552773002,1.0,2.713,0.532,1.0,0.966,0.0056,0.9
8.817460872703346e-5,0.6064216013799704,0.4636212934179811,1.0,2.713,0.532,1.0,0.966,0.0056,0.9
0.0004573033474241047,0.6106146245744984,0.4638480853322149,1.0,2.713,0.532,1.0,0.966,0.0056,0.9
0.00048213823858799616,0.6196406752923107,0.4640304939481533,1.0,2.713,0.532,1.0,0.966,0.0056,0.9
0.0005166988285142399,0.6031695567425903,0.4636924231941223,1.0,2.713,0.532,1.0,0.966,0.0056,0.9
0.00021751271400550075,0.6192673344283768,0.4638874766803534,1.0,2.713,0.532,1.0,0.966,0.0056,0.9
0.0007244939766919164,0.5839607096543671,0.4631077486783792,1.0,2.713,0.532,1.0,0.966,0.0056,0.9
0.00038429101647839177,0.6102436031545656,0.4638322372909661,1.0,2.713,0.532,1.0,0.966,0.0056,0.9
0.0004991074548720327,0.5869690851001264,0.4632787226685047,1.0,2.713,0.532,1.0,0.966,0.0056,0.9
0.0003536844383246935,0.6038262155179333,0.46368858641533856,1.0,2.713,0.532,1.0,0.966,0.0056,0.9
0.00013886913851381353,0.6118085781970524,0.4638292410357031,1.0,2.713,0.532,1.0,0.966,0.0056,0.9
7.51185899828065e-5,0.6038500653167047,0.46357471953183516,1.0,2.713,0.532,1.0,0.966,0.0056,0.9
0.0003847234806124068,0.5979053000581608,0.46355378400592806,1.0,2.713,0.532,1.0,0.966,0.0056,0.9
0.0002884915374965751,0.5978089453010401,0.4634150194796337,1.0,2.713,0.532,1.0,0.966,0.0056,0.9
0.0005716906773591445,0.5837631965128236,0.46318851344338674,1.0,2.713,0.532,1.0,0.966,0.0056,0.9
2.8147166705933437e-5,0.6085460143474001,0.4637313453302658,1.0,2.713,0.532,1.0,0.966,0.0056,0.9
0.0005519710110212066,0.627618464142935,0.4640474121398478,1.0,2.713,0.532,1.0,0.966,0.0056,0.9
0.00012016522237333643,0.6193830546750362,0.46391706391859433,1.0,2.713,0.532,1.0,0.966,0.0056,0.9
0.000532702488741121,0.621730273844812,0.4639028113853586,1.0,2.713,0.532,1.0,0.966,0.0056,0.9
6.505702825964226e-5,0.617619360868976,0.46389914991103454,1.0,2.713,0.532,1.0,0.966,0.0056,0.9
0.0007291040086875501,0.6115769345034321,0.4636526664733891,1.0,2.713,0.532,1.0,0.966,0.0056,0.9
0.0009588367330466565,0.6047779626695186,0.4637666090939313,1.0,2.713,0.532,1.0,0.966,0.0056,0.9
0.0008486524127972097,0.5820833785700987,0.46320170210372213,1.0,2.713,0.532,1.0,0.966,0.0056,0.9
8.217102276281889e-5,0.6175872687194521,0.4638820876653217,1.0,2.713,0.532,1.0,0.966,0.0056,0.9
0.0004616319919419099,0.6226570001768598,0.46393368315306,1.0,2.713,0.532,1.0,0.966,0.0056,0.9
0.0002827360364229375,0.5924319122658919,0.46332989646878264,1.0,2.713,0.532,1.0,0.966,0.0056,0.9
0.0002728994639397259,0.626187698693162,0.4640810754317794,1.0,2.713,0.532,1.0,0.966,0.0056,0.9
2.9728964430714334e-5,0.6066157735179957,0.4636880136242205,1.0,2.713,0.532,1.0,0.966,0.0056,0.9
0.0008846371841365975,0.6238740477054663,0.46414814580860164,1.0,2.713,0.532,1.0,0.966,0.0056,0.9
0.0002783434269274563,0.5941465771039336,0.4634370651044635,1.0,2.713,0.532,1.0,0.966,0.0056,0.9
0.0004327554561377546,0.616010417814761,0.4639551154361041,1.0,2.713,0.532,1.0,0.966,0.0056,0.9
0.0005613272129802091,0.5977233725409122,0.4633767900705845,1.0,2.713,0.532,1.0,0.966,0.0056,0.9
0.0008756227388372877,0.6236692973819984,0.4639164575460558,1.0,2.713,0.532,1.0,0.966,0.0056,0.9
0.0006827048763494147,0.5874186997636218,0.4633263183616669,1.0,2.713,0.532,1.0,0.966,0.0056,0.9
0.00035141253564432035,0.600229993134278,0.4634516974888321,1.0,2.713,0.532,1.0,0.966,0.0056,0.9
8.900417347060996e-5,0.6121472015298711,0.4638251957566383,1.0,2.713,0.532,1.0,0.966,0.0056,0.9
0.00044831136355838057,0.5968131810738493,0.4635357904426576,1.0,2.713,0.532,1.0,0.966,0.0056,0.9
0.0008657231025180911,0.5863188104481591,0.46312756807695554,1.0,2.713,0.532,1.0,0.966,0.0056,0.9
3.612737890903174e-5,0.6099842099632505,0.463765333572522,1.0,2.713,0.532,1.0,0.966,0.0056,0.9
3.5252694728213306e-5,0.614178124509287,0.463844282018769,1.0,2.713,0.532,1.0,0.966,0.0056,0.9
0.0006436539466362777,0.5854283358473433,0.46314431208547213,1.0,2.713,0.532,1.0,0.966,0.0056,0.9
0.0004910410394791899,0.6317162466964512,0.46419129829371514,1.0,2.713,0.532,1.0,0.966,0.0056,0.9
0.00010131050479844974,0.6124488929465471,0.4638341765794872,1.0,2.713,0.532,1.0,0.966,0.0056,0.9
0.000987945407054785,0.5813319137507765,0.46302662835058117,1.0,2.713,0.532,1.0,0.966,0.0056,0.9
0.0007444432250428518,0.5981152226364487,0.46336652707843795,1.0,2.713,0.532,1.0,0.966,0.0056,0.9
0.0006769450591906231,0.6165365983847061,0.46398981964953234,1.0,2.713,0.532,1.0,0.966,0.0056,0.9
2.3163494556076465e-5,0.6109564658386205,0.4637796593556799,1.0,2.713,0.532,1.0,0.966,0.0056,0.9
0.0006550241198146382,0.6331701278686523,0.46427154541015625,1.0,2.713,0.532,1.0,0.966,0.0056,0.9
0.0005539206906651279,0.6114147713538447,0.46387452177481964,1.0,2.713,0.532,1.0,0.966,0.0056,0.9
1.9608475507261004e-5,0.6138695973830265,0.4638234000141622,1.0,2.713,0.532,1.0,0.966,0.0056,0.9
1.008332133150745,0.0,0.45907488185949474,1.0,2.713,0.532,1.0,0.966,0.0056,0.9
0.0005673893524311194,0.6283416678318677,0.46406431729346503,1.0,2.713,0.532,1.0,0.966,0.0056,0.9
0.0006522515970099208,0.630574037945802,0.4641120995585239,1.0,2.713,0.532,1.0,0.966,0.0056,0.9
0.0008177530428742343,0.6015387643855257,0.46343055063363237,1.0,2.713,0.532,1.0,0.966,0.0056,0.9
0.0003384352040313876,0.6150435679123402,0.463768932768166,1.0,2.713,0.532,1.0,0.966,0.0056,0.9
0.00027148073131691707,0.5941226679218194,0.46335588581629106,1.0,2.713,0.532,1.0,0.966,0.0056,0.9
0.0006721564407569317,0.6076038166495011,0.4638047391056539,1.0,2.713,0.532,1.0,0.966,0.0056,0.9
0.0009667058073717227,0.5751451516039454,0.46297003192620234,1.0,2.713,0.532,1.0,0.966,0.0056,0.9
0.0002328491330596623,0.6002575577753408,0.46358706305848385,1.0,2.713,0.532,1.0,0.966,0.0056,0.9
0.0008674451986205629,0.6386181810391364,0.4643258912170679,1.0,2.713,0.532,1.0,0.966,0.0056,0.9
0.00013863996066795754,0.6018104553222656,0.46351928710937507,1.0,2.713,0.532,1.0,0.966,0.0056,0.9
0.0006613784714623427,0.6343158020167557,0.46428269332630945,1.0,2.713,0.532,1.0,0.966,0.0056,0.9
0.0006094162816571695,0.6236104913783601,0.46393984180927295,1.0,2.713,0.532,1.0,0.966,0.0056,0.9
0.0009425212906625045,0.6042687091409931,0.4634782436075333,1.0,2.713,0.532,1.0,0.966,0.0056,0.9
0.0005352930793968327,0.5903862058392421,0.4632427321083582,1.0,2.713,0.532,1.0,0.966,0.0056,0.9
0.0008086459447202935,0.5879157071720378,0.4631629275294084,1.0,2.713,0.532,1.0,0.966,0.0056,0.9
0.0005668356195489798,0.5928570381919882,0.46345281843967456,1.0,2.713,0.532,1.0,0.966,0.0056,0.9
0.00024070354966951302,0.5927414317917064,0.46337360479861506,1.0,2.713,0.532,1.0,0.966,0.0056,0.9
0.00032642386087970487,0.6035160287204067,0.4635210032712789,1.0,2.713,0.532,1.0,0.966,0.0056,0.9
0.0008014140938074554,0.578315022428401,0.46304906280439206,1.0,2.713,0.532,1.0,0.966,0.0056,0.9
0.0001909715947001624,0.595750876766095,0.46345651270957056,1.0,2.713,0.532,1.0,0.966,0.0056,0.9
0.000810119900083592,0.5786686008436805,0.4630787807880431,1.0,2.713,0.532,1.0,0.966,0.0056,0.9
2.0586208106539975e-5,0.613612411009627,0.4638080397041184,1.0,2.713,0.532,1.0,0.966,0.0056,0.9
0.00010686794922524137,0.6080586359297416,0.4637435742376841,1.0,2.713,0.532,1.0,0.966,0.0056,0.9
0.0008351639521528912,0.5818130779255815,0.4630566989215972,1.0,2.713,0.532,1.0,0.966,0.0056,0.9
0.0009122829740030682,0.5859531750723448,0.46311573582398446,1.0,2.713,0.532,1.0,0.966,0.0056,0.9
0.000611039762740974,0.6186917368296172,0.4638233241159462,1.0,2.713,0.532,1.0,0.966,0.0056,0.9
0.0003265202572127028,0.6216747355266099,0.4640465465684892,1.0,2.713,0.532,1.0,0.966,0.0056,0.9
5.198475805082346e-5,0.6156547902792261,0.4638764386180998,1.0,2.713,0.532,1.0,0.966,0.0056,0.9
0.0002518576847961692,0.6230275424520435,0.4640533654994439,1.0,2.713,0.532,1.0,0.966,0.0056,0.9
1.0083288331866886,0.0,0.459075327155242,1.0,2.713,0.532,1.0,0.966,0.0056,0.9
0.0006511556556029478,0.5835804189844704,0.46320883438229565,1.0,2.713,0.532,1.0,0.966,0.0056,0.9
1.0083276583858805,0.0,0.4590754880235769,1.0,2.713,0.532,1.0,0.966,0.0056,0.9
0.0006003278214240288,0.5846664833159076,0.463143290770364,1.0,2.713,0.532,1.0,0.966,0.0056,0.9
0.00030286280285065113,0.5949243301604659,0.46336125305739173,1.0,2.713,0.532,1.0,0.966,0.0056,0.9
0.0006681951278606895,0.6352302277832479,0.4642842720223218,1.0,2.713,0.532,1.0,0.966,0.0056,0.9
0.0008595468478407699,0.5903501490423049,0.46320288899331435,1.0,2.713,0.532,1.0,0.966,0.0056,0.9
0.0003137433050650531,0.6039975523735104,0.4635325396361381,1.0,2.713,0.532,1.0,0.966,0.0056,0.9
0.0008402842145104376,0.580199487871595,0.46303345759095593,1.0,2.713,0.532,1.0,0.966,0.0056,0.9
0.0009718099639603794,0.6386995630621837,0.4642990889263631,1.0,2.713,0.532,1.0,0.966,0.0056,0.9
0.0005440293661130505,0.6124453040194302,0.4636882436016203,1.0,2.713,0.532,1.0,0.966,0.0056,0.9
9.154814479470243e-5,0.6187278244443126,0.4639124079925079,1.0,2.713,0.532,1.0,0.966,0.0056,0.9
0.0008545696317412666,0.5830836215678001,0.4630734926458628,1.0,2.713,0.532,1.0,0.966,0.0056,0.9
0.0007068603683155609,0.5807405530705677,0.4630776025365833,1.0,2.713,0.532,1.0,0.966,0.0056,0.9
1.0083284315827,0.0,0.45907538188330194,1.0,2.713,0.532,1.0,0.966,0.0056,0.9
0.0007064805343599909,0.6224281189969574,0.46410556151337923,1.0,2.713,0.532,1.0,0.966,0.0056,0.9
0.000984746721851718,0.5816014554852866,0.46320756092320825,1.0,2.713,0.532,1.0,0.966,0.0056,0.9
0.0006450516838059436,0.5819809481898708,0.4631082669540886,1.0,2.713,0.532,1.0,0.966,0.0056,0.9
0.0006391463823211052,0.6124166716639214,0.4636788679775278,1.0,2.713,0.532,1.0,0.966,0.0056,0.9
0.0006730722494875625,0.6129727461793462,0.4636882391890197,1.0,2.713,0.532,1.0,0.966,0.0056,0.9
0.0006739413425170164,0.6269077240448595,0.46401406938678647,1.0,2.713,0.532,1.0,0.966,0.0056,0.9
0.0003430682320726743,0.5915038095656876,0.4633769701089653,1.0,2.713,0.532,1.0,0.966,0.0056,0.9
8.626540549921513e-5,0.5996336086468854,0.4635244870185844,1.0,2.713,0.532,1.0,0.966,0.0056,0.9
0.0002656258002911076,0.6167521488001997,0.46381846416187594,1.0,2.713,0.532,1.0,0.966,0.0056,0.9
0.0009193082902220703,0.6238669528438794,0.46391756232901943,1.0,2.713,0.532,1.0,0.966,0.0056,0.9
0.0008559799771145768,0.6266049048485115,0.46398853225331294,1.0,2.713,0.532,1.0,0.966,0.0056,0.9
0.000904351726831078,0.6250017632388188,0.46417050063557996,1.0,2.713,0.532,1.0,0.966,0.0056,0.9
0.00032503615205832606,0.5954190085407238,0.4633654349447388,1.0,2.713,0.532,1.0,0.966,0.0056,0.9
0.0002726681527635941,0.6143517176592018,0.46376186962802335,1.0,2.713,0.532,1.0,0.966,0.0056,0.9
0.0005792739903718777,0.5867403715857848,0.4632901537352419,1.0,2.713,0.532,1.0,0.966,0.0056,0.9
0.0009749575199648084,0.578910511643048,0.4629910035820611,1.0,2.713,0.532,1.0,0.966,0.0056,0.9
0.00014061229643771007,0.615775023088117,0.4639069557312132,1.0,2.713,0.532,1.0,0.966,0.0056,0.9
0.0007269703446264753,0.6136473720398088,0.46369869172835687,1.0,2.713,0.532,1.0,0.966,0.0056,0.9
0.00018540587933689646,0.6066982439576083,0.46372864193158214,1.0,2.713,0.532,1.0,0.966,0.0056,0.9
0.000820500572117959,0.5914288801656384,0.46344583419104945,1.0,2.713,0.532,1.0,0.966,0.0056,0.9
0.0006224783964109145,0.6006532084267134,0.4634295689457552,1.0,2.713,0.532,1.0,0.966,0.0056,0.9
2.6894897017678595e-5,0.6067550884962539,0.46364831648357246,1.0,2.713,0.532,1.0,0.966,0.0056,0.9
0.0006476733392989453,0.6004603526673462,0.463423216897583,1.0,2.713,0.532,1.0,0.966,0.0056,0.9
8.619101340530817e-5,0.6091536387607028,0.46376250676184905,1.0,2.713,0.532,1.0,0.966,0.0056,0.9
1.0083274957070896,0.0,0.4590755106212887,1.0,2.713,0.532,1.0,0.966,0.0056,0.9
0.000897809891057404,0.5937147402490566,0.46350881136059774,1.0,2.713,0.532,1.0,0.966,0.0056,0.9
0.0004813923634905899,0.5894683322766319,0.4633495847464582,1.0,2.713,0.532,1.0,0.966,0.0056,0.9
1.0083321823539149,0.0,0.4590748752585491,1.0,2.713,0.532,1.0,0.966,0.0056,0.9
0.0006342892778232488,0.5845262565275171,0.46323492228318475,1.0,2.713,0.532,1.0,0.966,0.0056,0.9
1.0083279394338287,0.0,0.4590754492766891,1.0,2.713,0.532,1.0,0.966,0.0056,0.9
0.0008511397205905498,0.5789062860000153,0.46301654848957075,1.0,2.713,0.532,1.0,0.966,0.0056,0.9
0.0008535260542209139,0.6022562790354955,0.4637026797746781,1.0,2.713,0.532,1.0,0.966,0.0056,0.9
3.484520347412628e-6,0.6082758794865767,0.4637090691616568,1.0,2.713,0.532,1.0,0.966,0.0056,0.9
0.0005699448775948306,0.5869313442244759,0.46318081007678774,1.0,2.713,0.532,1.0,0.966,0.0056,0.9
0.0009096000308079597,0.5973115432568044,0.46333600781233647,1.0,2.713,0.532,1.0,0.966,0.0056,0.9
0.00025629785900879184,0.5922400115795136,0.46334375222854973,1.0,2.713,0.532,1.0,0.966,0.0056,0.9
0.0001323242533980225,0.5975286468191492,0.46345411810625253,1.0,2.713,0.532,1.0,0.966,0.0056,0.9
0.000231954117022822,0.5944796269945208,0.46343277411724176,1.0,2.713,0.532,1.0,0.966,0.0056,0.9
0.00048754156783058943,0.6145236156376844,0.4637402794152663,1.0,2.713,0.532,1.0,0.966,0.0056,0.9
0.00022669849997096174,0.6241416041485998,0.4640575637305499,1.0,2.713,0.532,1.0,0.966,0.0056,0.9
0.0001470926404031735,0.5964563318417986,0.46343800062113727,1.0,2.713,0.532,1.0,0.966,0.0056,0.9
0.0006154937663861862,0.6313555709121329,0.4642424498284284,1.0,2.713,0.532,1.0,0.966,0.0056,0.9
0.000871698229529576,0.5769203020000693,0.4630152402253006,1.0,2.713,0.532,1.0,0.966,0.0056,0.9
0.00026641094072764896,0.5984348538213846,0.46343048060004,1.0,2.713,0.532,1.0,0.966,0.0056,0.9
0.0006276576117270714,0.5893850978642274,0.46337117774625913,1.0,2.713,0.532,1.0,0.966,0.0056,0.9
0.0008589048044013603,0.5896550167002383,0.46340551788308315,1.0,2.713,0.532,1.0,0.966,0.0056,0.9
0.0006104115439256071,0.5870373460304241,0.4633044342487854,1.0,2.713,0.532,1.0,0.966,0.0056,0.9
0.00014200710287629213,0.6063093086342578,0.46371206679368715,1.0,2.713,0.532,1.0,0.966,0.0056,0.9
0.00043563302346945207,0.6076968595395225,0.4635957135925808,1.0,2.713,0.532,1.0,0.966,0.0056,0.9
0.0002917904199819499,0.6072247433025196,0.4637561414293815,1.0,2.713,0.532,1.0,0.966,0.0056,0.9
1.0083276229344262,0.0,0.45907549293331834,1.0,2.713,0.532,1.0,0.966,0.0056,0.9
0.0009774834110388205,0.605043934293303,0.46377380477230956,1.0,2.713,0.532,1.0,0.966,0.0056,0.9
0.0009017976326336774,0.6288054650834838,0.46403836505344176,1.0,2.713,0.532,1.0,0.966,0.0056,0.9
7.166200673817244e-5,0.6011421756717046,0.46356440678642985,1.0,2.713,0.532,1.0,0.966,0.0056,0.9
0.00031380683280001604,0.6186063289642334,0.4638553619384766,1.0,2.713,0.532,1.0,0.966,0.0056,0.9
0.0004167141854916746,0.6083049998506799,0.4637947044006942,1.0,2.713,0.532,1.0,0.966,0.0056,0.9
0.0006934185542107426,0.5875421696016987,0.4633311672616361,1.0,2.713,0.532,1.0,0.966,0.0056,0.9
0.0004411007500580673,0.622414346786836,0.46393035985350317,1.0,2.713,0.532,1.0,0.966,0.0056,0.9
0.000406173166924675,0.5880297600090842,0.46328217381893466,1.0,2.713,0.532,1.0,0.966,0.0056,0.9
0.0007073351074877559,0.6144312620162964,0.4637178421020506,1.0,2.713,0.532,1.0,0.966,0.0056,0.9
0.00029289000791592743,0.6153618892879802,0.4639249780244703,1.0,2.713,0.532,1.0,0.966,0.0056,0.9
0.0002655262813209703,0.5965521932404141,0.46339683688605793,1.0,2.713,0.532,1.0,0.966,0.0056,0.9
0.0008400334317832984,0.596656600121668,0.4633285836052037,1.0,2.713,0.532,1.0,0.966,0.0056,0.9
0.000984934174292716,0.5792135868953705,0.46313883976522574,1.0,2.713,0.532,1.0,0.966,0.0056,0.9
0.0007610222176717887,0.5914760718020269,0.4634408307284259,1.0,2.713,0.532,1.0,0.966,0.0056,0.9
0.0008345209819117964,0.6137708199191388,0.46394732072231265,1.0,2.713,0.532,1.0,0.966,0.0056,0.9
0.00010823924017106974,0.6067778373017985,0.4637155163812498,1.0,2.713,0.532,1.0,0.966,0.0056,0.9
0.00030272286078779803,0.5984377636399806,0.4634243378940782,1.0,2.713,0.532,1.0,0.966,0.0056,0.9
2.361859050835654e-5,0.6041387660731655,0.46361217616435346,1.0,2.713,0.532,1.0,0.966,0.0056,0.9
0.0009048023634364409,0.5767334570893857,0.46298739745717865,1.0,2.713,0.532,1.0,0.966,0.0056,0.9
0.0009485960643877407,0.5997709612256907,0.46365426423368283,1.0,2.713,0.532,1.0,0.966,0.0056,0.9
0.0003861779913443932,0.5885578898865039,0.4632929518426193,1.0,2.713,0.532,1.0,0.966,0.0056,0.9
0.0001058186725093145,0.6096880062754697,0.4636860031772455,1.0,2.713,0.532,1.0,0.966,0.0056,0.9
0.00031244997351157573,0.6024012072793374,0.4635002745525604,1.0,2.713,0.532,1.0,0.966,0.0056,0.9
0.00028249685869228213,0.6179810907176493,0.4639735101857404,1.0,2.713,0.532,1.0,0.966,0.0056,0.9
0.0002617987398992245,0.623880644409256,0.4640677035020637,1.0,2.713,0.532,1.0,0.966,0.0056,0.9
0.0008865076499000835,0.5912757245267954,0.4632180442714408,1.0,2.713,0.532,1.0,0.966,0.0056,0.9
0.0008811893849081663,0.5785783353677654,0.4630984704437985,1.0,2.713,0.532,1.0,0.966,0.0056,0.9
0.0008184948589273315,0.5859261850961138,0.46312628445417614,1.0,2.713,0.532,1.0,0.966,0.0056,0.9
2.5836686970543363e-5,0.6114857002397605,0.4637499642526519,1.0,2.713,0.532,1.0,0.966,0.0056,0.9
0.0008191436090477272,0.5831513214609877,0.46307980521233644,1.0,2.713,0.532,1.0,0.966,0.0056,0.9
0.0009601369574739877,0.5831794860562928,0.463061275155934,1.0,2.713,0.532,1.0,0.966,0.0056,0.9
0.0004916120354376355,0.5979194107539605,0.46338853988344886,1.0,2.713,0.532,1.0,0.966,0.0056,0.9
0.0001709210493464567,0.6112947694725137,0.4637087650056603,1.0,2.713,0.532,1.0,0.966,0.0056,0.9
0.0009004169031332912,0.6022817460663111,0.46370699639094887,1.0,2.713,0.532,1.0,0.966,0.0056,0.9
0.0008845882812026116,0.5798413650028876,0.4630199871600187,1.0,2.713,0.532,1.0,0.966,0.0056,0.9
0.00010400572548596716,0.6152840790521413,0.46388910699410935,1.0,2.713,0.532,1.0,0.966,0.0056,0.9
0.0005975222967539126,0.6052026004218627,0.46352654038585706,1.0,2.713,0.532,1.0,0.966,0.0056,0.9
0.0009708973425117814,0.5753612634185479,0.4629600927718983,1.0,2.713,0.532,1.0,0.966,0.0056,0.9
6.170259270629304e-5,0.6071419021904108,0.4637117935378182,1.0,2.713,0.532,1.0,0.966,0.0056,0.9
0.0008638615017299217,0.612973050540425,0.4639332744911777,1.0,2.713,0.532,1.0,0.966,0.0056,0.9
0.0002677644545060252,0.624537671567824,0.46401818652671667,1.0,2.713,0.532,1.0,0.966,0.0056,0.9
0.0007892716737203596,0.6148719154452655,0.4639660533081236,1.0,2.713,0.532,1.0,0.966,0.0056,0.9
0.0009274875055332722,0.6180340355696743,0.46403996414563375,1.0,2.713,0.532,1.0,0.966,0.0056,0.9
0.0002192909246811418,0.6110856881553521,0.46382814217336726,1.0,2.713,0.532,1.0,0.966,0.0056,0.9
7.095550302270751e-5,0.6010945975223132,0.4635313161707546,1.0,2.713,0.532,1.0,0.966,0.0056,0.9
0.0004491556639288395,0.5948245878945366,0.4634865719162017,1.0,2.713,0.532,1.0,0.966,0.0056,0.9
0.0007478513003919932,0.59645099945973,0.46356014933998907,1.0,2.713,0.532,1.0,0.966,0.0056,0.9
0.0009297388998857351,0.5934369937084306,0.463256458509656,1.0,2.713,0.532,1.0,0.966,0.0056,0.9
0.0005389643497928951,0.5892850750355537,0.46322355339893734,1.0,2.713,0.532,1.0,0.966,0.0056,0.9
0.0006246219596874103,0.5877675017321603,0.4631845907943818,1.0,2.713,0.532,1.0,0.966,0.0056,0.9
0.0005684300030991349,0.6193186305314129,0.46403365010577485,1.0,2.713,0.532,1.0,0.966,0.0056,0.9
0.0008295515089731876,0.5841619820115099,0.4630947241579109,1.0,2.713,0.532,1.0,0.966,0.0056,0.9
0.000967582210199618,0.6144791897351434,0.46397183253966084,1.0,2.713,0.532,1.0,0.966,0.0056,0.9
0.0006005118661339409,0.6133675799759546,0.46391914871493006,1.0,2.713,0.532,1.0,0.966,0.0056,0.9
0.0005972334711161036,0.6324613236913769,0.46417725283852485,1.0,2.713,0.532,1.0,0.966,0.0056,0.9
0.00041066793587353446,0.6203293774847287,0.4640346782577636,1.0,2.713,0.532,1.0,0.966,0.0056,0.9
2.1383925988519976e-6,0.6103602240030539,0.46374191624662464,1.0,2.713,0.532,1.0,0.966,0.0056,0.9
7.600006514282281e-6,0.6118992877279303,0.46378456707451154,1.0,2.713,0.532,1.0,0.966,0.0056,0.9
4.017902378286469e-6,0.6111019327968792,0.46375802814806255,1.0,2.713,0.532,1.0,0.966,0.0056,0.9
5.7415304850637845e-6,0.6114159686481028,0.46376358427268927,1.0,2.713,0.532,1.0,0.966,0.0056,0.9
7.078888020578e-6,0.6115296467364382,0.4637785520570472,1.0,2.713,0.532,1.0,0.966,0.0056,0.9
1.0083273978887024,0.0,0.4590755243753861,1.0,2.713,0.532,1.0,0.966,0.0056,0.9
7.783628675212085e-6,0.6063931335245065,0.46366385343342453,1.0,2.713,0.532,1.0,0.966,0.0056,0.9
6.562090423000628e-6,0.608547343048927,0.4637187700645913,1.0,2.713,0.532,1.0,0.966,0.0056,0.9
8.781127110056155e-6,0.6062236683636331,0.4636547903554713,1.0,2.713,0.532,1.0,0.966,0.0056,0.9
8.341251540370146e-6,0.6093657520074545,0.46371223741525297,1.0,2.713,0.532,1.0,0.966,0.0056,0.9
2.953115819599207e-6,0.6079933930260039,0.4636902780131362,1.0,2.713,0.532,1.0,0.966,0.0056,0.9
9.192219026739341e-6,0.6080195123173324,0.463708892745917,1.0,2.713,0.532,1.0,0.966,0.0056,0.9
2.3522341359754782e-6,0.6103122084051127,0.46374026061504237,1.0,2.713,0.532,1.0,0.966,0.0056,0.9
3.5966748412999237e-6,0.6108614273466098,0.46376237779428564,1.0,2.713,0.532,1.0,0.966,0.0056,0.9
7.323065126651418e-6,0.6120446715211516,0.4637801905113388,1.0,2.713,0.532,1.0,0.966,0.0056,0.9
1.490229910442961e-6,0.6081727512843794,0.46369677217217403,1.0,2.713,0.532,1.0,0.966,0.0056,0.9
2.702755085648047e-6,0.6107870711357076,0.463752177951041,1.0,2.713,0.532,1.0,0.966,0.0056,0.9
3.1241100587987162e-6,0.6074319055576739,0.4636825618031651,1.0,2.713,0.532,1.0,0.966,0.0056,0.9
7.338667366452309e-6,0.610350315591359,0.46375758028999947,1.0,2.713,0.532,1.0,0.966,0.0056,0.9
6.3111597622241454e-6,0.6096957070227985,0.4637434440060342,1.0,2.713,0.532,1.0,0.966,0.0056,0.9
8.122905979237718e-6,0.6092040816268944,0.46373457479612085,1.0,2.713,0.532,1.0,0.966,0.0056,0.9
9.070834495516105e-6,0.6124151120945571,0.4637898421311244,1.0,2.713,0.532,1.0,0.966,0.0056,0.9
7.610392147567281e-6,0.6081814169059336,0.4637113205437613,1.0,2.713,0.532,1.0,0.966,0.0056,0.9
3.975313340516526e-6,0.608823382055246,0.46370480959157556,1.0,2.713,0.532,1.0,0.966,0.0056,0.9
5.4892174468426655e-6,0.6082033783742555,0.46369074805166033,1.0,2.713,0.532,1.0,0.966,0.0056,0.9
9.483533117558458e-6,0.6068650270634254,0.46366216185396375,1.0,2.713,0.532,1.0,0.966,0.0056,0.9
4.300673641626449e-6,0.6103965767317271,0.4637393549991576,1.0,2.713,0.532,1.0,0.966,0.0056,0.9
5.284690124868445e-6,0.6093970134609172,0.46373621704088197,1.0,2.713,0.532,1.0,0.966,0.0056,0.9
5.1978756508996085e-6,0.609610213054473,0.4637406112327286,1.0,2.713,0.532,1.0,0.966,0.0056,0.9
3.4867999630043345e-6,0.6100187833866068,0.4637469775879838,1.0,2.713,0.532,1.0,0.966,0.0056,0.9
4.735913982004616e-6,0.6093794127094381,0.46373529088968146,1.0,2.713,0.532,1.0,0.966,0.0056,0.9
5.952918111188708e-6,0.6067090742863048,0.46366741844046155,1.0,2.713,0.532,1.0,0.966,0.0056,0.9
7.619683229421662e-6,0.6065360102363345,0.46366018963433525,1.0,2.713,0.532,1.0,0.966,0.0056,0.9
9.574445001033711e-6,0.6115246917105683,0.4637615292964623,1.0,2.713,0.532,1.0,0.966,0.0056,0.9
8.422824190920204e-7,0.6083436978762058,0.46370438026174426,1.0,2.713,0.532,1.0,0.966,0.0056,0.9
5.912618386419977e-6,0.6115715272674256,0.46376782139484274,1.0,2.713,0.532,1.0,0.966,0.0056,0.9
8.11436324856949e-6,0.6085690092753648,0.4637205961818378,1.0,2.713,0.532,1.0,0.966,0.0056,0.9
7.547952949207814e-6,0.6063854136713083,0.46366031213917247,1.0,2.713,0.532,1.0,0.966,0.0056,0.9
3.410751447235475e-6,0.611170812668784,0.46376233936373945,1.0,2.713,0.532,1.0,0.966,0.0056,0.9
7.150994902310821e-6,0.6095964142387458,0.4637421117983159,1.0,2.713,0.532,1.0,0.966,0.0056,0.9
7.052779186705203e-6,0.6109150538782359,0.4637488218788888,1.0,2.713,0.532,1.0,0.966,0.0056,0.9
3.394105699236178e-6,0.6109917597139165,0.4637563243267184,1.0,2.713,0.532,1.0,0.966,0.0056,0.9
8.726094672697805e-6,0.6102458598970769,0.46373150470520996,1.0,2.713,0.532,1.0,0.966,0.0056,0.9
9.642845834434672e-6,0.606159459276864,0.4636606281090946,1.0,2.713,0.532,1.0,0.966,0.0056,0.9
2.9001938604590266e-6,0.6091943851151724,0.463729197395513,1.0,2.713,0.532,1.0,0.966,0.0056,0.9
2.6230485144433757e-6,0.6085361151100945,0.463700831707446,1.0,2.713,0.532,1.0,0.966,0.0056,0.9
0.0006050897717208982,0.5828514099121094,0.463165283203125,1.0,2.713,0.532,1.0,0.966,0.0056,0.9
1.008327404465901,0.0,0.459075523436283,1.0,2.713,0.532,1.0,0.966,0.0056,0.9
5.409453360970023e-6,0.608004644152949,0.46370496524052773,1.0,2.713,0.532,1.0,0.966,0.0056,0.9
6.726484779736893e-6,0.6102932441396564,0.46373431772492646,1.0,2.713,0.532,1.0,0.966,0.0056,0.9
1.2253542199861424e-6,0.6097429730946173,0.46372875925932433,1.0,2.713,0.532,1.0,0.966,0.0056,0.9
8.698785027498926e-6,0.6066561898978989,0.4636741830110938,1.0,2.713,0.532,1.0,0.966,0.0056,0.9
1.725800740565702e-6,0.6105528154362858,0.46374850268381795,1.0,2.713,0.532,1.0,0.966,0.0056,0.9
0.0001147753586981156,0.6191768646240234,0.4639556884765626,1.0,2.713,0.532,1.0,0.966,0.0056,0.9
6.168313935848679e-6,0.6117847046765494,0.4637798578421833,1.0,2.713,0.532,1.0,0.966,0.0056,0.9
1.5847884500812524e-6,0.608025842040919,0.46369454868131177,1.0,2.713,0.532,1.0,0.966,0.0056,0.9
2.647081904618089e-8,0.6091407213960142,0.4637199244317949,1.0,2.713,0.532,1.0,0.966,0.0056,0.9
4.496258022534526e-6,0.6071440836332255,0.4636803633671868,1.0,2.713,0.532,1.0,0.966,0.0056,0.9
5.088550016510444e-7,0.6086026969478036,0.46370740215567274,1.0,2.713,0.532,1.0,0.966,0.0056,0.9
6.529823905912059e-6,0.6066573984417378,0.46366973695236924,1.0,2.713,0.532,1.0,0.966,0.0056,0.9
6.289180631773865e-6,0.6066929923066139,0.4636702061773552,1.0,2.713,0.532,1.0,0.966,0.0056,0.9
9.883877890026204e-6,0.6073679787096561,0.4636706983631334,1.0,2.713,0.532,1.0,0.966,0.0056,0.9
5.21599683942022e-6,0.6071069897259062,0.4636722160377769,1.0,2.713,0.532,1.0,0.966,0.0056,0.9
8.858118883640873e-6,0.6121619758431156,0.46378018124367737,1.0,2.713,0.532,1.0,0.966,0.0056,0.9
7.9205112359551e-6,0.6121296967815164,0.4637814261566666,1.0,2.713,0.532,1.0,0.966,0.0056,0.9
3.1149421186895896e-6,0.6091924218584238,0.4637135651838023,1.0,2.713,0.532,1.0,0.966,0.0056,0.9
3.0777821305113218e-6,0.6103107178321125,0.4637519794241961,1.0,2.713,0.532,1.0,0.966,0.0056,0.9
9.903402186584354e-6,0.6090957168301125,0.4637052858313953,1.0,2.713,0.532,1.0,0.966,0.0056,0.9
7.500054713632101e-6,0.6064214222248461,0.46366382003150525,1.0,2.713,0.532,1.0,0.966,0.0056,0.9
7.017721521892255e-6,0.6113610523899796,0.46376017496518807,1.0,2.713,0.532,1.0,0.966,0.0056,0.9
3.7401471408026034e-6,0.60743372407941,0.46367998513831055,1.0,2.713,0.532,1.0,0.966,0.0056,0.9
3.002077443901137e-6,0.6075704400491485,0.4636894492567234,1.0,2.713,0.532,1.0,0.966,0.0056,0.9
5.670295972233665e-6,0.6106843767690333,0.46374468256847784,1.0,2.713,0.532,1.0,0.966,0.0056,0.9
3.7772215097268864e-6,0.6074418986605146,0.463687800590458,1.0,2.713,0.532,1.0,0.966,0.0056,0.9
9.15627674007518e-6,0.6068018930832382,0.4636787701867965,1.0,2.713,0.532,1.0,0.966,0.0056,0.9
6.606518040142318e-6,0.611873703029056,0.4637760523439617,1.0,2.713,0.532,1.0,0.966,0.0056,0.9
6.315778460920557e-6,0.6100342126703132,0.4637287501261413,1.0,2.713,0.532,1.0,0.966,0.0056,0.9
2.3521731322417195e-6,0.6098544311247343,0.4637292741060276,1.0,2.713,0.532,1.0,0.966,0.0056,0.9
8.10058578765233e-6,0.6113591231192029,0.4637770293300885,1.0,2.713,0.532,1.0,0.966,0.0056,0.9
4.320972938189525e-6,0.6108010884828263,0.46376262199748153,1.0,2.713,0.532,1.0,0.966,0.0056,0.9
4.849218366620489e-6,0.6114484446398494,0.4637666031845595,1.0,2.713,0.532,1.0,0.966,0.0056,0.9
1.5335474190552676e-6,0.610395026640085,0.46375007435164795,1.0,2.713,0.532,1.0,0.966,0.0056,0.9
9.728199744494308e-6,0.6079032992972735,0.46368103111480735,1.0,2.713,0.532,1.0,0.966,0.0056,0.9
9.753843835528943e-6,0.6069487462660648,0.4636832796517357,1.0,2.713,0.532,1.0,0.966,0.0056,0.9
9.485739531178245e-6,0.6069554518576551,0.463683174712328,1.0,2.713,0.532,1.0,0.966,0.0056,0.9
2.383182675866466e-6,0.6077172941138447,0.4636878242987275,1.0,2.713,0.532,1.0,0.966,0.0056,0.9
5.2270877906240095e-6,0.6092041037869653,0.4637320353465736,1.0,2.713,0.532,1.0,0.966,0.0056,0.9
5.662963193637736e-6,0.6078830640846433,0.46368445198272695,1.0,2.713,0.532,1.0,0.966,0.0056,0.9
9.89721049517212e-7,0.610311344090052,0.46374587751025015,1.0,2.713,0.532,1.0,0.966,0.0056,0.9
5.252518636555946e-6,0.6089174041467814,0.4637258046824827,1.0,2.713,0.532,1.0,0.966,0.0056,0.9
2.6791882426351223e-6,0.6102889298684908,0.4637390932041816,1.0,2.713,0.532,1.0,0.966,0.0056,0.9
3.913352920673583e-6,0.607238440731442,0.463681409525607,1.0,2.713,0.532,1.0,0.966,0.0056,0.9
6.960928331857823e-6,0.6067628143740029,0.46366417314733244,1.0,2.713,0.532,1.0,0.966,0.0056,0.9
6.730585236367648e-6,0.6118795444326096,0.46377586185607445,1.0,2.713,0.532,1.0,0.966,0.0056,0.9
9.567723118226692e-6,0.6122324662181335,0.4637921721601306,1.0,2.713,0.532,1.0,0.966,0.0056,0.9
9.729217673652778e-7,0.609665910711582,0.46372755395603893,1.0,2.713,0.532,1.0,0.966,0.0056,0.9
4.127054766527996e-6,0.6111237729934487,0.4637584155089032,1.0,2.713,0.532,1.0,0.966,0.0056,0.9
5.216680090686409e-6,0.61163249469099,0.46377536970850225,1.0,2.713,0.532,1.0,0.966,0.0056,0.9
1.9913821162130364e-6,0.6101991165039785,0.4637480265356021,1.0,2.713,0.532,1.0,0.966,0.0056,0.9
8.91174840644009e-6,0.6069157561051128,0.46368150919979934,1.0,2.713,0.532,1.0,0.966,0.0056,0.9
8.864256698059885e-6,0.6068724980300936,0.46366298994412547,1.0,2.713,0.532,1.0,0.966,0.0056,0.9
2.2653358986192473e-6,0.608731741275121,0.4637052407662572,1.0,2.713,0.532,1.0,0.966,0.0056,0.9
4.044584191934287e-6,0.6071796753673885,0.46367959403487113,1.0,2.713,0.532,1.0,0.966,0.0056,0.9
5.896950746732022e-6,0.611776869212409,0.46377507149322506,1.0,2.713,0.532,1.0,0.966,0.0056,0.9
3.8118220111104167e-6,0.610216247141975,0.46375123404298835,1.0,2.713,0.532,1.0,0.966,0.0056,0.9
5.423813977893718e-6,0.6107466100660823,0.46376314054162465,1.0,2.713,0.532,1.0,0.966,0.0056,0.9
4.824643398954471e-6,0.6098102408464803,0.46374435133694325,1.0,2.713,0.532,1.0,0.966,0.0056,0.9
3.984415132710144e-6,0.60772919821788,0.46368396727569705,1.0,2.713,0.532,1.0,0.966,0.0056,0.9
2.8690660009203344e-6,0.6077975180026157,0.4636872586738193,1.0,2.713,0.532,1.0,0.966,0.0056,0.9
9.68482202800443e-6,0.6059933811727619,0.4636530139870725,1.0,2.713,0.532,1.0,0.966,0.0056,0.9
7.747743003849607e-6,0.6064180386952898,0.46365899022849966,1.0,2.713,0.532,1.0,0.966,0.0056,0.9
1.860835919502342e-6,0.6078973299524282,0.46369542513816836,1.0,2.713,0.532,1.0,0.966,0.0056,0.9
3.5905892828454594e-6,0.6078566785720273,0.4636867984606392,1.0,2.713,0.532,1.0,0.966,0.0056,0.9
9.785801047186066e-6,0.6113679546903501,0.46377888726332245,1.0,2.713,0.532,1.0,0.966,0.0056,0.9
8.918299528748853e-6,0.6121901469686519,0.46378097035805127,1.0,2.713,0.532,1.0,0.966,0.0056,0.9
6.047907145974444e-6,0.6085179386840264,0.4637176211465665,1.0,2.713,0.532,1.0,0.966,0.0056,0.9
2.982670923967855e-6,0.6099220338510776,0.4637299056909523,1.0,2.713,0.532,1.0,0.966,0.0056,0.9
8.673977661098904e-6,0.6086633821652089,0.4636971394551776,1.0,2.713,0.532,1.0,0.966,0.0056,0.9
4.452215428951442e-6,0.6086030533675835,0.46371791142129737,1.0,2.713,0.532,1.0,0.966,0.0056,0.9
7.298613893800292e-6,0.6093134853091534,0.46371194804438987,1.0,2.713,0.532,1.0,0.966,0.0056,0.9
6.292929624819279e-6,0.6116908055230965,0.46377938389794543,1.0,2.713,0.532,1.0,0.966,0.0056,0.9
2.3343636389436274e-6,0.608649983800192,0.463703511645852,1.0,2.713,0.532,1.0,0.966,0.0056,0.9
4.178057147832368e-6,0.6085963865761939,0.46371744626955547,1.0,2.713,0.532,1.0,0.966,0.0056,0.9
1.0083273966411386,0.0,0.459075524555459,1.0,2.713,0.532,1.0,0.966,0.0056,0.9
2.574983182560685e-6,0.6089980502672668,0.46372445485777924,1.0,2.713,0.532,1.0,0.966,0.0056,0.9
1.276766303919564e-6,0.6085810682847542,0.46371251115962087,1.0,2.713,0.532,1.0,0.966,0.0056,0.9
8.707262797843792e-6,0.6107734220468115,0.4637669628915516,1.0,2.713,0.532,1.0,0.966,0.0056,0.9
6.456734059435607e-6,0.6070778546452352,0.4636826284849134,1.0,2.713,0.532,1.0,0.966,0.0056,0.9
5.562983468197147e-6,0.6108832459066521,0.46376576141877535,1.0,2.713,0.532,1.0,0.966,0.0056,0.9
8.358786142496932e-7,0.6089881332162971,0.46371318306362486,1.0,2.713,0.532,1.0,0.966,0.0056,0.9
4.658835830341538e-6,0.6099893359801825,0.46374778950253315,1.0,2.713,0.532,1.0,0.966,0.0056,0.9
6.3490683186601135e-6,0.6093481887213184,0.46371351423188434,1.0,2.713,0.532,1.0,0.966,0.0056,0.9
8.593029104941683e-6,0.6122959570590902,0.46378587055684817,1.0,2.713,0.532,1.0,0.966,0.0056,0.9
3.3049691726239436e-6,0.6094802785479372,0.4637195487164545,1.0,2.713,0.532,1.0,0.966,0.0056,0.9
4.2874306688163505e-6,0.6102709685281856,0.4637363756035107,1.0,2.713,0.532,1.0,0.966,0.0056,0.9
6.2047576363513005e-6,0.6097442011367982,0.46372232673868613,1.0,2.713,0.532,1.0,0.966,0.0056,0.9
4.899569441346062e-6,0.6114242318485061,0.46376565997570707,1.0,2.713,0.532,1.0,0.966,0.0056,0.9
8.813166527047528e-6,0.6076710649586837,0.4636773218883635,1.0,2.713,0.532,1.0,0.966,0.0056,0.9
3.192299505064847e-6,0.6111154908106639,0.46376407896788774,1.0,2.713,0.532,1.0,0.966,0.0056,0.9
7.361939730259539e-6,0.6088618292169868,0.46372649777610475,1.0,2.713,0.532,1.0,0.966,0.0056,0.9
4.830137686471542e-6,0.6111206299298485,0.4637569633508567,1.0,2.713,0.532,1.0,0.966,0.0056,0.9
5.163327712169034e-6,0.6110924713680852,0.46375566899560783,1.0,2.713,0.532,1.0,0.966,0.0056,0.9
4.328692644633025e-6,0.6080741178676667,0.4636896372776283,1.0,2.713,0.532,1.0,0.966,0.0056,0.9
2.7864449146113352e-6,0.6093339990581519,0.46373204168490256,1.0,2.713,0.532,1.0,0.966,0.0056,0.9
6.47356682495295e-6,0.6119307186582164,0.463780589240521,1.0,2.713,0.532,1.0,0.966,0.0056,0.9
0.0006393355101121162,0.5837478637695312,0.46312255859374984,1.0,2.713,0.532,1.0,0.966,0.0056,0.9
4.160053610498215e-6,0.6107891306745499,0.4637621697201394,1.0,2.713,0.532,1.0,0.966,0.0056,0.9
7.3904911486082835e-6,0.6078011744100675,0.46368110353914227,1.0,2.713,0.532,1.0,0.966,0.0056,0.9
2.053650894757904e-6,0.6092477304765616,0.4637162387205459,1.0,2.713,0.532,1.0,0.966,0.0056,0.9
6.372737966188498e-6,0.6109551891039917,0.4637505606959734,1.0,2.713,0.532,1.0,0.966,0.0056,0.9
8.756133290700101e-6,0.6062713245764519,0.46366233124226663,1.0,2.713,0.532,1.0,0.966,0.0056,0.9
1.948304879525966e-6,0.6078810082363337,0.4636913401094608,1.0,2.713,0.532,1.0,0.966,0.0056,0.9
2.5753106966538785e-6,0.6098852690992074,0.46374307590695085,1.0,2.713,0.532,1.0,0.966,0.0056,0.9
6.756180712119513e-6,0.6108137970298277,0.4637658657912571,1.0,2.713,0.532,1.0,0.966,0.0056,0.9
0.0006313120538427612,0.582793653011322,0.46317529678344704,1.0,2.713,0.532,1.0,0.966,0.0056,0.9
3.6878098203739398e-6,0.6074959739360279,0.46368093334999805,1.0,2.713,0.532,1.0,0.966,0.0056,0.9
7.192576067218911e-6,0.610840563453531,0.4637668086422513,1.0,2.713,0.532,1.0,0.966,0.0056,0.9
4.7093520476615975e-6,0.6086518255704503,0.46370048968248667,1.0,2.713,0.532,1.0,0.966,0.0056,0.9
2.4743351172253654e-6,0.6084108423510295,0.46369867017162736,1.0,2.713,0.532,1.0,0.966,0.0056,0.9
4.4528947928563096e-6,0.6070623662820311,0.46367480978925196,1.0,2.713,0.532,1.0,0.966,0.0056,0.9
2.991975963058443e-6,0.6097452935345323,0.4637408649989512,1.0,2.713,0.532,1.0,0.966,0.0056,0.9
4.627328998143733e-6,0.6078513099995756,0.46370024882322636,1.0,2.713,0.532,1.0,0.966,0.0056,0.9
8.46735429850184e-6,0.6062424668581956,0.4636560808843677,1.0,2.713,0.532,1.0,0.966,0.0056,0.9
2.3787416303281666e-6,0.608277700343645,0.4636963708830708,1.0,2.713,0.532,1.0,0.966,0.0056,0.9
8.432082814219988e-6,0.6112131726963164,0.4637548002931753,1.0,2.713,0.532,1.0,0.966,0.0056,0.9
2.072235695979806e-6,0.6085093927110884,0.46370123614847625,1.0,2.713,0.532,1.0,0.966,0.0056,0.9
7.313533971331144e-6,0.6071403710947256,0.4636855072844761,1.0,2.713,0.532,1.0,0.966,0.0056,0.9
5.612963883396843e-6,0.6100945234238475,0.46375088869595055,1.0,2.713,0.532,1.0,0.966,0.0056,0.9
7.002111148362601e-6,0.6065547696975037,0.4636621627970349,1.0,2.713,0.532,1.0,0.966,0.0056,0.9
8.306884540981401e-6,0.6070908611612428,0.4636853985291059,1.0,2.713,0.532,1.0,0.966,0.0056,0.9
6.604290656844619e-6,0.6083255794245593,0.46369204121612634,1.0,2.713,0.532,1.0,0.966,0.0056,0.9
2.7510860459373448e-6,0.6093793838608194,0.4637329573956747,1.0,2.713,0.532,1.0,0.966,0.0056,0.9
5.741445138297617e-6,0.6099218292560409,0.4637475459322696,1.0,2.713,0.532,1.0,0.966,0.0056,0.9
2.513758575972529e-6,0.6089815853566655,0.4637240018938468,1.0,2.713,0.532,1.0,0.966,0.0056,0.9
4.6671065633769135e-6,0.6106579158244253,0.4637605811645209,1.0,2.713,0.532,1.0,0.966,0.0056,0.9
4.698107687400687e-6,0.6070692338931105,0.4636733458942634,1.0,2.713,0.532,1.0,0.966,0.0056,0.9
9.614075526206647e-6,0.6068194422755397,0.4636612556118265,1.0,2.713,0.532,1.0,0.966,0.0056,0.9
3.131456038019752e-6,0.6089564116411277,0.4637242850240967,1.0,2.713,0.532,1.0,0.966,0.0056,0.9
8.711537948575032e-6,0.6074654661367399,0.46369524583195343,1.0,2.713,0.532,1.0,0.966,0.0056,0.9
5.440332509933307e-6,0.6078477188887277,0.46370118815311945,1.0,2.713,0.532,1.0,0.966,0.0056,0.9
4.2592212110390954e-6,0.6114316878643815,0.46376957593795454,1.0,2.713,0.532,1.0,0.966,0.0056,0.9
4.960027343794907e-6,0.6102198243474675,0.4637526722716444,1.0,2.713,0.532,1.0,0.966,0.0056,0.9
9.761932454981928e-6,0.6105315318313983,0.46376315551916614,1.0,2.713,0.532,1.0,0.966,0.0056,0.9
2.8601659246708444e-6,0.6088728687969021,0.46372206063714505,1.0,2.713,0.532,1.0,0.966,0.0056,0.9
7.272095978595979e-6,0.6076837029261009,0.46367901353544105,1.0,2.713,0.532,1.0,0.966,0.0056,0.9
7.255368353427418e-6,0.6119554824438542,0.4637843512816255,1.0,2.713,0.532,1.0,0.966,0.0056,0.9
3.9022950190225875e-6,0.6074300067204337,0.46368776284779445,1.0,2.713,0.532,1.0,0.966,0.0056,0.9
5.317170938978897e-6,0.607154621828415,0.4636828017377431,1.0,2.713,0.532,1.0,0.966,0.0056,0.9
2.2593744551112126e-6,0.6093119541022267,0.4637173037516516,1.0,2.713,0.532,1.0,0.966,0.0056,0.9
9.318634200863273e-6,0.6099248610922141,0.4637237874768214,1.0,2.713,0.532,1.0,0.966,0.0056,0.9
5.64743774707967e-6,0.611745723023837,0.4637772491895816,1.0,2.713,0.532,1.0,0.966,0.0056,0.9
1.8498922578001285e-6,0.6097879563904242,0.46373997289502095,1.0,2.713,0.532,1.0,0.966,0.0056,0.9
8.60238419451657e-6,0.6118148041208886,0.46378502387892806,1.0,2.713,0.532,1.0,0.966,0.0056,0.9
8.773542809561814e-6,0.6115123167526312,0.4637803768339653,1.0,2.713,0.532,1.0,0.966,0.0056,0.9
1.3407717827334334e-6,0.6087934335446472,0.4637081420650789,1.0,2.713,0.532,1.0,0.966,0.0056,0.9
2.7997256001007014e-6,0.6108173530828,0.4637598736768725,1.0,2.713,0.532,1.0,0.966,0.0056,0.9
6.797342804281589e-6,0.6068192182300584,0.4636757877000611,1.0,2.713,0.532,1.0,0.966,0.0056,0.9
5.36313521828451e-6,0.6071884950650672,0.46367302305970093,1.0,2.713,0.532,1.0,0.966,0.0056,0.9
1.9529979107166094e-6,0.6101737239498277,0.4637375957117233,1.0,2.713,0.532,1.0,0.966,0.0056,0.9
1.7783777057217696e-6,0.6083721489800729,0.463708492122364,1.0,2.713,0.532,1.0,0.966,0.0056,0.9
1.3433234774525852e-6,0.6094256986105042,0.4637316747457807,1.0,2.713,0.532,1.0,0.966,0.0056,0.9
8.615103960491726e-6,0.610521945234088,0.46373797650552007,1.0,2.713,0.532,1.0,0.966,0.0056,0.9
3.1759993683185716e-6,0.6082732120151586,0.46370855801375427,1.0,2.713,0.532,1.0,0.966,0.0056,0.9
8.935072495156391e-6,0.6121976088273553,0.4637905611782369,1.0,2.713,0.532,1.0,0.966,0.0056,0.9
8.584614138233582e-7,0.6102146229301154,0.46374443097184614,1.0,2.713,0.532,1.0,0.966,0.0056,0.9
3.662566766697875e-6,0.6112325003126002,0.46376345567198896,1.0,2.713,0.532,1.0,0.966,0.0056,0.9
4.8751470887444605e-6,0.6094581604324254,0.46373710028961057,1.0,2.713,0.532,1.0,0.966,0.0056,0.9
6.018951257819053e-6,0.6072802146012171,0.4636874667058508,1.0,2.713,0.532,1.0,0.966,0.0056,0.9
4.386327221279021e-6,0.6112500310849039,0.4637615510044943,1.0,2.713,0.532,1.0,0.966,0.0056,0.9
7.0455929036750236e-6,0.6099243705667092,0.46372560840371535,1.0,2.713,0.532,1.0,0.966,0.0056,0.9
1.2915257401007836e-6,0.6081051921993431,0.4636970753537115,1.0,2.713,0.532,1.0,0.966,0.0056,0.9
8.719752733350454e-6,0.6106798160330935,0.46374159755249567,1.0,2.713,0.532,1.0,0.966,0.0056,0.9
8.483519212231879e-6,0.6102024618042805,0.46375561997072856,1.0,2.713,0.532,1.0,0.966,0.0056,0.9
6.27784385688726e-6,0.6069952740581517,0.46368000106689383,1.0,2.713,0.532,1.0,0.966,0.0056,0.9
2.529872259675494e-6,0.6086540630638803,0.46370328701068886,1.0,2.713,0.532,1.0,0.966,0.0056,0.9
6.7602434366202455e-6,0.607939520968611,0.46368435438526373,1.0,2.713,0.532,1.0,0.966,0.0056,0.9
6.33054434337158e-6,0.6079713033978889,0.46368539602941095,1.0,2.713,0.532,1.0,0.966,0.0056,0.9
5.058795309064932e-6,0.607395080038813,0.46367670714666215,1.0,2.713,0.532,1.0,0.966,0.0056,0.9
8.805880043057326e-6,0.6089236051249449,0.4637024575699026,1.0,2.713,0.532,1.0,0.966,0.0056,0.9
2.0630443952844084e-6,0.6103490405066698,0.4637417939850542,1.0,2.713,0.532,1.0,0.966,0.0056,0.9
4.206524740851758e-6,0.6075669636368636,0.4636809162511285,1.0,2.713,0.532,1.0,0.966,0.0056,0.9
7.468284694143229e-6,0.6121116749801414,0.4637826917270721,1.0,2.713,0.532,1.0,0.966,0.0056,0.9
9.377101298402868e-6,0.6108581455841207,0.46374527816088096,1.0,2.713,0.532,1.0,0.966,0.0056,0.9
6.3870176034518264e-6,0.6108638105167363,0.46374827691625564,1.0,2.713,0.532,1.0,0.966,0.0056,0.9
9.606398451946682e-6,0.6061584333187129,0.4636520458839927,1.0,2.713,0.532,1.0,0.966,0.0056,0.9
1.9194208099941496e-6,0.6086422969663376,0.4637153148223113,1.0,2.713,0.532,1.0,0.966,0.0056,0.9
4.4574661446375195e-6,0.6080391986589263,0.4637046532327444,1.0,2.713,0.532,1.0,0.966,0.0056,0.9
9.972639541099692e-6,0.6074345043392184,0.4636956228554079,1.0,2.713,0.532,1.0,0.966,0.0056,0.9
2.354100601721804e-6,0.6091112323410681,0.46371288619657963,1.0,2.713,0.532,1.0,0.966,0.0056,0.9
3.5669621521688342e-6,0.6079642195070311,0.46368871617331175,1.0,2.713,0.532,1.0,0.966,0.0056,0.9
2.909471135470807e-6,0.607899181936332,0.46368877858268737,1.0,2.713,0.532,1.0,0.966,0.0056,0.9
3.718784045845452e-6,0.607568209729923,0.4636818928260134,1.0,2.713,0.532,1.0,0.966,0.0056,0.9
1.4139444081493864e-6,0.6087785857336665,0.46370769770643505,1.0,2.713,0.532,1.0,0.966,0.0056,0.9
7.738618808560321e-6,0.6117403778729753,0.46376950039007175,1.0,2.713,0.532,1.0,0.966,0.0056,0.9
2.6870811241044885e-6,0.6075750895895179,0.4636854725982654,1.0,2.713,0.532,1.0,0.966,0.0056,0.9
4.964888042756878e-6,0.6108695074019133,0.46375016808899483,1.0,2.713,0.532,1.0,0.966,0.0056,0.9
9.148601291378218e-6,0.6122746425161076,0.46378328932884677,1.0,2.713,0.532,1.0,0.966,0.0056,0.9
7.91332087072044e-6,0.6071307649327997,0.4636859828721722,1.0,2.713,0.532,1.0,0.966,0.0056,0.9
9.223976745106425e-6,0.6074956193211982,0.46367365567316565,1.0,2.713,0.532,1.0,0.966,0.0056,0.9
4.161777276398728e-6,0.6080667878000605,0.463689720221946,1.0,2.713,0.532,1.0,0.966,0.0056,0.9
3.203436063618287e-6,0.6106391997631766,0.46375801338677947,1.0,2.713,0.532,1.0,0.966,0.0056,0.9
2.7743996771235254e-6,0.6089994391672732,0.46370995158897915,1.0,2.713,0.532,1.0,0.966,0.0056,0.9
9.232462303140398e-6,0.6092882934462471,0.4637372311312059,1.0,2.713,0.532,1.0,0.966,0.0056,0.9
3.0747198245732083e-6,0.6110841330156007,0.4637607795007101,1.0,2.713,0.532,1.0,0.966,0.0056,0.9
4.36826135191635e-6,0.6075908049429687,0.4636931733691463,1.0,2.713,0.532,1.0,0.966,0.0056,0.9
6.369853588242326e-6,0.6114466134897618,0.4637633922266825,1.0,2.713,0.532,1.0,0.966,0.0056,0.9
4.591038504715314e-6,0.6109880667169865,0.4637661774020373,1.0,2.713,0.532,1.0,0.966,0.0056,0.9
3.103266528032098e-6,0.6108640258065869,0.4637613258237857,1.0,2.713,0.532,1.0,0.966,0.0056,0.9
0.0007692207807863116,0.5915279388427734,0.46344299316406257,1.0,2.713,0.532,1.0,0.966,0.0056,0.9
8.051153219410163e-6,0.6091516843264422,0.46370787035425254,1.0,2.713,0.532,1.0,0.966,0.0056,0.9
4.020835351981363e-6,0.6107885323150711,0.46374949437326934,1.0,2.713,0.532,1.0,0.966,0.0056,0.9
7.818844930274874e-6,0.6089257217459104,0.46370327749895107,1.0,2.713,0.532,1.0,0.966,0.0056,0.9
2.560861159891413e-6,0.6090092655703179,0.4637246830937978,1.0,2.713,0.532,1.0,0.966,0.0056,0.9
0.00042187127645054604,0.5885009765625,0.4633056640625001,1.0,2.713,0.532,1.0,0.966,0.0056,0.9
6.434838069366734e-6,0.6071033374650412,0.4636832970580224,1.0,2.713,0.532,1.0,0.966,0.0056,0.9
2.630638371399577e-6,0.6076859066419718,0.46369182360367134,1.0,2.713,0.532,1.0,0.966,0.0056,0.9
5.518337093549663e-6,0.6068207528207168,0.4636719173417807,1.0,2.713,0.532,1.0,0.966,0.0056,0.9
5.06737250388393e-6,0.6075028096182171,0.4636784531006142,1.0,2.713,0.532,1.0,0.966,0.0056,0.9
9.271908644114926e-6,0.6062682646656589,0.46365380532323314,1.0,2.713,0.532,1.0,0.966,0.0056,0.9
8.605835851700818e-6,0.6117822059099898,0.46376943905728757,1.0,2.713,0.532,1.0,0.966,0.0056,0.9
4.996499773021801e-6,0.6082650861683331,0.46371069420568606,1.0,2.713,0.532,1.0,0.966,0.0056,0.9
2.462144794085075e-6,0.6082114423586623,0.4637058505966132,1.0,2.713,0.532,1.0,0.966,0.0056,0.9
5.354262842748883e-6,0.611636287719113,0.4637760875380962,1.0,2.713,0.532,1.0,0.966,0.0056,0.9
9.948666350882547e-6,0.6068124586715151,0.4636799403978963,1.0,2.713,0.532,1.0,0.966,0.0056,0.9
1.920073165491415e-6,0.610200890063263,0.46374791043055835,1.0,2.713,0.532,1.0,0.966,0.0056,0.9
1.580445309998202e-6,0.6102797370800126,0.46374117594636,1.0,2.713,0.532,1.0,0.966,0.0056,0.9
2.7953973860204063e-6,0.6082797540565501,0.46370812196035416,1.0,2.713,0.532,1.0,0.966,0.0056,0.9
3.4788791506135744e-6,0.6107598889868561,0.463749680271095,1.0,2.713,0.532,1.0,0.966,0.0056,0.9
4.017332180642037e-6,0.6098719402437571,0.46372744356820494,1.0,2.713,0.532,1.0,0.966,0.0056,0.9
4.673571731147401e-6,0.6074367894730828,0.463689547870627,1.0,2.713,0.532,1.0,0.966,0.0056,0.9
6.245799400245055e-6,0.6113279044611102,0.46377418587131547,1.0,2.713,0.532,1.0,0.966,0.0056,0.9
2.0338252463873048e-6,0.6088184342540477,0.4637073520184628,1.0,2.713,0.532,1.0,0.966,0.0056,0.9
8.952000456100559e-6,0.6123695528616112,0.46378772658277984,1.0,2.713,0.532,1.0,0.966,0.0056,0.9
8.650429636394768e-6,0.606613250515255,0.4636728911019897,1.0,2.713,0.532,1.0,0.966,0.0056,0.9
2.5178123554186586e-6,0.6076618443121664,0.46369048944129654,1.0,2.713,0.532,1.0,0.966,0.0056,0.9
6.302283336820812e-6,0.6074830479220196,0.4636764449089505,1.0,2.713,0.532,1.0,0.966,0.0056,0.9
3.2319930771953062e-6,0.6079795329501427,0.46368953920082745,1.0,2.713,0.532,1.0,0.966,0.0056,0.9
8.663176137816981e-7,0.6091584823565497,0.4637249293804262,1.0,2.713,0.532,1.0,0.966,0.0056,0.9
3.7357593730955074e-6,0.6075654816220936,0.46368181564303845,1.0,2.713,0.532,1.0,0.966,0.0056,0.9
7.687851322864677e-6,0.6111425788987246,0.463753799377673,1.0,2.713,0.532,1.0,0.966,0.0056,0.9
6.968747436840035e-6,0.6068209019992655,0.4636649152656825,1.0,2.713,0.532,1.0,0.966,0.0056,0.9
8.201531676767925e-6,0.6073164023211213,0.4636910405646605,1.0,2.713,0.532,1.0,0.966,0.0056,0.9
4.108969964399095e-6,0.6094892762444232,0.46373693743478644,1.0,2.713,0.532,1.0,0.966,0.0056,0.9
4.865475283441774e-6,0.6080006088651879,0.46368758763114015,1.0,2.713,0.532,1.0,0.966,0.0056,0.9
5.024724516227892e-6,0.6071484854749167,0.463673180391145,1.0,2.713,0.532,1.0,0.966,0.0056,0.9
4.695080967874095e-6,0.609108041513453,0.4637294165538441,1.0,2.713,0.532,1.0,0.966,0.0056,0.9
4.719277131935217e-6,0.6071988085862469,0.4636827954319176,1.0,2.713,0.532,1.0,0.966,0.0056,0.9
2.4360719242183677e-6,0.6076526651458884,0.4636872996500403,1.0,2.713,0.532,1.0,0.966,0.0056,0.9
1.602920945207944e-6,0.6080551280629782,0.46369477426131994,1.0,2.713,0.532,1.0,0.966,0.0056,0.9
8.624258932170797e-6,0.6069540909334386,0.4636646225266342,1.0,2.713,0.532,1.0,0.966,0.0056,0.9
9.872450333626648e-6,0.612168562035897,0.4637786283269346,1.0,2.713,0.532,1.0,0.966,0.0056,0.9
1.0876639175476415e-7,0.6094126084576721,0.4637248645319112,1.0,2.713,0.532,1.0,0.966,0.0056,0.9
8.713420300727889e-6,0.6110613584044546,0.46377234802798223,1.0,2.713,0.532,1.0,0.966,0.0056,0.9
4.718802940934614e-6,0.6115303344045719,0.4637726978617546,1.0,2.713,0.532,1.0,0.966,0.0056,0.9
6.885708156227081e-6,0.6068727457809437,0.46366577691627303,1.0,2.713,0.532,1.0,0.966,0.0056,0.9
6.274769491001377e-6,0.6099375783014264,0.4637483714117225,1.0,2.713,0.532,1.0,0.966,0.0056,0.9
6.426283590797971e-6,0.6117400960873576,0.46377193789959303,1.0,2.713,0.532,1.0,0.966,0.0056,0.9
6.764578948015031e-6,0.6113836686926442,0.46376110943987925,1.0,2.713,0.532,1.0,0.966,0.0056,0.9
5.364122662617405e-6,0.6110449223483445,0.46376828994168173,1.0,2.713,0.532,1.0,0.966,0.0056,0.9
4.600197959969911e-6,0.6076019165401687,0.4636938426961228,1.0,2.713,0.532,1.0,0.966,0.0056,0.9
4.366874984546094e-6,0.6072290208342903,0.4636758340932743,1.0,2.713,0.532,1.0,0.966,0.0056,0.9
7.839116816860063e-6,0.6070723867426251,0.4636843685235885,1.0,2.713,0.532,1.0,0.966,0.0056,0.9
9.875289079593416e-6,0.6109007140883256,0.46377036507828956,1.0,2.713,0.532,1.0,0.966,0.0056,0.9
6.1387725705898625e-6,0.6091130478362191,0.46373092853221903,1.0,2.713,0.532,1.0,0.966,0.0056,0.9
3.8020940249632043e-6,0.6106831805049486,0.46375978428429776,1.0,2.713,0.532,1.0,0.966,0.0056,0.9
7.818091867181941e-6,0.6116786878020732,0.46376766057291885,1.0,2.713,0.532,1.0,0.966,0.0056,0.9
4.718876104336201e-6,0.6071702151993756,0.4636742000364702,1.0,2.713,0.532,1.0,0.966,0.0056,0.9
2.416505386250869e-6,0.6081302210429438,0.4637037015335414,1.0,2.713,0.532,1.0,0.966,0.0056,0.9
5.5122027878522e-6,0.6068010280190193,0.46367004567999465,1.0,2.713,0.532,1.0,0.966,0.0056,0.9
6.25820418134106e-6,0.6075101753318625,0.4636769765123774,1.0,2.713,0.532,1.0,0.966,0.0056,0.9
1.2758767902682462e-6,0.6081397752988277,0.4636973772090699,1.0,2.713,0.532,1.0,0.966,0.0056,0.9
2.727634765515025e-6,0.6087136327689777,0.46370417994404717,1.0,2.713,0.532,1.0,0.966,0.0056,0.9
9.396798449492473e-6,0.607402308094027,0.46367176733817955,1.0,2.713,0.532,1.0,0.966,0.0056,0.9
5.5531407610965425e-6,0.6068556635232043,0.4636688854732609,1.0,2.713,0.532,1.0,0.966,0.0056,0.9
5.806184324780775e-6,0.6108107164779375,0.4637647577150231,1.0,2.713,0.532,1.0,0.966,0.0056,0.9
3.929334837975673e-6,0.611078061537148,0.46376629365161237,1.0,2.713,0.532,1.0,0.966,0.0056,0.9
6.686275133393149e-6,0.6093297000591219,0.4637128181916428,1.0,2.713,0.532,1.0,0.966,0.0056,0.9
7.112895010359084e-6,0.6087663597527591,0.4637005431833455,1.0,2.713,0.532,1.0,0.966,0.0056,0.9
4.740450998696732e-6,0.6070189455699575,0.4636765758719594,1.0,2.713,0.532,1.0,0.966,0.0056,0.9
5.662507128480534e-6,0.6111905108159447,0.4637575233913614,1.0,2.713,0.532,1.0,0.966,0.0056,0.9
8.121928530602108e-6,0.6110616157900273,0.46375134670902496,1.0,2.713,0.532,1.0,0.966,0.0056,0.9
5.3089968876972984e-6,0.6076634004147504,0.4636808826714973,1.0,2.713,0.532,1.0,0.966,0.0056,0.9
2.132115691833416e-6,0.6096422345750152,0.46372477816111357,1.0,2.713,0.532,1.0,0.966,0.0056,0.9
6.1448762175294005e-6,0.6069648852198563,0.46367886460318924,1.0,2.713,0.532,1.0,0.966,0.0056,0.9
6.669097003434775e-7,0.6092822125489861,0.4637270982851399,1.0,2.713,0.532,1.0,0.966,0.0056,0.9
6.3759031244058526e-6,0.6078408925491456,0.46370207178347456,1.0,2.713,0.532,1.0,0.966,0.0056,0.9
3.571810887478182e-6,0.6107517042457329,0.4637605591097928,1.0,2.713,0.532,1.0,0.966,0.0056,0.9
4.187763294861744e-6,0.6074298459236271,0.4636788596230351,1.0,2.713,0.532,1.0,0.966,0.0056,0.9
3.7185062298143338e-6,0.6091627962232247,0.4637121993042167,1.0,2.713,0.532,1.0,0.966,0.0056,0.9
4.868492589087199e-6,0.6080070383938656,0.4636877042246404,1.0,2.713,0.532,1.0,0.966,0.0056,0.9
5.895945610623084e-6,0.6085053704041274,0.46371718794191474,1.0,2.713,0.532,1.0,0.966,0.0056,0.9
7.3621880300333955e-6,0.6111691294536052,0.46375481953434694,1.0,2.713,0.532,1.0,0.966,0.0056,0.9
7.681365300791201e-6,0.6065327921897604,0.4636686614810002,1.0,2.713,0.532,1.0,0.966,0.0056,0.9
2.0932543040162535e-6,0.6086081477873431,0.4637148184567033,1.0,2.713,0.532,1.0,0.966,0.0056,0.9
8.460170692075165e-6,0.6123069206992338,0.4637874690313608,1.0,2.713,0.532,1.0,0.966,0.0056,0.9
1.5403133209154782e-6,0.6084384351797643,0.4637010133095706,1.0,2.713,0.532,1.0,0.966,0.0056,0.9
8.021034072116802e-7,0.6084777006628282,0.46370831076675334,1.0,2.713,0.532,1.0,0.966,0.0056,0.9
5.041041287344318e-6,0.6111085381830734,0.4637688495230927,1.0,2.713,0.532,1.0,0.966,0.0056,0.9
3.735640523113543e-6,0.6097930199182688,0.46372598839819684,1.0,2.713,0.532,1.0,0.966,0.0056,0.9
3.621199779631952e-6,0.6100221250987456,0.46374721637931626,1.0,2.713,0.532,1.0,0.966,0.0056,0.9
7.959277254452086e-6,0.6085239696330771,0.4637194543576424,1.0,2.713,0.532,1.0,0.966,0.0056,0.9
4.715978933972563e-6,0.6077106212300583,0.4636825234673203,1.0,2.713,0.532,1.0,0.966,0.0056,0.9
9.488756550746133e-6,0.6108372819686201,0.463744687131612,1.0,2.713,0.532,1.0,0.966,0.0056,0.9
1.0794545432837289e-6,0.6101022981026547,0.46373798841030994,1.0,2.713,0.532,1.0,0.966,0.0056,0.9
5.722682398249592e-7,0.6095302156323835,0.4637319624539533,1.0,2.713,0.532,1.0,0.966,0.0056,0.9
5.559445140448416e-6,0.6102294119081413,0.46373397908424485,1.0,2.713,0.532,1.0,0.966,0.0056,0.9
0.0005836881078230447,0.6121673271151451,0.46389294117689045,1.0,2.713,0.532,1.0,0.966,0.0056,0.9
7.4520047796007e-6,0.6121257159642701,0.4637842841360081,1.0,2.713,0.532,1.0,0.966,0.0056,0.9
3.7286787636305175e-6,0.6096605215599162,0.46372302218204375,1.0,2.713,0.532,1.0,0.966,0.0056,0.9
8.33932731973747e-6,0.6120117591820211,0.46378732373060516,1.0,2.713,0.532,1.0,0.966,0.0056,0.9
8.560214223476671e-6,0.6068226585158882,0.4636785970413867,1.0,2.713,0.532,1.0,0.966,0.0056,0.9
5.299042762182329e-6,0.6070618529152201,0.463679976042793,1.0,2.713,0.532,1.0,0.966,0.0056,0.9
2.651157603176239e-6,0.609273321733288,0.46373056070933727,1.0,2.713,0.532,1.0,0.966,0.0056,0.9
7.428741067613638e-6,0.6065196520330678,0.4636605589227138,1.0,2.713,0.532,1.0,0.966,0.0056,0.9
4.547094656002633e-6,0.6075162473440459,0.463691482746057,1.0,2.713,0.532,1.0,0.966,0.0056,0.9
4.147874370767324e-6,0.6071406803226023,0.4636783502151812,1.0,2.713,0.532,1.0,0.966,0.0056,0.9
0.0006119968675607814,0.6127677951008081,0.4636890739202504,1.0,2.713,0.532,1.0,0.966,0.0056,0.9
6.4817440596313106e-6,0.6108651754589056,0.46376651297807914,1.0,2.713,0.532,1.0,0.966,0.0056,0.9
7.808712424878218e-6,0.60940987042596,0.4637387233299427,1.0,2.713,0.532,1.0,0.966,0.0056,0.9
9.394415902873422e-6,0.6076525585597469,0.46367646578111077,1.0,2.713,0.532,1.0,0.966,0.0056,0.9
5.261701408523263e-6,0.6070207408503014,0.46367109925791133,1.0,2.713,0.532,1.0,0.966,0.0056,0.9
6.597448145708556e-6,0.609240761304312,0.46373409557109035,1.0,2.713,0.532,1.0,0.966,0.0056,0.9
1.4087943276894302e-6,0.6100103559592234,0.4637433348318516,1.0,2.713,0.532,1.0,0.966,0.0056,0.9
6.1838034759145635e-6,0.6075996605904675,0.46369591972214264,1.0,2.713,0.532,1.0,0.966,0.0056,0.9
5.936171508245079e-6,0.6073981021068802,0.46367544932312155,1.0,2.713,0.532,1.0,0.966,0.0056,0.9
1.6021944704621773e-6,0.6098098554988395,0.46373994430850474,1.0,2.713,0.532,1.0,0.966,0.0056,0.9
1.815768357887391e-6,0.6092743344174749,0.46371719375608866,1.0,2.713,0.532,1.0,0.966,0.0056,0.9
2.4936789924890772e-6,0.6101249173426732,0.4637475767960198,1.0,2.713,0.532,1.0,0.966,0.0056,0.9
2.9861997925252133e-6,0.6096974726422212,0.4637247825424805,1.0,2.713,0.532,1.0,0.966,0.0056,0.9
3.016926392367943e-6,0.6102166031371759,0.4637501310813672,1.0,2.713,0.532,1.0,0.966,0.0056,0.9
6.528517292729034e-6,0.6118363484740053,0.4637813589390862,1.0,2.713,0.532,1.0,0.966,0.0056,0.9
4.93064369829982e-6,0.6112327963024005,0.46375988618540415,1.0,2.713,0.532,1.0,0.966,0.0056,0.9
4.837393787896783e-6,0.608619769041248,0.463699703029858,1.0,2.713,0.532,1.0,0.966,0.0056,0.9
4.161554066544156e-6,0.6088514185494457,0.4637231883426929,1.0,2.713,0.532,1.0,0.966,0.0056,0.9
4.789303461665531e-6,0.609565636491711,0.463739266897644,1.0,2.713,0.532,1.0,0.966,0.0056,0.9
5.238280585011395e-6,0.6071787864372272,0.46368334683511114,1.0,2.713,0.532,1.0,0.966,0.0056,0.9
5.270829041992182e-6,0.6068777682986216,0.46367036850071264,1.0,2.713,0.532,1.0,0.966,0.0056,0.9
6.437517354690063e-6,0.6076325550040738,0.46369703285830605,1.0,2.713,0.532,1.0,0.966,0.0056,0.9
3.931177174375556e-6,0.609100958611142,0.4637284307031163,1.0,2.713,0.532,1.0,0.966,0.0056,0.9
3.244565292360847e-6,0.6074358082056109,0.4636857567756334,1.0,2.713,0.532,1.0,0.966,0.0056,0.9
4.328183738340881e-6,0.6093197420231747,0.4637335892758064,1.0,2.713,0.532,1.0,0.966,0.0056,0.9
1.500388577105057e-6,0.6082485657254999,0.46369788847177307,1.0,2.713,0.532,1.0,0.966,0.0056,0.9
3.879454021173121e-6,0.6100373698058611,0.46374783962377303,1.0,2.713,0.532,1.0,0.966,0.0056,0.9
3.066691938969736e-6,0.6076242907459457,0.46369134107224813,1.0,2.713,0.532,1.0,0.966,0.0056,0.9
5.544056851001219e-6,0.6103963480368347,0.4637567240253714,1.0,2.713,0.532,1.0,0.966,0.0056,0.9
9.724325478849127e-6,0.6119460832409841,0.4637725113249981,1.0,2.713,0.532,1.0,0.966,0.0056,0.9
4.615457935976722e-6,0.6107488620515875,0.4637621376732186,1.0,2.713,0.532,1.0,0.966,0.0056,0.9
9.652660504202431e-8,0.609476831684148,0.4637286891537663,1.0,2.713,0.532,1.0,0.966,0.0056,0.9
3.3310064827711083e-6,0.6091181510764652,0.4637117187105135,1.0,2.713,0.532,1.0,0.966,0.0056,0.9
1.8836318856824248e-6,0.6080862033092479,0.4636942251223905,1.0,2.713,0.532,1.0,0.966,0.0056,0.9
8.09739439176963e-6,0.6108711278321414,0.46376825421788664,1.0,2.713,0.532,1.0,0.966,0.0056,0.9
8.142848516897085e-6,0.6089380936610072,0.46370327758441,1.0,2.713,0.532,1.0,0.966,0.0056,0.9
9.97828678801781e-6,0.6121661753456259,0.4637919972417689,1.0,2.713,0.532,1.0,0.966,0.0056,0.9
6.8321142516380796e-6,0.6116899188075211,0.46376954986405056,1.0,2.713,0.532,1.0,0.966,0.0056,0.9
1.5625850464155303e-6,0.6088811406189848,0.46372018966457995,1.0,2.713,0.532,1.0,0.966,0.0056,0.9
7.467186037711458e-6,0.6066218511603496,0.4636614418524526,1.0,2.713,0.532,1.0,0.966,0.0056,0.9
7.74367166903601e-6,0.6079103672781153,0.4637050821728911,1.0,2.713,0.532,1.0,0.966,0.0056,0.9
2.8327764218361724e-6,0.6098421587527255,0.46372827766604224,1.0,2.713,0.532,1.0,0.966,0.0056,0.9
2.6598637829429694e-6,0.6076284091767066,0.46368999672847766,1.0,2.713,0.532,1.0,0.966,0.0056,0.9
4.5404030033169535e-6,0.6103380358821692,0.4637376609045668,1.0,2.713,0.532,1.0,0.966,0.0056,0.9
5.206190738935869e-6,0.6099205345686033,0.4637469862845043,1.0,2.713,0.532,1.0,0.966,0.0056,0.9
5.826786335786037e-6,0.610062219451197,0.46375045621089833,1.0,2.713,0.532,1.0,0.966,0.0056,0.9
7.246954379953138e-6,0.6082414571295542,0.46371238763785716,1.0,2.713,0.532,1.0,0.966,0.0056,0.9
7.352515523355324e-6,0.6097353174084221,0.4637211238097108,1.0,2.713,0.532,1.0,0.966,0.0056,0.9
8.730689837766086e-6,0.608885678860826,0.4637281213550766,1.0,2.713,0.532,1.0,0.966,0.0056,0.9
6.372691571553081e-6,0.6070771526699636,0.46366962571700565,1.0,2.713,0.532,1.0,0.966,0.0056,0.9
1.052185706656635e-6,0.6096275105610227,0.4637351855171977,1.0,2.713,0.532,1.0,0.966,0.0056,0.9
5.0188490231182566e-6,0.6091769258694637,0.46371109558930307,1.0,2.713,0.532,1.0,0.966,0.0056,0.9
4.622208904915054e-6,0.6098171155198703,0.46372552522509963,1.0,2.713,0.532,1.0,0.966,0.0056,0.9
1.6091006236134401e-6,0.6081977963957382,0.4637035237378376,1.0,2.713,0.532,1.0,0.966,0.0056,0.9
1.1753844740279532e-6,0.6092980799257837,0.46372864147263926,1.0,2.713,0.532,1.0,0.966,0.0056,0.9
4.616548094124985e-6,0.6086869820615014,0.4637199985247405,1.0,2.713,0.532,1.0,0.966,0.0056,0.9
4.630950361444514e-6,0.6109917309954691,0.4637663017629011,1.0,2.713,0.532,1.0,0.966,0.0056,0.9
6.010202850707704e-6,0.6088598500301963,0.4637252605597624,1.0,2.713,0.532,1.0,0.966,0.0056,0.9
2.748838982486783e-6,0.6099813284888065,0.46374522054213274,1.0,2.713,0.532,1.0,0.966,0.0056,0.9
3.951375480621567e-6,0.610276986017363,0.463752575682011,1.0,2.713,0.532,1.0,0.966,0.0056,0.9
4.029544811454527e-6,0.6093065090406937,0.46371491875486315,1.0,2.713,0.532,1.0,0.966,0.0056,0.9
3.3690680080571193e-6,0.6099423481474251,0.4637453152453477,1.0,2.713,0.532,1.0,0.966,0.0056,0.9
8.901745666678562e-6,0.6119637499299441,0.4637741242807841,1.0,2.713,0.532,1.0,0.966,0.0056,0.9
1.9445002643587603e-6,0.6106208119606742,0.4637497153897887,1.0,2.713,0.532,1.0,0.966,0.0056,0.9
6.525199410836906e-6,0.6066108428379848,0.4636676829178825,1.0,2.713,0.532,1.0,0.966,0.0056,0.9
3.082768214848754e-7,0.6092187649441747,0.46371957527576163,1.0,2.713,0.532,1.0,0.966,0.0056,0.9
7.72970317286799e-6,0.6072946802587773,0.46367147706836603,1.0,2.713,0.532,1.0,0.966,0.0056,0.9
2.1156433746965848e-6,0.6094203912066423,0.46373290129558464,1.0,2.713,0.532,1.0,0.966,0.0056,0.9
8.903741855806956e-6,0.6089756513381188,0.4637302247795345,1.0,2.713,0.532,1.0,0.966,0.0056,0.9
3.911906267225601e-6,0.6075657346318665,0.46368145453969706,1.0,2.713,0.532,1.0,0.966,0.0056,0.9
6.856755092999678e-6,0.6066759758733579,0.46367140145914687,1.0,2.713,0.532,1.0,0.966,0.0056,0.9
1.3524965638144032e-6,0.6081400465208829,0.4636969327296388,1.0,2.713,0.532,1.0,0.966,0.0056,0.9
5.918898865479669e-6,0.6084642774699076,0.46371627154330763,1.0,2.713,0.532,1.0,0.966,0.0056,0.9
2.9444234455407877e-6,0.6109937829995595,0.4637623131911985,1.0,2.713,0.532,1.0,0.966,0.0056,0.9
3.7669742508667803e-6,0.6104045242334347,0.46375472693285424,1.0,2.713,0.532,1.0,0.966,0.0056,0.9
5.307810287438488e-6,0.6091849715108164,0.4637317018002818,1.0,2.713,0.532,1.0,0.966,0.0056,0.9
2.9351515112316028e-6,0.6108338587636036,0.46375290232309024,1.0,2.713,0.532,1.0,0.966,0.0056,0.9
7.38524635597405e-6,0.6101757559253033,0.46373101799356087,1.0,2.713,0.532,1.0,0.966,0.0056,0.9
7.889773023365234e-6,0.6063600245856198,0.4636628568905592,1.0,2.713,0.532,1.0,0.966,0.0056,0.9
5.578006217172574e-6,0.6101153781814537,0.46375126810727346,1.0,2.713,0.532,1.0,0.966,0.0056,0.9
5.36577723573319e-6,0.6100100972381683,0.4637489520115612,1.0,2.713,0.532,1.0,0.966,0.0056,0.9
8.78398230700899e-6,0.6096180273309285,0.46371739258820843,1.0,2.713,0.532,1.0,0.966,0.0056,0.9
9.713482944537554e-6,0.6082109520410228,0.4637137262436345,1.0,2.713,0.532,1.0,0.966,0.0056,0.9
2.4898744266654836e-6,0.6109043167746593,0.46375930459386044,1.0,2.713,0.532,1.0,0.966,0.0056,0.9
5.802112594819908e-6,0.6109467462179768,0.46376718059552047,1.0,2.713,0.532,1.0,0.966,0.0056,0.9
5.439637228877356e-6,0.6083709035853658,0.46371363947240374,1.0,2.713,0.532,1.0,0.966,0.0056,0.9
3.61781255281304e-6,0.6104311273597152,0.4637550056211174,1.0,2.713,0.532,1.0,0.966,0.0056,0.9
9.712174982038903e-6,0.6109711123871333,0.46377155676542703,1.0,2.713,0.532,1.0,0.966,0.0056,0.9
0.0008812286271606719,0.6329413041967769,0.46430270373821225,1.0,2.713,0.532,1.0,0.966,0.0056,0.9
6.073873621825738e-6,0.6114860075318795,0.4637649900467935,1.0,2.713,0.532,1.0,0.966,0.0056,0.9
4.3125507543505944e-6,0.6095822369381622,0.4637206212647844,1.0,2.713,0.532,1.0,0.966,0.0056,0.9
8.708400314941969e-6,0.6062661849816768,0.4636551907042936,1.0,2.713,0.532,1.0,0.966,0.0056,0.9
8.209072800593798e-6,0.6067236361213296,0.46366151217018176,1.0,2.713,0.532,1.0,0.966,0.0056,0.9
7.224191469554608e-6,0.6101059280067216,0.4637526244202583,1.0,2.713,0.532,1.0,0.966,0.0056,0.9
6.425983910081214e-6,0.6088163365152456,0.4637246771588747,1.0,2.713,0.532,1.0,0.966,0.0056,0.9
7.536267537023707e-6,0.6099060228544899,0.463748840455913,1.0,2.713,0.532,1.0,0.966,0.0056,0.9
8.885607499692797e-6,0.6107778233527659,0.4637672007872963,1.0,2.713,0.532,1.0,0.966,0.0056,0.9
6.494654939429081e-6,0.6076249479090383,0.4636969084167367,1.0,2.713,0.532,1.0,0.966,0.0056,0.9
9.635725707311839e-6,0.6121969305323725,0.46377984984580534,1.0,2.713,0.532,1.0,0.966,0.0056,0.9
4.360315349195751e-6,0.6083978494521759,0.4636958101764056,1.0,2.713,0.532,1.0,0.966,0.0056,0.9
3.4160491367867754e-6,0.6106734099177179,0.4637475285123055,1.0,2.713,0.532,1.0,0.966,0.0056,0.9
5.894758633595552e-6,0.6091294568528739,0.46373105998667125,1.0,2.713,0.532,1.0,0.966,0.0056,0.9
6.077640524118476e-6,0.6108276035998953,0.4637477314005698,1.0,2.713,0.532,1.0,0.966,0.0056,0.9
4.243548236306947e-6,0.6077405012582471,0.46368374362042775,1.0,2.713,0.532,1.0,0.966,0.0056,0.9
2.452764172064771e-6,0.6088921267570714,0.46370819367300015,1.0,2.713,0.532,1.0,0.966,0.0056,0.9
6.124895977332147e-6,0.6100701536984212,0.4637297494778615,1.0,2.713,0.532,1.0,0.966,0.0056,0.9
3.453277569863112e-6,0.6109444233134609,0.4637547933886563,1.0,2.713,0.532,1.0,0.966,0.0056,0.9
7.004489741670902e-6,0.6078167431017111,0.46368177769383273,1.0,2.713,0.532,1.0,0.966,0.0056,0.9
4.276409674225703e-6,0.61096087316884,0.4637536040042209,1.0,2.713,0.532,1.0,0.966,0.0056,0.9
1.8140161651045855e-6,0.6081993323441189,0.4636962172507551,1.0,2.713,0.532,1.0,0.966,0.0056,0.9
9.537639997409832e-6,0.607964146269533,0.4636823749998042,1.0,2.713,0.532,1.0,0.966,0.0056,0.9
6.654678027430581e-7,0.6086775700544867,0.46371308867997885,1.0,2.713,0.532,1.0,0.966,0.0056,0.9
6.22701271306784e-6,0.6115464383124413,0.46376645561285434,1.0,2.713,0.532,1.0,0.966,0.0056,0.9
2.400786902992803e-6,0.6082799981732037,0.4637074451619153,1.0,2.713,0.532,1.0,0.966,0.0056,0.9
6.335873897735194e-6,0.6089863464761891,0.46372834439182953,1.0,2.713,0.532,1.0,0.966,0.0056,0.9
8.51739862820585e-6,0.6117175207237076,0.46378342046626925,1.0,2.713,0.532,1.0,0.966,0.0056,0.9
6.767432655776996e-6,0.6096838699378077,0.46374360479833154,1.0,2.713,0.532,1.0,0.966,0.0056,0.9
2.7831576649243663e-6,0.6110190486903309,0.4637606101778695,1.0,2.713,0.532,1.0,0.966,0.0056,0.9
1.0777095588058627e-6,0.6085446876093473,0.4637110747851242,1.0,2.713,0.532,1.0,0.966,0.0056,0.9
3.237450928401062e-7,0.6087279450295466,0.4637125780664727,1.0,2.713,0.532,1.0,0.966,0.0056,0.9
2.751978356959934e-6,0.6093604755199002,0.4637325577914273,1.0,2.713,0.532,1.0,0.966,0.0056,0.9
6.386169198540156e-6,0.6110237150255512,0.4637692434268542,1.0,2.713,0.532,1.0,0.966,0.0056,0.9
6.569976598773819e-6,0.6082471176478644,0.46369051832630326,1.0,2.713,0.532,1.0,0.966,0.0056,0.9
5.212576715188943e-6,0.6082842715643831,0.4636926230980183,1.0,2.713,0.532,1.0,0.966,0.0056,0.9
1.5716732564097883e-6,0.6105708418386747,0.4637519020906098,1.0,2.713,0.532,1.0,0.966,0.0056,0.9
7.984376627733529e-6,0.6097967012070518,0.46372196717945674,1.0,2.713,0.532,1.0,0.966,0.0056,0.9
9.640385150420938e-6,0.6120794642165657,0.4637763762456636,1.0,2.713,0.532,1.0,0.966,0.0056,0.9
9.897874624148402e-6,0.6059870281453091,0.4636506608870956,1.0,2.713,0.532,1.0,0.966,0.0056,0.9
9.187969476408636e-6,0.6109410905258169,0.4637705449717409,1.0,2.713,0.532,1.0,0.966,0.0056,0.9
6.024686433936958e-6,0.6099489448300065,0.463748367155286,1.0,2.713,0.532,1.0,0.966,0.0056,0.9
8.189228404171965e-6,0.6086296053623294,0.4637220163361155,1.0,2.713,0.532,1.0,0.966,0.0056,0.9
3.856357530479144e-6,0.6076296418691683,0.463693303145588,1.0,2.713,0.532,1.0,0.966,0.0056,0.9
8.365383256588456e-6,0.6071369625289644,0.46368665397855935,1.0,2.713,0.532,1.0,0.966,0.0056,0.9
1.4126915305952967e-6,0.6081383919782254,0.46369662278907675,1.0,2.713,0.532,1.0,0.966,0.0056,0.9
9.639816007678751e-6,0.6060004673512522,0.4636527434722333,1.0,2.713,0.532,1.0,0.966,0.0056,0.9
9.65811162493841e-6,0.6080291063189246,0.46370948753638297,1.0,2.713,0.532,1.0,0.966,0.0056,0.9
3.847592196811743e-6,0.6088511905958098,0.46372282234414425,1.0,2.713,0.532,1.0,0.966,0.0056,0.9
5.5542892594577845e-6,0.6086522977695981,0.4637201857663592,1.0,2.713,0.532,1.0,0.966,0.0056,0.9
6.627044539367848e-6,0.6108454785126977,0.46374756448325544,1.0,2.713,0.532,1.0,0.966,0.0056,0.9
5.006450629128105e-6,0.6101617770333913,0.46373299229181975,1.0,2.713,0.532,1.0,0.966,0.0056,0.9
6.332299930799126e-6,0.6071006248780618,0.46367004902764686,1.0,2.713,0.532,1.0,0.966,0.0056,0.9
2.9865119123089935e-6,0.6074629384564328,0.46368362177639727,1.0,2.713,0.532,1.0,0.966,0.0056,0.9
