0.0004634016517873282,0.3386411666870117,0.4631057739257814,1.0,2.713,0.532,1.0,0.966,0.0056,0.9
0.0009531865130525188,0.29741217980567314,0.4620626010111686,1.0,2.713,0.532,1.0,0.966,0.0056,0.9
0.0009780317489725843,0.2940334800796336,0.46202502250671396,1.0,2.713,0.532,1.0,0.966,0.0056,0.9
0.0007392617297405778,0.32737080192252227,0.46289887256753726,1.0,2.713,0.532,1.0,0.966,0.0056,0.9
0.00016628381284375274,0.3163255672006926,0.4625883102416989,1.0,2.713,0.532,1.0,0.966,0.0056,0.9
0.000963666850344034,0.29445457458496094,0.4620269775390624,1.0,2.713,0.532,1.0,0.966,0.0056,0.9
0.0003313163276640232,0.3094280440165784,0.462365714577027,1.0,2.713,0.532,1.0,0.966,0.0056,0.9
0.0004198854536817605,0.33806348819804766,0.463090558960206,1.0,2.713,0.532,1.0,0.966,0.0056,0.9
0.0007026720655628699,0.31042270090511614,0.4625008911360057,1.0,2.713,0.532,1.0,0.966,0.0056,0.9
0.0007556083535168938,0.298871937683316,0.4621200672816513,1.0,2.713,0.532,1.0,0.966,0.0056,0.9
0.0004703066254845166,0.30376903992146254,0.4622617200016976,1.0,2.713,0.532,1.0,0.966,0.0056,0.9
0.0004105936771280213,0.33238792419433594,0.46297912597656243,1.0,2.713,0.532,1.0,0.966,0.0056,0.9
0.0006830553803763534,0.3118583858013153,0.4625355243682862,1.0,2.713,0.532,1.0,0.966,0.0056,0.9
0.0009370458665024471,0.31002235412597656,0.46231384277343757,1.0,2.713,0.532,1.0,0.966,0.0056,0.9
0.0006455170730009962,0.31580831141530896,0.4626294889865589,1.0,2.713,0.532,1.0,0.966,0.0056,0.9
0.0003509524492114933,0.32071155309677124,0.4627198219299317,1.0,2.713,0.532,1.0,0.966,0.0056,0.9
0.0002631645362617886,0.3218303448596045,0.46273639801459554,1.0,2.713,0.532,1.0,0.966,0.0056,0.9
0.0002707081472763482,0.3105287551879883,0.4623977661132813,1.0,2.713,0.532,1.0,0.966,0.0056,0.9
0.00022852672385723004,0.3108262781402118,0.4624425053596494,1.0,2.713,0.532,1.0,0.966,0.0056,0.9
0.0008095639160270617,0.3441700478240364,0.4630921781063086,1.0,2.713,0.532,1.0,0.966,0.0056,0.9
0.0007590703568843978,0.3462715556461262,0.46326909065246646,1.0,2.713,0.532,1.0,0.966,0.0056,0.9
5.5829079089060994e-5,0.31887237110640854,0.4626251220703126,1.0,2.713,0.532,1.0,0.966,0.0056,0.9
0.0007732540186654548,0.33570754263200797,0.46289520263671874,1.0,2.713,0.532,1.0,0.966,0.0056,0.9
0.000695045041864326,0.3019845022354275,0.4622680664062502,1.0,2.713,0.532,1.0,0.966,0.0056,0.9
0.00040268749547906234,0.3286884129047394,0.46290163993835426,1.0,2.713,0.532,1.0,0.966,0.0056,0.9
0.0008532760017764253,0.30513958929645923,0.46221865415573266,1.0,2.713,0.532,1.0,0.966,0.0056,0.9
0.00046884118176549914,0.31622297478676464,0.46262446780564714,1.0,2.713,0.532,1.0,0.966,0.0056,0.9
0.000929271235173397,0.2972518108130089,0.4621544659137713,1.0,2.713,0.532,1.0,0.966,0.0056,0.9
0.0008774546953851257,0.2956941117007576,0.46206791493614696,1.0,2.713,0.532,1.0,0.966,0.0056,0.9
0.0005822685324820735,0.31806768756359816,0.46267833262682,1.0,2.713,0.532,1.0,0.966,0.0056,0.9
0.0009002791271865248,0.2968479055817781,0.4620630923658608,1.0,2.713,0.532,1.0,0.966,0.0056,0.9
0.000746079266058334,0.3115104841567211,0.4623594446515215,1.0,2.713,0.532,1.0,0.966,0.0056,0.9
0.00045622026359321374,0.3054896593093872,0.4623334884643555,1.0,2.713,0.532,1.0,0.966,0.0056,0.9
0.00025151187340779503,0.31195636843888197,0.46242561964354423,1.0,2.713,0.532,1.0,0.966,0.0056,0.9
0.00042035393116063194,0.3102523888782578,0.4623658989556135,1.0,2.713,0.532,1.0,0.966,0.0056,0.9
4.409826066085594e-5,0.3240472264587879,0.4627522170543672,1.0,2.713,0.532,1.0,0.966,0.0056,0.9
0.04398239768513753,0.5117671893713198,0.4661555465603451,1.0,2.713,0.532,1.0,0.966,0.0056,0.9
0.0009005443654974234,0.35072427655961746,0.46335431933402993,1.0,2.713,0.532,1.0,0.966,0.0056,0.9
0.00019897283201945732,0.33233545064748427,0.4629545431579836,1.0,2.713,0.532,1.0,0.966,0.0056,0.9
0.0006702680647607046,0.30158706760833204,0.46217461720471237,1.0,2.713,0.532,1.0,0.966,0.0056,0.9
0.0003710141692051646,0.3204384894738723,0.46258209943771345,1.0,2.713,0.532,1.0,0.966,0.0056,0.9
0.0007422801315274111,0.30280896322301487,0.46218482255935606,1.0,2.713,0.532,1.0,0.966,0.0056,0.9
0.0002509360028014832,0.337677001953125,0.46306152343750007,1.0,2.713,0.532,1.0,0.966,0.0056,0.9
0.0007536918427826345,0.2984068618169455,0.462156857650906,1.0,2.713,0.532,1.0,0.966,0.0056,0.9
0.0004728301579465477,0.3461267948150635,0.46318321228027337,1.0,2.713,0.532,1.0,0.966,0.0056,0.9
0.0006140309327150942,0.3025868520251875,0.4622729548227477,1.0,2.713,0.532,1.0,0.966,0.0056,0.9
0.00034468680662195524,0.3166590425389586,0.4626224517822259,1.0,2.713,0.532,1.0,0.966,0.0056,0.9
0.0002940635194762107,0.3087977038567923,0.46236827419741644,1.0,2.713,0.532,1.0,0.966,0.0056,0.9
0.0006813039038395867,0.30539034109096974,0.4622406005859375,1.0,2.713,0.532,1.0,0.966,0.0056,0.9
0.00024751841696048676,0.3156038374199931,0.46249500111152786,1.0,2.713,0.532,1.0,0.966,0.0056,0.9
0.0005056690245761582,0.3393796991523459,0.46300248503685276,1.0,2.713,0.532,1.0,0.966,0.0056,0.9
8.999511832687824e-5,0.3336906433105469,0.4629577636718749,1.0,2.713,0.532,1.0,0.966,0.0056,0.9
0.00034255981582395677,0.3079290663430591,0.462340689997658,1.0,2.713,0.532,1.0,0.966,0.0056,0.9
0.0006417868298686514,0.3122845705365762,0.4625427246093752,1.0,2.713,0.532,1.0,0.966,0.0056,0.9
0.00018602388330599248,0.33687901496887207,0.4629833221435548,1.0,2.713,0.532,1.0,0.966,0.0056,0.9
0.0001869055140702301,0.3120429142663852,0.46244971752166397,1.0,2.713,0.532,1.0,0.966,0.0056,0.9
1.0083284556175893,0.0,0.45907537869352383,1.0,2.713,0.532,1.0,0.966,0.0056,0.9
0.00011708392293141368,0.31705791939270966,0.4625964581966393,1.0,2.713,0.532,1.0,0.966,0.0056,0.9
0.0007247558636065381,0.30016840988269017,0.46221488819428724,1.0,2.713,0.532,1.0,0.966,0.0056,0.9
0.0009931286084614004,0.2964731454849243,0.4621389389038086,1.0,2.713,0.532,1.0,0.966,0.0056,0.9
0.000993684146812284,0.29393439059811044,0.46204181313514725,1.0,2.713,0.532,1.0,0.966,0.0056,0.9
0.0009915408741978853,0.294676052919756,0.46201807798951217,1.0,2.713,0.532,1.0,0.966,0.0056,0.9
0.0002196287729506088,0.3137255508507,0.4624637039843907,1.0,2.713,0.532,1.0,0.966,0.0056,0.9
0.0007258469435023919,0.29843221191185876,0.46213350296020467,1.0,2.713,0.532,1.0,0.966,0.0056,0.9
0.0006532148538551183,0.29991018548673765,0.4621809393167491,1.0,2.713,0.532,1.0,0.966,0.0056,0.9
0.0007264115912414079,0.30820051369323664,0.46229214817285136,1.0,2.713,0.532,1.0,0.966,0.0056,0.9
0.0004100728866126425,0.30602339565704495,0.46229668930646783,1.0,2.713,0.532,1.0,0.966,0.0056,0.9
0.0007858942906082169,0.3364456796143664,0.4630894687145505,1.0,2.713,0.532,1.0,0.966,0.0056,0.9
1.008327951947237,0.0,0.45907544764838676,1.0,2.713,0.532,1.0,0.966,0.0056,0.9
0.0007945208522313896,0.3021777272224426,0.4621668815612793,1.0,2.713,0.532,1.0,0.966,0.0056,0.9
0.0006071585289340822,0.30177513418236934,0.4621910789515806,1.0,2.713,0.532,1.0,0.966,0.0056,0.9
1.008328427299047,0.0,0.45907538255937663,1.0,2.713,0.532,1.0,0.966,0.0056,0.9
0.00021093412247810488,0.327303855385253,0.46285228729248035,1.0,2.713,0.532,1.0,0.966,0.0056,0.9
0.0003054572490017409,0.30887832494390377,0.462404329027053,1.0,2.713,0.532,1.0,0.966,0.0056,0.9
0.000653139385698934,0.3166368007659912,0.46264991760253915,1.0,2.713,0.532,1.0,0.966,0.0056,0.9
0.00032413621293025404,0.31550201651407406,0.4625913430936635,1.0,2.713,0.532,1.0,0.966,0.0056,0.9
0.0003533282791064096,0.34356003999710083,0.4631686210632326,1.0,2.713,0.532,1.0,0.966,0.0056,0.9
0.0007160369960671507,0.2996199903427623,0.46213836669921904,1.0,2.713,0.532,1.0,0.966,0.0056,0.9
0.0007504300409909853,0.3211560505643708,0.46276201911046255,1.0,2.713,0.532,1.0,0.966,0.0056,0.9
2.797302408326276e-5,0.32052401453256607,0.46265586614608795,1.0,2.713,0.532,1.0,0.966,0.0056,0.9
0.0004725022258914072,0.3302001953125,0.462939453125,1.0,2.713,0.532,1.0,0.966,0.0056,0.9
0.00039560743814878485,0.3245871216058731,0.4628120183944704,1.0,2.713,0.532,1.0,0.966,0.0056,0.9
0.0007838865936458065,0.3055041396293632,0.4623791620135305,1.0,2.713,0.532,1.0,0.966,0.0056,0.9
0.0008534238030725365,0.30716021927430764,0.4624293319339406,1.0,2.713,0.532,1.0,0.966,0.0056,0.9
0.0005675567034785245,0.3276634216308594,0.46272583007812507,1.0,2.713,0.532,1.0,0.966,0.0056,0.9
0.0007386357911430743,0.29844945669174194,0.4621232032775886,1.0,2.713,0.532,1.0,0.966,0.0056,0.9
1.0083286070671853,0.0,0.4590753580367162,1.0,2.713,0.532,1.0,0.966,0.0056,0.9
0.0005006001074282321,0.3358135223388672,0.46291809082031254,1.0,2.713,0.532,1.0,0.966,0.0056,0.9
0.0007681216653836581,0.30642118863761425,0.46240234374999856,1.0,2.713,0.532,1.0,0.966,0.0056,0.9
4.3214339750530196e-5,0.3240939932875335,0.46270751953124994,1.0,2.713,0.532,1.0,0.966,0.0056,0.9
0.0008614770531287254,0.3064510969843035,0.4624113914044291,1.0,2.713,0.532,1.0,0.966,0.0056,0.9
0.0002176323441229444,0.32720375061035156,0.46285095214843747,1.0,2.713,0.532,1.0,0.966,0.0056,0.9
6.878596926994138e-5,0.3314178470754996,0.46291198730468697,1.0,2.713,0.532,1.0,0.966,0.0056,0.9
0.0006877560003501974,0.33167076110839844,0.46280822753906264,1.0,2.713,0.532,1.0,0.966,0.0056,0.9
0.0009605951831040285,0.2964577930277862,0.4621332118659027,1.0,2.713,0.532,1.0,0.966,0.0056,0.9
0.0009733796707321379,0.29411137104034424,0.4620267868041993,1.0,2.713,0.532,1.0,0.966,0.0056,0.9
0.0009607278145154269,0.30524994153529406,0.46238780468702334,1.0,2.713,0.532,1.0,0.966,0.0056,0.9
0.0004412486009247549,0.3045001994614722,0.46228752136230516,1.0,2.713,0.532,1.0,0.966,0.0056,0.9
0.00021345107768203935,0.3109245300292969,0.46243286132812506,1.0,2.713,0.532,1.0,0.966,0.0056,0.9
0.0007864075997805701,0.29748135522460095,0.46210215963840545,1.0,2.713,0.532,1.0,0.966,0.0056,0.9
0.0008635806243541587,0.31692981719970703,0.4624679565429688,1.0,2.713,0.532,1.0,0.966,0.0056,0.9
0.0009558162093187635,0.294540116970893,0.4620559692382814,1.0,2.713,0.532,1.0,0.966,0.0056,0.9
0.0009208827096916946,0.29547740800532163,0.4620876670528508,1.0,2.713,0.532,1.0,0.966,0.0056,0.9
0.0005052741579744184,0.3056548533027521,0.46234881172374476,1.0,2.713,0.532,1.0,0.966,0.0056,0.9
1.0083279595425156,0.0,0.45907544660483324,1.0,2.713,0.532,1.0,0.966,0.0056,0.9
0.0004061364340088846,0.3054480297396899,0.46229549561948713,1.0,2.713,0.532,1.0,0.966,0.0056,0.9
0.00037519668330441956,0.3195660556649267,0.46256286088995935,1.0,2.713,0.532,1.0,0.966,0.0056,0.9
0.0007653891789619392,0.3016881059955071,0.4621616113791822,1.0,2.713,0.532,1.0,0.966,0.0056,0.9
0.00014945460279566664,0.3299312573950753,0.46289906549877813,1.0,2.713,0.532,1.0,0.966,0.0056,0.9
0.0009922015890960882,0.29827397981573817,0.46207237923822414,1.0,2.713,0.532,1.0,0.966,0.0056,0.9
1.0083321313204885,0.0,0.45907488219635695,1.0,2.713,0.532,1.0,0.966,0.0056,0.9
0.0008534994978642323,0.29681822714582085,0.46207405135512347,1.0,2.713,0.532,1.0,0.966,0.0056,0.9
0.0006591065927014011,0.2999148103162467,0.4621606145599363,1.0,2.713,0.532,1.0,0.966,0.0056,0.9
0.0006194568693752201,0.3176378156014232,0.46267109480043456,1.0,2.713,0.532,1.0,0.966,0.0056,0.9
0.0003596456202851104,0.31373902366891504,0.4624424857194423,1.0,2.713,0.532,1.0,0.966,0.0056,0.9
0.0007083384740753633,0.3172301756480709,0.4626680984696747,1.0,2.713,0.532,1.0,0.966,0.0056,0.9
0.0008742370401178882,0.32099053549393036,0.4627662214362655,1.0,2.713,0.532,1.0,0.966,0.0056,0.9
0.0005356083355431833,0.3399341106414795,0.46313667297363287,1.0,2.713,0.532,1.0,0.966,0.0056,0.9
0.0005543207174994087,0.30698461110166536,0.4623945909529101,1.0,2.713,0.532,1.0,0.966,0.0056,0.9
0.0006074984608235616,0.3012561944020471,0.46218631695990553,1.0,2.713,0.532,1.0,0.966,0.0056,0.9
0.0007237533853553158,0.3064848157223836,0.4623998003845574,1.0,2.713,0.532,1.0,0.966,0.0056,0.9
0.0004384037886289251,0.3175880440928116,0.4625144464847922,1.0,2.713,0.532,1.0,0.966,0.0056,0.9
0.00043968249236640686,0.33120742884649595,0.46295757273306837,1.0,2.713,0.532,1.0,0.966,0.0056,0.9
0.0005903914693956749,0.30169921340656736,0.4621955061668217,1.0,2.713,0.532,1.0,0.966,0.0056,0.9
0.0007957456619910277,0.297276740404822,0.462098387060106,1.0,2.713,0.532,1.0,0.966,0.0056,0.9
0.0004321754858955057,0.3367227400414427,0.4630665814504041,1.0,2.713,0.532,1.0,0.966,0.0056,0.9
0.0007740565049503149,0.3040912063773822,0.4622054784214503,1.0,2.713,0.532,1.0,0.966,0.0056,0.9
1.362761111652255e-5,0.322182980187356,0.462682697979018,1.0,2.713,0.532,1.0,0.966,0.0056,0.9
0.0006184208318829952,0.30885740971922954,0.4623156673342109,1.0,2.713,0.532,1.0,0.966,0.0056,0.9
0.0005007518921283475,0.30305353600220686,0.4622474870004465,1.0,2.713,0.532,1.0,0.966,0.0056,0.9
0.0005475975455594965,0.31189069218966736,0.462524199835174,1.0,2.713,0.532,1.0,0.966,0.0056,0.9
0.0005266439361929292,0.3343852727345457,0.46302936567201725,1.0,2.713,0.532,1.0,0.966,0.0056,0.9
0.0008327642419789686,0.33566516852436246,0.46289037234056474,1.0,2.713,0.532,1.0,0.966,0.0056,0.9
1.0083371400960994,0.0,0.4590742136118571,1.0,2.713,0.532,1.0,0.966,0.0056,0.9
0.00023091239757323112,0.31033287326387066,0.4624170416019199,1.0,2.713,0.532,1.0,0.966,0.0056,0.9
0.00044667549389508504,0.3057576972531416,0.46233999856734254,1.0,2.713,0.532,1.0,0.966,0.0056,0.9
0.0009512886276814902,0.30415213631853755,0.46235771843963214,1.0,2.713,0.532,1.0,0.966,0.0056,0.9
0.0006870782389000489,0.30053699937061484,0.46221947653016654,1.0,2.713,0.532,1.0,0.966,0.0056,0.9
0.00042611582681060937,0.30856019560781056,0.46233336271667735,1.0,2.713,0.532,1.0,0.966,0.0056,0.9
0.0007283166135218662,0.30082470720815946,0.46215251581154304,1.0,2.713,0.532,1.0,0.966,0.0056,0.9
1.828803108349081e-5,0.32679826582083904,0.46277563909439867,1.0,2.713,0.532,1.0,0.966,0.0056,0.9
0.0006034960477751268,0.32777001765073155,0.4628981042532724,1.0,2.713,0.532,1.0,0.966,0.0056,0.9
0.0007064652333310863,0.30053135689371574,0.46215211462563444,1.0,2.713,0.532,1.0,0.966,0.0056,0.9
0.0006719187399652577,0.328237881595825,0.4627314123669539,1.0,2.713,0.532,1.0,0.966,0.0056,0.9
0.00029866851431739546,0.32228388873807723,0.46275071923801947,1.0,2.713,0.532,1.0,0.966,0.0056,0.9
0.0007940599963288529,0.3047522803872724,0.46235967909912135,1.0,2.713,0.532,1.0,0.966,0.0056,0.9
0.0003970740971209859,0.30610839451485394,0.46230220502505737,1.0,2.713,0.532,1.0,0.966,0.0056,0.9
0.0005800295523256335,0.3493841810159032,0.4632782072075034,1.0,2.713,0.532,1.0,0.966,0.0056,0.9
0.00030601876938283633,0.3090389810077895,0.46240997251965693,1.0,2.713,0.532,1.0,0.966,0.0056,0.9
0.0004374888808599864,0.3123408392575345,0.4624050995438872,1.0,2.713,0.532,1.0,0.966,0.0056,0.9
0.0009072168193452453,0.2992532064096842,0.4621001800404653,1.0,2.713,0.532,1.0,0.966,0.0056,0.9
0.0009802435832834892,0.3161483448155019,0.4626606012019473,1.0,2.713,0.532,1.0,0.966,0.0056,0.9
0.0008349005843992829,0.30405603230587125,0.4623445678633675,1.0,2.713,0.532,1.0,0.966,0.0056,0.9
0.0007416424250483391,0.30729272739081637,0.46227227388697634,1.0,2.713,0.532,1.0,0.966,0.0056,0.9
0.0003635610907162069,0.3197402890329983,0.46269838031761884,1.0,2.713,0.532,1.0,0.966,0.0056,0.9
0.0006131071994189009,0.3029628852339956,0.4622064214394892,1.0,2.713,0.532,1.0,0.966,0.0056,0.9
0.0008842969773399016,0.32181022950049054,0.46257422452402375,1.0,2.713,0.532,1.0,0.966,0.0056,0.9
0.0009370013680130463,0.32501822715915973,0.4626426424270801,1.0,2.713,0.532,1.0,0.966,0.0056,0.9
0.00010939948441794795,0.3277390638802159,0.4627748313345699,1.0,2.713,0.532,1.0,0.966,0.0056,0.9
0.0007557076154307886,0.30623496590537175,0.46224962278641074,1.0,2.713,0.532,1.0,0.966,0.0056,0.9
0.000662225300355567,0.30277178035978436,0.4622871050943702,1.0,2.713,0.532,1.0,0.966,0.0056,0.9
0.0006367160991557989,0.30165350622673337,0.4622466701331434,1.0,2.713,0.532,1.0,0.966,0.0056,0.9
1.008336319461929,0.0,0.45907432276305904,1.0,2.713,0.532,1.0,0.966,0.0056,0.9
0.0007965770277237875,0.2972921000591484,0.4621222335649259,1.0,2.713,0.532,1.0,0.966,0.0056,0.9
0.000610047243566078,0.34683948653570496,0.4631792581807811,1.0,2.713,0.532,1.0,0.966,0.0056,0.9
0.0008955364860303455,0.2954155789848797,0.46207075914047946,1.0,2.713,0.532,1.0,0.966,0.0056,0.9
0.0003002241481419718,0.3191984938645184,0.46267886999679886,1.0,2.713,0.532,1.0,0.966,0.0056,0.9
0.0005702478385359146,0.30620679945281765,0.4622694867345762,1.0,2.713,0.532,1.0,0.966,0.0056,0.9
0.00012281826691766767,0.3146562455164222,0.4625247127770947,1.0,2.713,0.532,1.0,0.966,0.0056,0.9
0.000517731158127179,0.30803817332299893,0.4624191465032888,1.0,2.713,0.532,1.0,0.966,0.0056,0.9
0.00026662137909996017,0.3126351030970719,0.46250798159708384,1.0,2.713,0.532,1.0,0.966,0.0056,0.9
0.00020104379697692083,0.3394879306757216,0.46307344091051883,1.0,2.713,0.532,1.0,0.966,0.0056,0.9
0.00030690561545572117,0.3239490483481718,0.46278928557620846,1.0,2.713,0.532,1.0,0.966,0.0056,0.9
0.0004823278732577826,0.34689024439816785,0.46323653689596056,1.0,2.713,0.532,1.0,0.966,0.0056,0.9
0.0008349462818385178,0.2989106572308785,0.46219328919299274,1.0,2.713,0.532,1.0,0.966,0.0056,0.9
1.0083296138691056,0.0,0.4590752213134494,1.0,2.713,0.532,1.0,0.966,0.0056,0.9
0.00037766766081686134,0.3240445962007494,0.46266043090854914,1.0,2.713,0.532,1.0,0.966,0.0056,0.9
0.0001871236693643483,0.33152941813225345,0.4629368862240335,1.0,2.713,0.532,1.0,0.966,0.0056,0.9
0.0006236100126426912,0.30057214397496157,0.4621782361961566,1.0,2.713,0.532,1.0,0.966,0.0056,0.9
1.0083323917257856,0.0,0.45907484727008474,1.0,2.713,0.532,1.0,0.966,0.0056,0.9
0.0006948851617196654,0.3229777553315484,0.46279939511126567,1.0,2.713,0.532,1.0,0.966,0.0056,0.9
0.00023175936318650534,0.3131593218617207,0.4625157363450533,1.0,2.713,0.532,1.0,0.966,0.0056,0.9
0.0009169846639151294,0.3360368316061533,0.4628937360126409,1.0,2.713,0.532,1.0,0.966,0.0056,0.9
0.0009361441432699783,0.2974291830604031,0.46216133667148107,1.0,2.713,0.532,1.0,0.966,0.0056,0.9
0.0007423114889163838,0.2987124247806089,0.462165826075135,1.0,2.713,0.532,1.0,0.966,0.0056,0.9
0.00030441724398178895,0.33393631599727847,0.4629992557680195,1.0,2.713,0.532,1.0,0.966,0.0056,0.9
0.0007071325994696474,0.2988828868364901,0.46213894419716295,1.0,2.713,0.532,1.0,0.966,0.0056,0.9
0.0005827694320887323,0.3483610153198242,0.4632766723632812,1.0,2.713,0.532,1.0,0.966,0.0056,0.9
0.0004978936674518838,0.30424218172342193,0.4623018806113321,1.0,2.713,0.532,1.0,0.966,0.0056,0.9
0.0006354782802927923,0.30189928364646595,0.46218604153506865,1.0,2.713,0.532,1.0,0.966,0.0056,0.9
9.76715692617359e-5,0.33448323994548473,0.4629726206971908,1.0,2.713,0.532,1.0,0.966,0.0056,0.9
0.00010593143663464896,0.3197537407481431,0.46260272757296605,1.0,2.713,0.532,1.0,0.966,0.0056,0.9
0.0008690207909359833,0.3211305020508314,0.4627690758320367,1.0,2.713,0.532,1.0,0.966,0.0056,0.9
1.200378361731511e-5,0.32513687804912217,0.4627655948372839,1.0,2.713,0.532,1.0,0.966,0.0056,0.9
0.00027978191087747446,0.329835055253481,0.4629136929770745,1.0,2.713,0.532,1.0,0.966,0.0056,0.9
0.0004261322224146832,0.30513858153798423,0.46231048945756925,1.0,2.713,0.532,1.0,0.966,0.0056,0.9
0.00022389139188203476,0.32742151087237187,0.4627516016240588,1.0,2.713,0.532,1.0,0.966,0.0056,0.9
0.0003732435698056545,0.3075457270182168,0.46237997116756596,1.0,2.713,0.532,1.0,0.966,0.0056,0.9
0.0007213783549327659,0.2984999753343204,0.4621406346646405,1.0,2.713,0.532,1.0,0.966,0.0056,0.9
0.0008713562779859905,0.3121266800384511,0.4625565449936714,1.0,2.713,0.532,1.0,0.966,0.0056,0.9
0.00011935564051491934,0.33105039663067015,0.46285035351451076,1.0,2.713,0.532,1.0,0.966,0.0056,0.9
0.0007078790140961363,0.3004593697805704,0.46222129743569296,1.0,2.713,0.532,1.0,0.966,0.0056,0.9
1.008327770752551,0.0,0.45907547259065984,1.0,2.713,0.532,1.0,0.966,0.0056,0.9
0.0004843543919764145,0.3061732085024854,0.4623607598903343,1.0,2.713,0.532,1.0,0.966,0.0056,0.9
0.0007016903136503222,0.3373977780709052,0.4631022540285089,1.0,2.713,0.532,1.0,0.966,0.0056,0.9
0.00012529473451417276,0.32431755455244216,0.46269575465185275,1.0,2.713,0.532,1.0,0.966,0.0056,0.9
0.00023792765630837115,0.3261633470570945,0.46283080273631805,1.0,2.713,0.532,1.0,0.966,0.0056,0.9
0.0007995954827240916,0.301806114001101,0.46227705854935475,1.0,2.713,0.532,1.0,0.966,0.0056,0.9
0.0005756567028273535,0.30234168024177516,0.4622556019894778,1.0,2.713,0.532,1.0,0.966,0.0056,0.9
4.6798470775995466e-5,0.3237016101398847,0.46274496354494477,1.0,2.713,0.532,1.0,0.966,0.0056,0.9
0.00021174600629447155,0.33147015099839305,0.46293906520292916,1.0,2.713,0.532,1.0,0.966,0.0056,0.9
0.0004322038271296013,0.30553895935876557,0.46228421595886765,1.0,2.713,0.532,1.0,0.966,0.0056,0.9
0.0008212888288058266,0.3150079131863007,0.4626231289679602,1.0,2.713,0.532,1.0,0.966,0.0056,0.9
0.0005090767998508595,0.33050204032798913,0.4629487295289496,1.0,2.713,0.532,1.0,0.966,0.0056,0.9
0.0005295611978137813,0.34021034962405905,0.46314114473634405,1.0,2.713,0.532,1.0,0.966,0.0056,0.9
0.0002007110543403887,0.33287676206330896,0.46296538930397063,1.0,2.713,0.532,1.0,0.966,0.0056,0.9
8.966250359047649e-5,0.3163532186590664,0.46256403949311914,1.0,2.713,0.532,1.0,0.966,0.0056,0.9
0.000787751161548776,0.3531053727812352,0.4633387845921191,1.0,2.713,0.532,1.0,0.966,0.0056,0.9
0.0005666062609937636,0.3251629644162346,0.46283874078139087,1.0,2.713,0.532,1.0,0.966,0.0056,0.9
0.000750385125283389,0.31493483128302846,0.4626163488019007,1.0,2.713,0.532,1.0,0.966,0.0056,0.9
0.0007667124466577174,0.30483444404757976,0.4623591923874947,1.0,2.713,0.532,1.0,0.966,0.0056,0.9
0.0009446575519204658,0.2947536529640625,0.4620348186001864,1.0,2.713,0.532,1.0,0.966,0.0056,0.9
0.0001655537814449493,0.3155887191155464,0.46256844357986693,1.0,2.713,0.532,1.0,0.966,0.0056,0.9
0.0005965243506332046,0.31908607482910156,0.4625335693359375,1.0,2.713,0.532,1.0,0.966,0.0056,0.9
1.0083345803794366,0.0,0.4590745545287429,1.0,2.713,0.532,1.0,0.966,0.0056,0.9
0.0005825526430865626,0.3066481589297737,0.4622762191318206,1.0,2.713,0.532,1.0,0.966,0.0056,0.9
2.4644996063982183e-5,0.3216261832028904,0.46268587106390124,1.0,2.713,0.532,1.0,0.966,0.0056,0.9
0.0005125283117717868,0.3028416504728124,0.46223685225779765,1.0,2.713,0.532,1.0,0.966,0.0056,0.9
0.0001702211187075674,0.3136000673229899,0.46247433414936745,1.0,2.713,0.532,1.0,0.966,0.0056,0.9
0.0005610969234843116,0.3278104483939986,0.46289583914639076,1.0,2.713,0.532,1.0,0.966,0.0056,0.9
0.0008339533855073974,0.3438793266005375,0.46323365019135354,1.0,2.713,0.532,1.0,0.966,0.0056,0.9
8.333693269040675e-6,0.32698408083738373,0.4627852854710428,1.0,2.713,0.532,1.0,0.966,0.0056,0.9
0.0007620864811374604,0.3225373829378453,0.46279402195750363,1.0,2.713,0.532,1.0,0.966,0.0056,0.9
0.00038459833806293533,0.31830716498936423,0.46266653472560937,1.0,2.713,0.532,1.0,0.966,0.0056,0.9
1.0083310949014903,0.0,0.4590750214523104,1.0,2.713,0.532,1.0,0.966,0.0056,0.9
0.0004952073147378341,0.3474585604510595,0.4632427259740648,1.0,2.713,0.532,1.0,0.966,0.0056,0.9
0.00040830699465557843,0.3455383019239362,0.46318664961115774,1.0,2.713,0.532,1.0,0.966,0.0056,0.9
0.0009421152005598829,0.30430506429533577,0.4621940956494156,1.0,2.713,0.532,1.0,0.966,0.0056,0.9
0.00011184017061100064,0.32823483852170743,0.4627857646415181,1.0,2.713,0.532,1.0,0.966,0.0056,0.9
0.0007773257506778185,0.299944563191461,0.46221712749305155,1.0,2.713,0.532,1.0,0.966,0.0056,0.9
0.0004783631293936595,0.3194845702711371,0.46270301122229696,1.0,2.713,0.532,1.0,0.966,0.0056,0.9
0.000524212944050988,0.3026839756569526,0.46222894705342576,1.0,2.713,0.532,1.0,0.966,0.0056,0.9
0.0008374666561169723,0.33343709281413375,0.46303235475530324,1.0,2.713,0.532,1.0,0.966,0.0056,0.9
0.00046453844034591714,0.31718037851396386,0.4625033403164085,1.0,2.713,0.532,1.0,0.966,0.0056,0.9
0.0009477023788904985,0.29688751346819164,0.46214542611076614,1.0,2.713,0.532,1.0,0.966,0.0056,0.9
0.00033490029860193437,0.307519255907877,0.46233994056635097,1.0,2.713,0.532,1.0,0.966,0.0056,0.9
0.000859279896337422,0.3041134857791683,0.46219753197524327,1.0,2.713,0.532,1.0,0.966,0.0056,0.9
0.0006289840914144452,0.32444889576089153,0.46282755033042383,1.0,2.713,0.532,1.0,0.966,0.0056,0.9
0.0004386376082442268,0.3461323013733376,0.46321577511606815,1.0,2.713,0.532,1.0,0.966,0.0056,0.9
0.0005089744994569065,0.30591277084815566,0.4623571921099038,1.0,2.713,0.532,1.0,0.966,0.0056,0.9
0.00046017325580353696,0.31729265954115615,0.4625061349468964,1.0,2.713,0.532,1.0,0.966,0.0056,0.9
0.0007484723749039686,0.3520931604434895,0.46334744546539575,1.0,2.713,0.532,1.0,0.966,0.0056,0.9
0.0006857220949819308,0.309201939012392,0.4624680120153494,1.0,2.713,0.532,1.0,0.966,0.0056,0.9
8.828510431475381e-5,0.3320831393771868,0.46292952194433434,1.0,2.713,0.532,1.0,0.966,0.0056,0.9
0.0003725419576513214,0.3094355333589629,0.46235791822159056,1.0,2.713,0.532,1.0,0.966,0.0056,0.9
1.0083314873180433,0.0,0.4590749686764537,1.0,2.713,0.532,1.0,0.966,0.0056,0.9
0.0008952458322818969,0.35474597974600675,0.46339973358722975,1.0,2.713,0.532,1.0,0.966,0.0056,0.9
0.0008012324144758222,0.2979071615063218,0.4621513969668587,1.0,2.713,0.532,1.0,0.966,0.0056,0.9
0.000797919770221624,0.29708294850397304,0.4621039703042439,1.0,2.713,0.532,1.0,0.966,0.0056,0.9
0.0007244056251142391,0.3216941583501458,0.4627724838583056,1.0,2.713,0.532,1.0,0.966,0.0056,0.9
0.00026591795635253136,0.315572318826155,0.4625854663281162,1.0,2.713,0.532,1.0,0.966,0.0056,0.9
0.0008067741093791561,0.328288615413741,0.46292289049895574,1.0,2.713,0.532,1.0,0.966,0.0056,0.9
0.0004672709608268842,0.30671637048877154,0.4622940373953177,1.0,2.713,0.532,1.0,0.966,0.0056,0.9
0.0008113596448112144,0.30936710101892717,0.46248291458118707,1.0,2.713,0.532,1.0,0.966,0.0056,0.9
0.0001754280091883199,0.3374947747343704,0.46304221567806514,1.0,2.713,0.532,1.0,0.966,0.0056,0.9
9.396817170270242e-5,0.3159841238058199,0.4625427533800311,1.0,2.713,0.532,1.0,0.966,0.0056,0.9
1.0083356195602808,0.0,0.4590744159600983,1.0,2.713,0.532,1.0,0.966,0.0056,0.9
0.0001274912017831996,0.31473409033803557,0.46250774821686313,1.0,2.713,0.532,1.0,0.966,0.0056,0.9
0.0009183958620123358,0.29507652888811653,0.46204728308048887,1.0,2.713,0.532,1.0,0.966,0.0056,0.9
0.0004812166309680759,0.3223030249789944,0.46276814265135635,1.0,2.713,0.532,1.0,0.966,0.0056,0.9
0.0006610537899929486,0.31037060874419675,0.4624959271249871,1.0,2.713,0.532,1.0,0.966,0.0056,0.9
0.0007184436737123061,0.31393287475225545,0.4625896556159178,1.0,2.713,0.532,1.0,0.966,0.0056,0.9
0.0008296579281183818,0.3537761801121812,0.46337693091026466,1.0,2.713,0.532,1.0,0.966,0.0056,0.9
0.0005729751801267284,0.30479870070335713,0.4623343189267375,1.0,2.713,0.532,1.0,0.966,0.0056,0.9
0.0009389457139136267,0.3327323599762566,0.46302408396469935,1.0,2.713,0.532,1.0,0.966,0.0056,0.9
0.0008479417768988443,0.2963536229418702,0.46207569011961225,1.0,2.713,0.532,1.0,0.966,0.0056,0.9
0.0006688101416027159,0.3057665030988008,0.4622492511053491,1.0,2.713,0.532,1.0,0.966,0.0056,0.9
0.00026635084559392994,0.31838275104662817,0.46265528224703245,1.0,2.713,0.532,1.0,0.966,0.0056,0.9
0.0005469487739853794,0.30662647367437945,0.4623835478353326,1.0,2.713,0.532,1.0,0.966,0.0056,0.9
0.0009098892977125627,0.2962550853226722,0.46211598364805817,1.0,2.713,0.532,1.0,0.966,0.0056,0.9
0.00011326255983913356,0.32213334504904534,0.4626506305879919,1.0,2.713,0.532,1.0,0.966,0.0056,0.9
0.0004132595382793468,0.3067089481538656,0.46236288536162573,1.0,2.713,0.532,1.0,0.966,0.0056,0.9
0.00043595620567118466,0.3134116698991892,0.4624270872243884,1.0,2.713,0.532,1.0,0.966,0.0056,0.9
1.0083335953519308,0.0,0.45907468611525404,1.0,2.713,0.532,1.0,0.966,0.0056,0.9
0.00037977914376190186,0.3428856947091515,0.46310767111776496,1.0,2.713,0.532,1.0,0.966,0.0056,0.9
0.0005213165555669774,0.3026048366470492,0.4622341485506356,1.0,2.713,0.532,1.0,0.966,0.0056,0.9
0.00047397662950818953,0.3037456833594619,0.462257284540347,1.0,2.713,0.532,1.0,0.966,0.0056,0.9
0.0003763135199202727,0.3173097959988809,0.46251459121704097,1.0,2.713,0.532,1.0,0.966,0.0056,0.9
0.00045931071793048887,0.3168985059598167,0.4624978068088471,1.0,2.713,0.532,1.0,0.966,0.0056,0.9
1.0083276382058433,0.0,0.4590754909087692,1.0,2.713,0.532,1.0,0.966,0.0056,0.9
0.0006523112650861808,0.3057651801599232,0.462372531001798,1.0,2.713,0.532,1.0,0.966,0.0056,0.9
0.0002445635860704044,0.32563420002511656,0.46281997417396514,1.0,2.713,0.532,1.0,0.966,0.0056,0.9
0.0005965015843072331,0.32367330443400966,0.46280795818573106,1.0,2.713,0.532,1.0,0.966,0.0056,0.9
0.0008343409668348765,0.33070622861834775,0.46297572475130133,1.0,2.713,0.532,1.0,0.966,0.0056,0.9
0.0006514688424603613,0.31463219738821824,0.4624331868459385,1.0,2.713,0.532,1.0,0.966,0.0056,0.9
0.0007314835718508631,0.29830586101158985,0.46213426184554596,1.0,2.713,0.532,1.0,0.966,0.0056,0.9
1.8273645083426454e-5,0.32843609377186433,0.46283743909186204,1.0,2.713,0.532,1.0,0.966,0.0056,0.9
1.008328267793301,0.0,0.45907540435594896,1.0,2.713,0.532,1.0,0.966,0.0056,0.9
0.0008327871180532119,0.2975167140590814,0.4620861072876017,1.0,2.713,0.532,1.0,0.966,0.0056,0.9
0.00012419483360037693,0.3360767034311477,0.46297953458544966,1.0,2.713,0.532,1.0,0.966,0.0056,0.9
0.0005222029631613956,0.3134111912790076,0.46256016042462467,1.0,2.713,0.532,1.0,0.966,0.0056,0.9
0.0007825488443715235,0.30888778667327976,0.46246828987357136,1.0,2.713,0.532,1.0,0.966,0.0056,0.9
0.0005054487473187238,0.3204507347158705,0.4627277469593042,1.0,2.713,0.532,1.0,0.966,0.0056,0.9
0.00022513805530994298,0.3153520373012466,0.46257355099244574,1.0,2.713,0.532,1.0,0.966,0.0056,0.9
1.0083300046753298,0.0,0.4590751684551655,1.0,2.713,0.532,1.0,0.966,0.0056,0.9
0.0007488004276522116,0.2980059014343507,0.46212282144264905,1.0,2.713,0.532,1.0,0.966,0.0056,0.9
0.0004619048328607197,0.32582167518497573,0.4628449431182762,1.0,2.713,0.532,1.0,0.966,0.0056,0.9
0.0007550213490709902,0.30318358447408245,0.46231162052278596,1.0,2.713,0.532,1.0,0.966,0.0056,0.9
0.0007445621513638097,0.29868200080049023,0.46212158707580797,1.0,2.713,0.532,1.0,0.966,0.0056,0.9
0.00030299860828265267,0.3093366328121665,0.46241885403367233,1.0,2.713,0.532,1.0,0.966,0.0056,0.9
0.0006675628972003973,0.3222419991327059,0.4627809492589624,1.0,2.713,0.532,1.0,0.966,0.0056,0.9
0.0009373706366468143,0.29683595929712014,0.46214197907395055,1.0,2.713,0.532,1.0,0.966,0.0056,0.9
0.0005450548774280578,0.30996299513320075,0.46247407140633434,1.0,2.713,0.532,1.0,0.966,0.0056,0.9
0.0008312778184847769,0.3514530431416243,0.4632760397649419,1.0,2.713,0.532,1.0,0.966,0.0056,0.9
0.0002761588892152765,0.30978765729923907,0.46242532730102653,1.0,2.713,0.532,1.0,0.966,0.0056,0.9
0.0008525012542229292,0.298352830809273,0.4620932061325053,1.0,2.713,0.532,1.0,0.966,0.0056,0.9
0.0008730030096778588,0.3025891337201714,0.4621662182016689,1.0,2.713,0.532,1.0,0.966,0.0056,0.9
0.000923905461029817,0.2966054374373752,0.4621316402959623,1.0,2.713,0.532,1.0,0.966,0.0056,0.9
0.0006364299813183863,0.32552134706511127,0.4628516993056301,1.0,2.713,0.532,1.0,0.966,0.0056,0.9
0.00010014031485034981,0.319629017485884,0.4626014887473188,1.0,2.713,0.532,1.0,0.966,0.0056,0.9
0.0009197990222341682,0.29688422110974816,0.4621405108481166,1.0,2.713,0.532,1.0,0.966,0.0056,0.9
0.00022140292185716013,0.3141502719285293,0.4624711858884847,1.0,2.713,0.532,1.0,0.966,0.0056,0.9
0.00045088566440113246,0.30984756971332084,0.46235407979550913,1.0,2.713,0.532,1.0,0.966,0.0056,0.9
0.000731434324849212,0.3434597296958477,0.4632179019756431,1.0,2.713,0.532,1.0,0.966,0.0056,0.9
0.0007205820421211319,0.3388817781035668,0.4631322836622761,1.0,2.713,0.532,1.0,0.966,0.0056,0.9
0.0005153381195631923,0.3038563557799371,0.462293115755547,1.0,2.713,0.532,1.0,0.966,0.0056,0.9
0.00013360477916265763,0.31467254088420066,0.46250386717985636,1.0,2.713,0.532,1.0,0.966,0.0056,0.9
0.0005705982305094435,0.30805614435648904,0.4623048052780174,1.0,2.713,0.532,1.0,0.966,0.0056,0.9
0.0006697004588255418,0.32209017524702366,0.4627776699385707,1.0,2.713,0.532,1.0,0.966,0.0056,0.9
0.0006355513214579879,0.3209890032900695,0.462750193983171,1.0,2.713,0.532,1.0,0.966,0.0056,0.9
0.00040182752100557885,0.3431331896999523,0.4631104599828154,1.0,2.713,0.532,1.0,0.966,0.0056,0.9
0.0006923568299238129,0.3052967730720101,0.4622375709643776,1.0,2.713,0.532,1.0,0.966,0.0056,0.9
3.0265255516924065e-5,0.32998346866948813,0.46287171042812875,1.0,2.713,0.532,1.0,0.966,0.0056,0.9
0.00012390896203862654,0.3168163198644345,0.46254192018979423,1.0,2.713,0.532,1.0,0.966,0.0056,0.9
0.00012760820339580777,0.3142709824853844,0.4625100059136955,1.0,2.713,0.532,1.0,0.966,0.0056,0.9
0.0006783127623812609,0.3511432926824475,0.4633206383314827,1.0,2.713,0.532,1.0,0.966,0.0056,0.9
1.0083284641403798,0.0,0.45907537753026756,1.0,2.713,0.532,1.0,0.966,0.0056,0.9
0.0006905718074803052,0.299095993322422,0.4621507734304281,1.0,2.713,0.532,1.0,0.966,0.0056,0.9
0.0008891712969268402,0.29606703611540475,0.46210275118486666,1.0,2.713,0.532,1.0,0.966,0.0056,0.9
4.757573191874647e-5,0.31870942662658897,0.4626079380253728,1.0,2.713,0.532,1.0,0.966,0.0056,0.9
0.0008081043030289594,0.2971466405122992,0.4620922626353682,1.0,2.713,0.532,1.0,0.966,0.0056,0.9
0.00010041953660584577,0.32819228214622975,0.46285495257222997,1.0,2.713,0.532,1.0,0.966,0.0056,0.9
0.0006423120319586305,0.3000760336336028,0.46217164312983516,1.0,2.713,0.532,1.0,0.966,0.0056,0.9
6.809881755950046e-6,0.3273001532356763,0.4627942075282103,1.0,2.713,0.532,1.0,0.966,0.0056,0.9
0.0005452036519703036,0.33548909758530565,0.46305277292538277,1.0,2.713,0.532,1.0,0.966,0.0056,0.9
6.545013844444753e-5,0.3330240851572679,0.46291528156730155,1.0,2.713,0.532,1.0,0.966,0.0056,0.9
0.0005233737205009017,0.30616971176430585,0.46236705444611714,1.0,2.713,0.532,1.0,0.966,0.0056,0.9
0.00020735081880211798,0.3343779197685446,0.462916177840084,1.0,2.713,0.532,1.0,0.966,0.0056,0.9
0.0002545494237162324,0.34025450689685766,0.46306075934716806,1.0,2.713,0.532,1.0,0.966,0.0056,0.9
0.0002678066642626244,0.3168432085633315,0.462617694289576,1.0,2.713,0.532,1.0,0.966,0.0056,0.9
0.0009092841046457474,0.3034558134057197,0.46217984303852344,1.0,2.713,0.532,1.0,0.966,0.0056,0.9
0.000613729998817018,0.32374393654370726,0.4626348238709648,1.0,2.713,0.532,1.0,0.966,0.0056,0.9
0.000743439406090066,0.2993107386019646,0.4621280386564227,1.0,2.713,0.532,1.0,0.966,0.0056,0.9
0.000946114548005407,0.30139451453325394,0.4621358087019778,1.0,2.713,0.532,1.0,0.966,0.0056,0.9
0.00029314282147218474,0.3341846320290415,0.4630027945240467,1.0,2.713,0.532,1.0,0.966,0.0056,0.9
0.0009527425540536093,0.307973908564122,0.46226932315641805,1.0,2.713,0.532,1.0,0.966,0.0056,0.9
0.00030956744828011785,0.31138378090868907,0.46248098119889525,1.0,2.713,0.532,1.0,0.966,0.0056,0.9
3.087968716025895e-5,0.32146926687046457,0.4626850244360676,1.0,2.713,0.532,1.0,0.966,0.0056,0.9
0.0004991445420320771,0.3055424036019926,0.46234427448942694,1.0,2.713,0.532,1.0,0.966,0.0056,0.9
0.0006522007221273213,0.30147600740788294,0.46224401875692067,1.0,2.713,0.532,1.0,0.966,0.0056,0.9
1.0083275145931725,0.0,0.45907550807817077,1.0,2.713,0.532,1.0,0.966,0.0056,0.9
0.00039427993402707946,0.3159122742122498,0.46260948122436674,1.0,2.713,0.532,1.0,0.966,0.0056,0.9
0.00035069640979436864,0.32658048784899313,0.46285163464438117,1.0,2.713,0.532,1.0,0.966,0.0056,0.9
0.00018945645222373194,0.3146642456228222,0.4625484715821755,1.0,2.713,0.532,1.0,0.966,0.0056,0.9
0.00038610392177025393,0.34165366895038285,0.4630732886998081,1.0,2.713,0.532,1.0,0.966,0.0056,0.9
0.0006832685691342049,0.30487456448105055,0.46235122117348026,1.0,2.713,0.532,1.0,0.966,0.0056,0.9
0.0008934015471501995,0.3225591611851797,0.46280278989365337,1.0,2.713,0.532,1.0,0.966,0.0056,0.9
0.0009922689473209135,0.3494525725632811,0.4633425689494078,1.0,2.713,0.532,1.0,0.966,0.0056,0.9
0.0006153939521415706,0.3041325141933694,0.4622256687679681,1.0,2.713,0.532,1.0,0.966,0.0056,0.9
0.0009065272559305832,0.29521007879628924,0.4620642989049314,1.0,2.713,0.532,1.0,0.966,0.0056,0.9
0.000291090510233779,0.3351917780665784,0.46302192253070185,1.0,2.713,0.532,1.0,0.966,0.0056,0.9
0.0006088586888139769,0.33342766099209764,0.46301654750862475,1.0,2.713,0.532,1.0,0.966,0.0056,0.9
0.0005250127047907522,0.3136225529247494,0.4625657091728963,1.0,2.713,0.532,1.0,0.966,0.0056,0.9
0.0006469431651640995,0.30062898490365464,0.4621680639927145,1.0,2.713,0.532,1.0,0.966,0.0056,0.9
0.0002993836426898307,0.34117566380357345,0.46307620633198154,1.0,2.713,0.532,1.0,0.966,0.0056,0.9
1.0083277048969685,0.0,0.45907548168265067,1.0,2.713,0.532,1.0,0.966,0.0056,0.9
0.00045521885434359654,0.3220708865114804,0.4626101341074128,1.0,2.713,0.532,1.0,0.966,0.0056,0.9
0.00033524349452285,0.31469273954595167,0.4624648048561028,1.0,2.713,0.532,1.0,0.966,0.0056,0.9
0.00014005729070250245,0.3336299263327104,0.4629695288854464,1.0,2.713,0.532,1.0,0.966,0.0056,0.9
0.0007291820289837624,0.3504161110053394,0.4633279672623711,1.0,2.713,0.532,1.0,0.966,0.0056,0.9
0.0005132408938335518,0.3034441820907319,0.4622365215004236,1.0,2.713,0.532,1.0,0.966,0.0056,0.9
0.0005154281556162742,0.3189344181587732,0.46253669267628783,1.0,2.713,0.532,1.0,0.966,0.0056,0.9
0.0005468091099153808,0.3024897470392034,0.46225159466266863,1.0,2.713,0.532,1.0,0.966,0.0056,0.9
0.0006960601843077657,0.30054495392496877,0.4622217362316441,1.0,2.713,0.532,1.0,0.966,0.0056,0.9
0.0009675386415750338,0.29482644019358506,0.4620259565727505,1.0,2.713,0.532,1.0,0.966,0.0056,0.9
3.3457572856527488e-6,0.32721191966010754,0.4628023296484389,1.0,2.713,0.532,1.0,0.966,0.0056,0.9
0.0009313241202178379,0.2974421124322769,0.46206634165985444,1.0,2.713,0.532,1.0,0.966,0.0056,0.9
0.00012391152692550704,0.3365756404078242,0.4630081393606039,1.0,2.713,0.532,1.0,0.966,0.0056,0.9
0.000800953445620423,0.2970342641781702,0.4621061456672805,1.0,2.713,0.532,1.0,0.966,0.0056,0.9
0.0008654465227353566,0.29896955330778174,0.46219990486765894,1.0,2.713,0.532,1.0,0.966,0.0056,0.9
0.0004718544618904355,0.30426031425991995,0.46225829157833254,1.0,2.713,0.532,1.0,0.966,0.0056,0.9
0.0002966456046418405,0.31403932790155703,0.4625503593395278,1.0,2.713,0.532,1.0,0.966,0.0056,0.9
1.0083275514153982,0.0,0.45907550295198074,1.0,2.713,0.532,1.0,0.966,0.0056,0.9
0.00019898733713833323,0.3252608260762915,0.462806286452507,1.0,2.713,0.532,1.0,0.966,0.0056,0.9
0.0005010050924313723,0.30318649319503876,0.4622601521160891,1.0,2.713,0.532,1.0,0.966,0.0056,0.9
0.00043753177859747134,0.3285859552605823,0.4629025069997488,1.0,2.713,0.532,1.0,0.966,0.0056,0.9
0.00020868001851722737,0.31622337589295,0.4625933794562442,1.0,2.713,0.532,1.0,0.966,0.0056,0.9
0.000696903382324843,0.3121011758614981,0.4625427383989506,1.0,2.713,0.532,1.0,0.966,0.0056,0.9
0.0008040118823580003,0.35134096320573505,0.46335117713332824,1.0,2.713,0.532,1.0,0.966,0.0056,0.9
0.0008810961678193967,0.29744487550515186,0.46207487518899604,1.0,2.713,0.532,1.0,0.966,0.0056,0.9
0.0002546594872977356,0.31514829303836156,0.462572942510486,1.0,2.713,0.532,1.0,0.966,0.0056,0.9
0.0002225515074602728,0.3247164346524637,0.4627971062642582,1.0,2.713,0.532,1.0,0.966,0.0056,0.9
0.0006476469764532205,0.30012759324482996,0.46216621639333405,1.0,2.713,0.532,1.0,0.966,0.0056,0.9
0.00046934520975174736,0.30825992855861417,0.46241879523925267,1.0,2.713,0.532,1.0,0.966,0.0056,0.9
0.00035878091860995194,0.3098522838233307,0.46236774843136186,1.0,2.713,0.532,1.0,0.966,0.0056,0.9
0.0003769105379384791,0.3061149378907857,0.46232528031422027,1.0,2.713,0.532,1.0,0.966,0.0056,0.9
0.0009041252788934522,0.31219799457127007,0.46256057900046815,1.0,2.713,0.532,1.0,0.966,0.0056,0.9
0.00014046227344039638,0.3310663020783674,0.462920500911856,1.0,2.713,0.532,1.0,0.966,0.0056,0.9
0.0008163032425326786,0.33491470092052056,0.46287413319144866,1.0,2.713,0.532,1.0,0.966,0.0056,0.9
0.0005663990009871219,0.30189225905582306,0.462206443594391,1.0,2.713,0.532,1.0,0.966,0.0056,0.9
0.0005055736728190063,0.3391341734517513,0.4631190582449679,1.0,2.713,0.532,1.0,0.966,0.0056,0.9
0.0005564892139326344,0.3019990053651665,0.46223350608142677,1.0,2.713,0.532,1.0,0.966,0.0056,0.9
0.00014596941309997813,0.3247966548661759,0.46270312801884445,1.0,2.713,0.532,1.0,0.966,0.0056,0.9
0.0007387568978760649,0.30020204388668886,0.462141114262577,1.0,2.713,0.532,1.0,0.966,0.0056,0.9
0.0004116269629772277,0.3439053667238212,0.46318730170838274,1.0,2.713,0.532,1.0,0.966,0.0056,0.9
0.0008558418308456564,0.3123099684179036,0.4625599618424239,1.0,2.713,0.532,1.0,0.966,0.0056,0.9
0.00041125771568145084,0.33575675273597494,0.4629249496593715,1.0,2.713,0.532,1.0,0.966,0.0056,0.9
0.0008951216054431124,0.3324919399481918,0.46301652015495254,1.0,2.713,0.532,1.0,0.966,0.0056,0.9
8.053166948995851e-6,0.3239782146692137,0.46271941505054737,1.0,2.713,0.532,1.0,0.966,0.0056,0.9
0.0008617249164083265,0.30154439341110806,0.4622766800223953,1.0,2.713,0.532,1.0,0.966,0.0056,0.9
0.0008841655228981751,0.2991793839998303,0.46210189394978246,1.0,2.713,0.532,1.0,0.966,0.0056,0.9
0.0009640647683616865,0.3169524740041247,0.46267853054765906,1.0,2.713,0.532,1.0,0.966,0.0056,0.9
0.00041977310118495833,0.3367390814631529,0.46306565520983134,1.0,2.713,0.532,1.0,0.966,0.0056,0.9
0.0005278758345022355,0.3476303781144302,0.4632176545096369,1.0,2.713,0.532,1.0,0.966,0.0056,0.9
0.0009848856450371214,0.31810808181762695,0.46270675659179694,1.0,2.713,0.532,1.0,0.966,0.0056,0.9
0.0008163060472520666,0.3245568229433225,0.46263950819509286,1.0,2.713,0.532,1.0,0.966,0.0056,0.9
0.0004786186338836848,0.30800196471283714,0.46241287617381693,1.0,2.713,0.532,1.0,0.966,0.0056,0.9
0.0008568467502822483,0.30128288595323405,0.46214306225496776,1.0,2.713,0.532,1.0,0.966,0.0056,0.9
0.0006762152807991171,0.29978130348774784,0.4621523816578308,1.0,2.713,0.532,1.0,0.966,0.0056,0.9
0.0009725586426216903,0.2982377530364627,0.46219168492215434,1.0,2.713,0.532,1.0,0.966,0.0056,0.9
0.00041835176806887523,0.3054144417100271,0.462318532587934,1.0,2.713,0.532,1.0,0.966,0.0056,0.9
0.0005896666175720889,0.3347208339452603,0.4628853877668081,1.0,2.713,0.532,1.0,0.966,0.0056,0.9
0.00011909028825247914,0.3278705505353505,0.4628514234350988,1.0,2.713,0.532,1.0,0.966,0.0056,0.9
3.5787563748219176e-5,0.33136541522677676,0.4628848132769039,1.0,2.713,0.532,1.0,0.966,0.0056,0.9
0.00040287822522748284,0.34073341668730717,0.46313631512408104,1.0,2.713,0.532,1.0,0.966,0.0056,0.9
0.0005917014426300857,0.32997177345910966,0.462943977126554,1.0,2.713,0.532,1.0,0.966,0.0056,0.9
0.0006929000480018564,0.29908533970132006,0.46214741476753757,1.0,2.713,0.532,1.0,0.966,0.0056,0.9
0.00021417912174820253,0.3294249333815876,0.46279840024571656,1.0,2.713,0.532,1.0,0.966,0.0056,0.9
0.0004144348502537184,0.344681938559219,0.46319753216032505,1.0,2.713,0.532,1.0,0.966,0.0056,0.9
0.0001347205983545913,0.3150928372664793,0.46254578617657094,1.0,2.713,0.532,1.0,0.966,0.0056,0.9
0.0005542785362764839,0.31088995197385705,0.4623632865734464,1.0,2.713,0.532,1.0,0.966,0.0056,0.9
0.00015599936597082342,0.3364619579819388,0.4629795394622017,1.0,2.713,0.532,1.0,0.966,0.0056,0.9
0.0008759410088157962,0.35337875881818037,0.46338630671225023,1.0,2.713,0.532,1.0,0.966,0.0056,0.9
0.000266407424227641,0.31227623804428095,0.4624979638125999,1.0,2.713,0.532,1.0,0.966,0.0056,0.9
0.0008908647411116435,0.35412262769472896,0.4633465540101356,1.0,2.713,0.532,1.0,0.966,0.0056,0.9
4.729883204113793e-6,0.32387277071768655,0.46273002558904613,1.0,2.713,0.532,1.0,0.966,0.0056,0.9
0.00022576914877596668,0.32836368342047795,0.46277273687062426,1.0,2.713,0.532,1.0,0.966,0.0056,0.9
0.000288942441264973,0.3211599609792922,0.4627237575499594,1.0,2.713,0.532,1.0,0.966,0.0056,0.9
0.000858709925937275,0.31290929367399306,0.46257486902252526,1.0,2.713,0.532,1.0,0.966,0.0056,0.9
1.0083333209275664,0.0,0.45907472282050155,1.0,2.713,0.532,1.0,0.966,0.0056,0.9
0.0005039475600709297,0.3031510387988532,0.4622603177448279,1.0,2.713,0.532,1.0,0.966,0.0056,0.9
0.00020597004067955186,0.3381681351742035,0.46301370299071276,1.0,2.713,0.532,1.0,0.966,0.0056,0.9
0.0003205348742227977,0.3092599819694244,0.4623655210444342,1.0,2.713,0.532,1.0,0.966,0.0056,0.9
0.0008822295698143054,0.29609482295943745,0.46206048448008064,1.0,2.713,0.532,1.0,0.966,0.0056,0.9
0.0008948944641562444,0.3507100289769999,0.4633535103513523,1.0,2.713,0.532,1.0,0.966,0.0056,0.9
0.0001337314852346378,0.31517743166686785,0.46254798873845937,1.0,2.713,0.532,1.0,0.966,0.0056,0.9
0.000435414561536731,0.32788383767308604,0.46274119957332227,1.0,2.713,0.532,1.0,0.966,0.0056,0.9
0.0005072973550082911,0.3082730144417597,0.4623165910494342,1.0,2.713,0.532,1.0,0.966,0.0056,0.9
0.0009658855873644077,0.30011787579303045,0.46224672736990213,1.0,2.713,0.532,1.0,0.966,0.0056,0.9
0.00013873855485864122,0.31945281260972336,0.46266267158731256,1.0,2.713,0.532,1.0,0.966,0.0056,0.9
0.0008762848646387283,0.34061614089058856,0.4631763057363552,1.0,2.713,0.532,1.0,0.966,0.0056,0.9
0.0009123633688447026,0.31978592426307306,0.4625277141433566,1.0,2.713,0.532,1.0,0.966,0.0056,0.9
0.0009413067816872691,0.2994946604238993,0.4621004267710674,1.0,2.713,0.532,1.0,0.966,0.0056,0.9
0.000685716495433167,0.3063738230795414,0.46225930212916877,1.0,2.713,0.532,1.0,0.966,0.0056,0.9
0.000850199049581078,0.2964420526076067,0.46210497357054864,1.0,2.713,0.532,1.0,0.966,0.0056,0.9
0.0001948308687377489,0.31783126748538043,0.4625478859188492,1.0,2.713,0.532,1.0,0.966,0.0056,0.9
1.008327463910933,0.0,0.4590755151576027,1.0,2.713,0.532,1.0,0.966,0.0056,0.9
0.0007885621178837383,0.30072344864256545,0.4622432432000672,1.0,2.713,0.532,1.0,0.966,0.0056,0.9
0.00045912160087434485,0.32835321185589317,0.46289937740985715,1.0,2.713,0.532,1.0,0.966,0.0056,0.9
1.0083291751897705,0.0,0.45907528077554693,1.0,2.713,0.532,1.0,0.966,0.0056,0.9
4.035054641815733e-5,0.3192921321386595,0.46262568694732287,1.0,2.713,0.532,1.0,0.966,0.0056,0.9
0.0004884589865251064,0.31144980194623595,0.46250680121327303,1.0,2.713,0.532,1.0,0.966,0.0056,0.9
0.0007779854181544162,0.33891511825853304,0.4629694994032876,1.0,2.713,0.532,1.0,0.966,0.0056,0.9
0.0009521819274200753,0.3119682290151839,0.4625581927061402,1.0,2.713,0.532,1.0,0.966,0.0056,0.9
0.0006063895242377492,0.3037775887913511,0.4623089019067602,1.0,2.713,0.532,1.0,0.966,0.0056,0.9
0.0009212718292105016,0.3084036765716379,0.46246676474002,1.0,2.713,0.532,1.0,0.966,0.0056,0.9
0.0004899155521589542,0.3033304673432644,0.4622499761851043,1.0,2.713,0.532,1.0,0.966,0.0056,0.9
0.0009513543053726526,0.2965396608667361,0.46213439067986606,1.0,2.713,0.532,1.0,0.966,0.0056,0.9
0.0007613709323520846,0.30972805465195785,0.46248808881228076,1.0,2.713,0.532,1.0,0.966,0.0056,0.9
0.0008398397438455891,0.29780656753430756,0.4620879152037505,1.0,2.713,0.532,1.0,0.966,0.0056,0.9
0.00021953132046380935,0.31984097762893415,0.46268438324183064,1.0,2.713,0.532,1.0,0.966,0.0056,0.9
0.00046319945079797666,0.31339422429097874,0.46242387283910846,1.0,2.713,0.532,1.0,0.966,0.0056,0.9
0.0005516072389459132,0.31994244921952486,0.4627197265625001,1.0,2.713,0.532,1.0,0.966,0.0056,0.9
0.0007918778890658039,0.29724480078799653,0.46211541795865185,1.0,2.713,0.532,1.0,0.966,0.0056,0.9
4.429773267135687e-5,0.326783564868085,0.4627666929931089,1.0,2.713,0.532,1.0,0.966,0.0056,0.9
0.0007415165985249653,0.30139694865573285,0.46225706320671456,1.0,2.713,0.532,1.0,0.966,0.0056,0.9
0.00034933366202771976,0.3072027675854284,0.46233095616534425,1.0,2.713,0.532,1.0,0.966,0.0056,0.9
0.00029556711560541527,0.3148434743346926,0.46257097051165036,1.0,2.713,0.532,1.0,0.966,0.0056,0.9
0.0008240712110831093,0.32752463830859063,0.4629075932003838,1.0,2.713,0.532,1.0,0.966,0.0056,0.9
0.0007043467889134153,0.31571523215913866,0.46263173549050124,1.0,2.713,0.532,1.0,0.966,0.0056,0.9
0.0002964204394358697,0.329901311693394,0.46291685520868453,1.0,2.713,0.532,1.0,0.966,0.0056,0.9
0.000596423952032281,0.30143726976221225,0.4622270544146743,1.0,2.713,0.532,1.0,0.966,0.0056,0.9
0.0005124057665260042,0.30690142948267124,0.4622902349528953,1.0,2.713,0.532,1.0,0.966,0.0056,0.9
0.0004548000883482519,0.31808271879263206,0.46266787279382016,1.0,2.713,0.532,1.0,0.966,0.0056,0.9
0.0009432937356348521,0.29589028502338593,0.46211001656905404,1.0,2.713,0.532,1.0,0.966,0.0056,0.9
0.0005373539775177045,0.30354717626145117,0.46228808711227654,1.0,2.713,0.532,1.0,0.966,0.0056,0.9
0.0004185850567861547,0.310824425515132,0.462482070954472,1.0,2.713,0.532,1.0,0.966,0.0056,0.9
0.0002909418020491625,0.3105099577977626,0.4623924533360354,1.0,2.713,0.532,1.0,0.966,0.0056,0.9
0.0009065687040719551,0.3243751947640071,0.46263002692342803,1.0,2.713,0.532,1.0,0.966,0.0056,0.9
0.0007509640105280464,0.30561871319011946,0.4623790562875705,1.0,2.713,0.532,1.0,0.966,0.0056,0.9
0.0003322451755809574,0.3089777112104426,0.4624151825088143,1.0,2.713,0.532,1.0,0.966,0.0056,0.9
0.0009069813175706282,0.3146927863054003,0.4626213252516853,1.0,2.713,0.532,1.0,0.966,0.0056,0.9
6.150266495445239e-6,0.32335447921715355,0.46271009033537136,1.0,2.713,0.532,1.0,0.966,0.0056,0.9
8.331100239608655e-6,0.32785708103675804,0.4628198061131039,1.0,2.713,0.532,1.0,0.966,0.0056,0.9
2.4474478265106456e-7,0.325179034151687,0.46275523140206054,1.0,2.713,0.532,1.0,0.966,0.0056,0.9
5.922323852286708e-6,0.32495554914033464,0.4627410648181147,1.0,2.713,0.532,1.0,0.966,0.0056,0.9
7.2430179125407845e-6,0.3282212190930134,0.46282362283998146,1.0,2.713,0.532,1.0,0.966,0.0056,0.9
3.956793532714162e-6,0.323620946233706,0.46272025583276033,1.0,2.713,0.532,1.0,0.966,0.0056,0.9
9.690756388137293e-6,0.3229373989258346,0.4627102461579903,1.0,2.713,0.532,1.0,0.966,0.0056,0.9
3.520733430510011e-6,0.325595840735055,0.4627702234997915,1.0,2.713,0.532,1.0,0.966,0.0056,0.9
3.88989343208808e-6,0.32670669832050014,0.462793898619274,1.0,2.713,0.532,1.0,0.966,0.0056,0.9
5.814538599178387e-6,0.3267132901645985,0.4627958323784991,1.0,2.713,0.532,1.0,0.966,0.0056,0.9
3.7440534924384485e-6,0.32375589833026963,0.46272071336556597,1.0,2.713,0.532,1.0,0.966,0.0056,0.9
3.713334504400505e-6,0.32389394839192837,0.46272265966371456,1.0,2.713,0.532,1.0,0.966,0.0056,0.9
9.550126304544643e-6,0.32540522188836307,0.462748421353288,1.0,2.713,0.532,1.0,0.966,0.0056,0.9
8.478733154252878e-6,0.3274961439901769,0.46281331999896796,1.0,2.713,0.532,1.0,0.966,0.0056,0.9
8.212174738773061e-6,0.3234733504356455,0.4627096294333247,1.0,2.713,0.532,1.0,0.966,0.0056,0.9
1.0083273982768457,0.0,0.45907552441088706,1.0,2.713,0.532,1.0,0.966,0.0056,0.9
7.16525608654973e-6,0.3232438588048824,0.4627068429652845,1.0,2.713,0.532,1.0,0.966,0.0056,0.9
9.471498036692294e-6,0.32443762886810434,0.46274802287112804,1.0,2.713,0.532,1.0,0.966,0.0056,0.9
8.335869300516137e-7,0.3260527454817035,0.4627764938764591,1.0,2.713,0.532,1.0,0.966,0.0056,0.9
9.893353319312784e-6,0.32334506205646485,0.4627214016046812,1.0,2.713,0.532,1.0,0.966,0.0056,0.9
4.483165236132358e-6,0.3246363829127901,0.4627356207548515,1.0,2.713,0.532,1.0,0.966,0.0056,0.9
2.4061449299514263e-6,0.32714796122244927,0.4627973432135345,1.0,2.713,0.532,1.0,0.966,0.0056,0.9
8.209517345936126e-6,0.3273788868306704,0.4627950049404602,1.0,2.713,0.532,1.0,0.966,0.0056,0.9
5.5418448162467305e-6,0.3257264023023856,0.4627747930404472,1.0,2.713,0.532,1.0,0.966,0.0056,0.9
1.2201629590045527e-7,0.32593046083987687,0.4627705243344581,1.0,2.713,0.532,1.0,0.966,0.0056,0.9
6.37766319256238e-6,0.3275829510037984,0.462801902831203,1.0,2.713,0.532,1.0,0.966,0.0056,0.9
0.0006408920382465541,0.3079054087766053,0.46242957115173305,1.0,2.713,0.532,1.0,0.966,0.0056,0.9
8.558857403507314e-6,0.3256170724731219,0.46275367772979636,1.0,2.713,0.532,1.0,0.966,0.0056,0.9
9.659078596979363e-6,0.3238936483331766,0.46271657543559097,1.0,2.713,0.532,1.0,0.966,0.0056,0.9
8.290897960466042e-6,0.32841626267371793,0.4628236290392765,1.0,2.713,0.532,1.0,0.966,0.0056,0.9
6.351917208754669e-6,0.32776480029621924,0.4628159891216366,1.0,2.713,0.532,1.0,0.966,0.0056,0.9
5.044960202332272e-6,0.32770160597231135,0.4628128523494006,1.0,2.713,0.532,1.0,0.966,0.0056,0.9
1.4487037277722531e-6,0.32560400094965314,0.46275948697391034,1.0,2.713,0.532,1.0,0.966,0.0056,0.9
6.931302820495834e-6,0.3246086246175726,0.46275035380007135,1.0,2.713,0.532,1.0,0.966,0.0056,0.9
2.410336788760526e-6,0.32406046950991346,0.46273006934627914,1.0,2.713,0.532,1.0,0.966,0.0056,0.9
9.211080979416082e-6,0.3231566447182568,0.4627158022136455,1.0,2.713,0.532,1.0,0.966,0.0056,0.9
3.671186303294057e-6,0.327132062404377,0.4628015755323975,1.0,2.713,0.532,1.0,0.966,0.0056,0.9
2.7196531649325836e-6,0.3256578970887667,0.4627707871792129,1.0,2.713,0.532,1.0,0.966,0.0056,0.9
8.260244936024458e-6,0.3260164636572366,0.46276280907076345,1.0,2.713,0.532,1.0,0.966,0.0056,0.9
4.999292852501156e-6,0.32621168370517495,0.462784806522535,1.0,2.713,0.532,1.0,0.966,0.0056,0.9
1.2745248658529176e-6,0.3261681893032647,0.46277276658644767,1.0,2.713,0.532,1.0,0.966,0.0056,0.9
1.6430054821971899e-6,0.32561007593934477,0.46275934455667356,1.0,2.713,0.532,1.0,0.966,0.0056,0.9
8.423139654401364e-6,0.32850043354050695,0.4628279683293791,1.0,2.713,0.532,1.0,0.966,0.0056,0.9
6.130460399583665e-6,0.32330456830439136,0.462709426644618,1.0,2.713,0.532,1.0,0.966,0.0056,0.9
7.596505881774222e-6,0.3271947345659412,0.4627909383943189,1.0,2.713,0.532,1.0,0.966,0.0056,0.9
6.78575263824017e-6,0.3277704474076931,0.4628064656491814,1.0,2.713,0.532,1.0,0.966,0.0056,0.9
7.828405606572008e-6,0.3233445549835672,0.46271946871846137,1.0,2.713,0.532,1.0,0.966,0.0056,0.9
4.836976001955343e-6,0.32352826098292475,0.4627202599352033,1.0,2.713,0.532,1.0,0.966,0.0056,0.9
4.6623071283537615e-6,0.32562962493906533,0.46277197328371766,1.0,2.713,0.532,1.0,0.966,0.0056,0.9
6.2161986562505025e-6,0.3280449013980075,0.4628193315735899,1.0,2.713,0.532,1.0,0.966,0.0056,0.9
1.0083273973002886,0.0,0.4590755245513144,1.0,2.713,0.532,1.0,0.966,0.0056,0.9
4.245637633806177e-6,0.32364704819436185,0.46272260969762324,1.0,2.713,0.532,1.0,0.966,0.0056,0.9
5.105640878826597e-6,0.32343045511740354,0.462717692771194,1.0,2.713,0.532,1.0,0.966,0.0056,0.9
1.2406587828142443e-6,0.32469750979720513,0.4627459567251454,1.0,2.713,0.532,1.0,0.966,0.0056,0.9
3.7116987502374516e-6,0.324951452966104,0.46274286505450757,1.0,2.713,0.532,1.0,0.966,0.0056,0.9
1.2931738822852581e-6,0.3248255391056083,0.46274944401672746,1.0,2.713,0.532,1.0,0.966,0.0056,0.9
3.312271610863923e-6,0.32572314006370473,0.4627728247279298,1.0,2.713,0.532,1.0,0.966,0.0056,0.9
5.539345147095732e-6,0.3276232466318479,0.46281256753057237,1.0,2.713,0.532,1.0,0.966,0.0056,0.9
4.008814631607293e-6,0.32662001803061635,0.4627923059713621,1.0,2.713,0.532,1.0,0.966,0.0056,0.9
6.931022075247287e-6,0.32786477111026113,0.4628088870425435,1.0,2.713,0.532,1.0,0.966,0.0056,0.9
5.142734595702686e-6,0.32568641585663416,0.4627736089376296,1.0,2.713,0.532,1.0,0.966,0.0056,0.9
3.819082814590031e-6,0.3244420746750347,0.46274357819801076,1.0,2.713,0.532,1.0,0.966,0.0056,0.9
2.383690659405189e-6,0.3263512433163659,0.4627754928600825,1.0,2.713,0.532,1.0,0.966,0.0056,0.9
6.2996843570331655e-6,0.32785003039860183,0.46281723517461026,1.0,2.713,0.532,1.0,0.966,0.0056,0.9
4.479728489975578e-6,0.3258538089183878,0.4627618365191948,1.0,2.713,0.532,1.0,0.966,0.0056,0.9
5.3196453641374934e-6,0.32568266710921456,0.4627573275895529,1.0,2.713,0.532,1.0,0.966,0.0056,0.9
8.31028032083188e-6,0.3261762943751737,0.4627864108331213,1.0,2.713,0.532,1.0,0.966,0.0056,0.9
5.472014652676205e-6,0.327934889525221,0.4628145775706274,1.0,2.713,0.532,1.0,0.966,0.0056,0.9
9.587895636548551e-6,0.32726355074953517,0.4628096206690758,1.0,2.713,0.532,1.0,0.966,0.0056,0.9
5.135646238503313e-6,0.32388810431971904,0.46272041970304434,1.0,2.713,0.532,1.0,0.966,0.0056,0.9
7.49432805824876e-6,0.3246997777987253,0.46275289605169617,1.0,2.713,0.532,1.0,0.966,0.0056,0.9
0.00033480221850009783,0.3095077813122771,0.46236629486084,1.0,2.713,0.532,1.0,0.966,0.0056,0.9
7.201267285350219e-6,0.32703385078598457,0.4628033526711937,1.0,2.713,0.532,1.0,0.966,0.0056,0.9
6.7413872332313045e-6,0.32748828292422005,0.46281163953443805,1.0,2.713,0.532,1.0,0.966,0.0056,0.9
7.329416692313983e-6,0.3279966816446451,0.46282097238513903,1.0,2.713,0.532,1.0,0.966,0.0056,0.9
5.147531845457461e-6,0.32475778653543474,0.46275247934712654,1.0,2.713,0.532,1.0,0.966,0.0056,0.9
1.2367618831651092e-6,0.32500673632365995,0.46274719634190215,1.0,2.713,0.532,1.0,0.966,0.0056,0.9
3.5028659738275674e-6,0.32611715692586196,0.4627687310025974,1.0,2.713,0.532,1.0,0.966,0.0056,0.9
5.794922972550399e-6,0.3249231502041744,0.4627568686554987,1.0,2.713,0.532,1.0,0.966,0.0056,0.9
5.193534889572349e-6,0.3237682702306034,0.46271821522047896,1.0,2.713,0.532,1.0,0.966,0.0056,0.9
5.386389605076048e-6,0.32789973321732646,0.4628155407252441,1.0,2.713,0.532,1.0,0.966,0.0056,0.9
8.775042736753769e-6,0.3227657669826719,0.4627037160473717,1.0,2.713,0.532,1.0,0.966,0.0056,0.9
7.982255785949415e-6,0.32827193133850335,0.4628258151591517,1.0,2.713,0.532,1.0,0.966,0.0056,0.9
6.453502135668216e-6,0.3232947157056071,0.4627087057753282,1.0,2.713,0.532,1.0,0.966,0.0056,0.9
3.128612934320391e-6,0.32714769906338326,0.4628008860935423,1.0,2.713,0.532,1.0,0.966,0.0056,0.9
5.58842371564011e-6,0.3250150227925398,0.46275883441804244,1.0,2.713,0.532,1.0,0.966,0.0056,0.9
3.8889089656749925e-6,0.3252934463953159,0.46276378486488057,1.0,2.713,0.532,1.0,0.966,0.0056,0.9
6.7534807233192334e-6,0.3265814334103032,0.4627768443952366,1.0,2.713,0.532,1.0,0.966,0.0056,0.9
2.427814373208267e-6,0.32478592348048335,0.46274091998512906,1.0,2.713,0.532,1.0,0.966,0.0056,0.9
1.3315828955150034e-6,0.3248127829197959,0.4627492002960067,1.0,2.713,0.532,1.0,0.966,0.0056,0.9
1.069928369501762e-6,0.32663293608907706,0.4627868723207694,1.0,2.713,0.532,1.0,0.966,0.0056,0.9
4.212251358460541e-6,0.3255087795890769,0.4627689143395677,1.0,2.713,0.532,1.0,0.966,0.0056,0.9
9.53893955192856e-6,0.32769465786854024,0.4628018798628857,1.0,2.713,0.532,1.0,0.966,0.0056,0.9
4.464289790723491e-6,0.32731101461784096,0.4628058291287185,1.0,2.713,0.532,1.0,0.966,0.0056,0.9
3.5601867407929194e-6,0.32538854325516575,0.46275233736017496,1.0,2.713,0.532,1.0,0.966,0.0056,0.9
4.571079829038679e-6,0.3234697979762956,0.46271678697519314,1.0,2.713,0.532,1.0,0.966,0.0056,0.9
5.4403768489051965e-6,0.3254323302836194,0.4627682022642001,1.0,2.713,0.532,1.0,0.966,0.0056,0.9
6.86109382552686e-6,0.32462743207438804,0.4627507466080605,1.0,2.713,0.532,1.0,0.966,0.0056,0.9
9.20385274251719e-7,0.324703527061593,0.4627426363250561,1.0,2.713,0.532,1.0,0.966,0.0056,0.9
4.454195248753525e-6,0.32408842634783436,0.46272491746894,1.0,2.713,0.532,1.0,0.966,0.0056,0.9
3.944262395443929e-6,0.3270592124321672,0.46279112247897536,1.0,2.713,0.532,1.0,0.966,0.0056,0.9
1.2359217660672719e-6,0.3265431234427376,0.46278661395292386,1.0,2.713,0.532,1.0,0.966,0.0056,0.9
3.4382185192152255e-6,0.32564600734073723,0.4627581140477024,1.0,2.713,0.532,1.0,0.966,0.0056,0.9
8.758605815317049e-6,0.32678746603655295,0.46278031974837375,1.0,2.713,0.532,1.0,0.966,0.0056,0.9
1.7807880054975674e-6,0.3242720705227551,0.46273442072612636,1.0,2.713,0.532,1.0,0.966,0.0056,0.9
7.639629680170513e-6,0.32786945828724223,0.4628192988288121,1.0,2.713,0.532,1.0,0.966,0.0056,0.9
8.990229136110046e-6,0.3264050718184788,0.4627712456634059,1.0,2.713,0.532,1.0,0.966,0.0056,0.9
5.181971150761724e-6,0.3275683489841199,0.46281115318463284,1.0,2.713,0.532,1.0,0.966,0.0056,0.9
5.421010126009047e-6,0.3272343817003652,0.4628056162194886,1.0,2.713,0.532,1.0,0.966,0.0056,0.9
9.059867708772509e-6,0.3232707771893195,0.4627051660022803,1.0,2.713,0.532,1.0,0.966,0.0056,0.9
8.94439765112967e-6,0.3272250405072811,0.4628084171534713,1.0,2.713,0.532,1.0,0.966,0.0056,0.9
6.4409440558900816e-6,0.3231297685238626,0.4627067898627684,1.0,2.713,0.532,1.0,0.966,0.0056,0.9
3.13702357353136e-6,0.325886908627701,0.4627762049807296,1.0,2.713,0.532,1.0,0.966,0.0056,0.9
7.762220328371536e-6,0.3283048180162389,0.46282093701348764,1.0,2.713,0.532,1.0,0.966,0.0056,0.9
2.13172076189266e-6,0.3246555079599774,0.46274667236908024,1.0,2.713,0.532,1.0,0.966,0.0056,0.9
4.60408422789007e-7,0.3261657347826288,0.462774823033378,1.0,2.713,0.532,1.0,0.966,0.0056,0.9
2.824807194440771e-6,0.32552484865993636,0.46275605046359636,1.0,2.713,0.532,1.0,0.966,0.0056,0.9
4.800131723104637e-6,0.32369661633550095,0.4627175911611354,1.0,2.713,0.532,1.0,0.966,0.0056,0.9
1.5079522290936855e-6,0.3247507055949693,0.462747976777052,1.0,2.713,0.532,1.0,0.966,0.0056,0.9
8.06612850014721e-6,0.32512050320921715,0.46274311797446693,1.0,2.713,0.532,1.0,0.966,0.0056,0.9
2.5281885128632545e-6,0.3249389221043244,0.46275414535467063,1.0,2.713,0.532,1.0,0.966,0.0056,0.9
5.0611717425832365e-6,0.32422364521681135,0.4627394599080945,1.0,2.713,0.532,1.0,0.966,0.0056,0.9
7.643580631382422e-6,0.3230477900290027,0.46271073068737434,1.0,2.713,0.532,1.0,0.966,0.0056,0.9
4.4252666330671115e-6,0.3236153936050592,0.4627171814690387,1.0,2.713,0.532,1.0,0.966,0.0056,0.9
9.858202925243747e-6,0.3282807241448736,0.46282852700949884,1.0,2.713,0.532,1.0,0.966,0.0056,0.9
5.1694205701920815e-6,0.32597059364455877,0.46276391805608663,1.0,2.713,0.532,1.0,0.966,0.0056,0.9
1.2693430331930795e-6,0.3249136905088119,0.4627516173877946,1.0,2.713,0.532,1.0,0.966,0.0056,0.9
7.911274346574014e-6,0.3267763811330483,0.4627986925432448,1.0,2.713,0.532,1.0,0.966,0.0056,0.9
8.435255631905556e-6,0.32371827334852055,0.4627297736018995,1.0,2.713,0.532,1.0,0.966,0.0056,0.9
9.89568661402883e-6,0.32334810249315116,0.46272148233631893,1.0,2.713,0.532,1.0,0.966,0.0056,0.9
2.8728620325071775e-6,0.3243537028314504,0.4627400966871653,1.0,2.713,0.532,1.0,0.966,0.0056,0.9
4.036376616728334e-6,0.3238907948416962,0.46272201484182424,1.0,2.713,0.532,1.0,0.966,0.0056,0.9
9.533972799725673e-6,0.3286854079381649,0.4628320307782138,1.0,2.713,0.532,1.0,0.966,0.0056,0.9
5.02844842713957e-6,0.32644560595358907,0.46278970899081945,1.0,2.713,0.532,1.0,0.966,0.0056,0.9
1.6919538568514983e-6,0.32656156841941114,0.46278802947417225,1.0,2.713,0.532,1.0,0.966,0.0056,0.9
0.0006845063383946001,0.3509178161621094,0.463287353515625,1.0,2.713,0.532,1.0,0.966,0.0056,0.9
3.136314734465173e-6,0.3253220130372383,0.462763710691412,1.0,2.713,0.532,1.0,0.966,0.0056,0.9
3.5610752257024104e-6,0.32378516275135016,0.462725172546109,1.0,2.713,0.532,1.0,0.966,0.0056,0.9
3.3588424135163936e-6,0.32736217918833044,0.4628007537395258,1.0,2.713,0.532,1.0,0.966,0.0056,0.9
8.154541676807609e-6,0.32552207405173356,0.46277206168451845,1.0,2.713,0.532,1.0,0.966,0.0056,0.9
1.980037209242472e-6,0.32463597906311814,0.46274592334029796,1.0,2.713,0.532,1.0,0.966,0.0056,0.9
1.0470306934780651e-6,0.32565876770386515,0.46276858559819334,1.0,2.713,0.532,1.0,0.966,0.0056,0.9
2.0842478025487163e-6,0.32620166835923237,0.46278162048053917,1.0,2.713,0.532,1.0,0.966,0.0056,0.9
4.032274575883572e-6,0.3265586016192271,0.4627910979918282,1.0,2.713,0.532,1.0,0.966,0.0056,0.9
5.34133770800142e-6,0.3262436526587834,0.4627700395697363,1.0,2.713,0.532,1.0,0.966,0.0056,0.9
4.300596125790898e-6,0.32577003069736815,0.46276010452776234,1.0,2.713,0.532,1.0,0.966,0.0056,0.9
1.0477343159356622e-6,0.3265207952002087,0.4627856278079463,1.0,2.713,0.532,1.0,0.966,0.0056,0.9
8.573883431167298e-6,0.32323148532038026,0.46270495085531493,1.0,2.713,0.532,1.0,0.966,0.0056,0.9
4.533090524798468e-6,0.32576448430728977,0.4627748269149975,1.0,2.713,0.532,1.0,0.966,0.0056,0.9
6.878259458121114e-6,0.3261902383895905,0.46278576559014983,1.0,2.713,0.532,1.0,0.966,0.0056,0.9
2.4000047048531024e-6,0.3271359474416641,0.4627983822098627,1.0,2.713,0.532,1.0,0.966,0.0056,0.9
6.670937304133387e-6,0.3264721726750518,0.46279154766891506,1.0,2.713,0.532,1.0,0.966,0.0056,0.9
9.697375277169451e-6,0.3233719901648111,0.46270646074198174,1.0,2.713,0.532,1.0,0.966,0.0056,0.9
5.931914584332868e-6,0.3233804957576075,0.4627108487956937,1.0,2.713,0.532,1.0,0.966,0.0056,0.9
5.724761863689511e-6,0.32463437658884287,0.46273449614431816,1.0,2.713,0.532,1.0,0.966,0.0056,0.9
8.518453037290522e-6,0.3251847445815812,0.46276471966171073,1.0,2.713,0.532,1.0,0.966,0.0056,0.9
2.3605620516957567e-6,0.324212556815077,0.46273520438179255,1.0,2.713,0.532,1.0,0.966,0.0056,0.9
3.3906143196014766e-6,0.3262062013250172,0.4627709113479078,1.0,2.713,0.532,1.0,0.966,0.0056,0.9
4.866778576604424e-6,0.32774930831285554,0.46281287151895345,1.0,2.713,0.532,1.0,0.966,0.0056,0.9
4.890700252134093e-6,0.32543204964311817,0.46275213090208767,1.0,2.713,0.532,1.0,0.966,0.0056,0.9
5.385015738279735e-6,0.32514218305705733,0.46274545882314044,1.0,2.713,0.532,1.0,0.966,0.0056,0.9
4.848749821487011e-6,0.32620161540051634,0.46278446954134295,1.0,2.713,0.532,1.0,0.966,0.0056,0.9
8.866768972919714e-6,0.32661889481533257,0.46279608054408217,1.0,2.713,0.532,1.0,0.966,0.0056,0.9
6.250714822755507e-6,0.3239443118677028,0.4627202838185176,1.0,2.713,0.532,1.0,0.966,0.0056,0.9
7.82484191812017e-6,0.32680458995021655,0.46278135462466397,1.0,2.713,0.532,1.0,0.966,0.0056,0.9
5.935607919099316e-6,0.3280010380516797,0.4628181079315604,1.0,2.713,0.532,1.0,0.966,0.0056,0.9
3.80615500287334e-6,0.3255451311294393,0.46276936330144164,1.0,2.713,0.532,1.0,0.966,0.0056,0.9
0.0007778367605312983,0.353118896484375,0.4633544921875,1.0,2.713,0.532,1.0,0.966,0.0056,0.9
9.919274826622581e-6,0.3246117718294046,0.4627523862996211,1.0,2.713,0.532,1.0,0.966,0.0056,0.9
3.6278519454712265e-6,0.3268085961668261,0.4627851546033533,1.0,2.713,0.532,1.0,0.966,0.0056,0.9
3.26469767836315e-6,0.32389936032384414,0.46272381304045757,1.0,2.713,0.532,1.0,0.966,0.0056,0.9
5.794288092741784e-6,0.32797586539543444,0.4628174648815982,1.0,2.713,0.532,1.0,0.966,0.0056,0.9
6.28673241346652e-6,0.3267116199848438,0.46278027997481325,1.0,2.713,0.532,1.0,0.966,0.0056,0.9
8.677618160301348e-6,0.3283081631092475,0.46281928689574087,1.0,2.713,0.532,1.0,0.966,0.0056,0.9
5.4100135915529835e-6,0.32373489755783746,0.46271735128078134,1.0,2.713,0.532,1.0,0.966,0.0056,0.9
9.026573027597215e-6,0.32562895072740095,0.4627749561776885,1.0,2.713,0.532,1.0,0.966,0.0056,0.9
9.899351277745686e-6,0.3248842339343261,0.4627369367914531,1.0,2.713,0.532,1.0,0.966,0.0056,0.9
9.111593017684928e-6,0.3225848598258141,0.4626966457833157,1.0,2.713,0.532,1.0,0.966,0.0056,0.9
4.664158851162772e-6,0.32609426323054636,0.4627671514835286,1.0,2.713,0.532,1.0,0.966,0.0056,0.9
8.881599592918781e-6,0.3278651069301941,0.46280680459745926,1.0,2.713,0.532,1.0,0.966,0.0056,0.9
8.729811369567623e-6,0.32316152666014664,0.4627154386485697,1.0,2.713,0.532,1.0,0.966,0.0056,0.9
5.472662960612509e-6,0.325765564559228,0.46277559784498784,1.0,2.713,0.532,1.0,0.966,0.0056,0.9
7.081724915586135e-6,0.3268195197371453,0.4627989733038762,1.0,2.713,0.532,1.0,0.966,0.0056,0.9
2.6175027567241104e-6,0.32400830723254737,0.4627274321853294,1.0,2.713,0.532,1.0,0.966,0.0056,0.9
8.50816712131034e-6,0.3227035787961321,0.4627004138760884,1.0,2.713,0.532,1.0,0.966,0.0056,0.9
5.218373898888188e-6,0.32415931862633474,0.46272542362994573,1.0,2.713,0.532,1.0,0.966,0.0056,0.9
1.1495435561544105e-6,0.32512867331751666,0.462756633601513,1.0,2.713,0.532,1.0,0.966,0.0056,0.9
5.11681871495494e-6,0.3278234408490033,0.46281121526622093,1.0,2.713,0.532,1.0,0.966,0.0056,0.9
7.174537355981485e-6,0.32774310886322355,0.4628166247777089,1.0,2.713,0.532,1.0,0.966,0.0056,0.9
7.93210295641448e-6,0.32378068756009415,0.4627309385220295,1.0,2.713,0.532,1.0,0.966,0.0056,0.9
5.357561976942086e-6,0.3251506987629902,0.4627456630357111,1.0,2.713,0.532,1.0,0.966,0.0056,0.9
4.722421024859372e-6,0.32442580080840744,0.4627311465724836,1.0,2.713,0.532,1.0,0.966,0.0056,0.9
7.216954281436169e-6,0.328276844667136,0.46282185312857127,1.0,2.713,0.532,1.0,0.966,0.0056,0.9
9.333531301068411e-6,0.3265123762976945,0.4627941482111355,1.0,2.713,0.532,1.0,0.966,0.0056,0.9
4.4241876918573975e-6,0.3262659584235341,0.4627713259607754,1.0,2.713,0.532,1.0,0.966,0.0056,0.9
2.3502915427160132e-6,0.3240878666132927,0.4627293466597977,1.0,2.713,0.532,1.0,0.966,0.0056,0.9
1.0083273966030748,0.0,0.45907552465218915,1.0,2.713,0.532,1.0,0.966,0.0056,0.9
3.030646655750149e-6,0.32725347144508654,0.46280212798975395,1.0,2.713,0.532,1.0,0.966,0.0056,0.9
3.1560873873217927e-6,0.32737318746232547,0.46280333569015847,1.0,2.713,0.532,1.0,0.966,0.0056,0.9
9.627354913452475e-6,0.3251521733355888,0.4627428594342542,1.0,2.713,0.532,1.0,0.966,0.0056,0.9
7.0408330495069e-6,0.3230447642223927,0.4627044075115334,1.0,2.713,0.532,1.0,0.966,0.0056,0.9
8.502886585402447e-6,0.32678442183592665,0.46278041563088546,1.0,2.713,0.532,1.0,0.966,0.0056,0.9
8.684194625383882e-6,0.32679124669130555,0.46278045765139597,1.0,2.713,0.532,1.0,0.966,0.0056,0.9
4.7773946779385585e-6,0.325558379035329,0.4627549991532731,1.0,2.713,0.532,1.0,0.966,0.0056,0.9
1.994872102383406e-6,0.32453078664832924,0.4627367071063036,1.0,2.713,0.532,1.0,0.966,0.0056,0.9
5.224653728339917e-6,0.3233935276063579,0.4627126116005874,1.0,2.713,0.532,1.0,0.966,0.0056,0.9
4.572673847909728e-6,0.3245995025222055,0.4627347858869913,1.0,2.713,0.532,1.0,0.966,0.0056,0.9
2.4729529857210515e-6,0.32522513336682773,0.4627499505671814,1.0,2.713,0.532,1.0,0.966,0.0056,0.9
2.534684863562974e-6,0.3269721278017401,0.4627910988259384,1.0,2.713,0.532,1.0,0.966,0.0056,0.9
2.960726606209501e-6,0.32584248764237844,0.46277506608136487,1.0,2.713,0.532,1.0,0.966,0.0056,0.9
6.1763575250962295e-6,0.3241740362144918,0.4627248150659061,1.0,2.713,0.532,1.0,0.966,0.0056,0.9
8.773476142352226e-6,0.32840420427199213,0.4628221200748321,1.0,2.713,0.532,1.0,0.966,0.0056,0.9
8.261757214802589e-6,0.3237643472358571,0.4627307962000516,1.0,2.713,0.532,1.0,0.966,0.0056,0.9
4.700945081591372e-6,0.3277695290394842,0.46281133608776537,1.0,2.713,0.532,1.0,0.966,0.0056,0.9
4.849996822929025e-6,0.3247987012785766,0.4627531895103166,1.0,2.713,0.532,1.0,0.966,0.0056,0.9
3.6241341210081143e-6,0.32745923857450676,0.4628032169773213,1.0,2.713,0.532,1.0,0.966,0.0056,0.9
2.113194054592007e-6,0.3269160371206602,0.4627905264067558,1.0,2.713,0.532,1.0,0.966,0.0056,0.9
8.608463449949642e-6,0.3285137942836207,0.4628290984694723,1.0,2.713,0.532,1.0,0.966,0.0056,0.9
8.922305320176504e-6,0.32535898963051013,0.4627477753122293,1.0,2.713,0.532,1.0,0.966,0.0056,0.9
4.457002809573144e-6,0.32357967812928023,0.4627209475306526,1.0,2.713,0.532,1.0,0.966,0.0056,0.9
2.4449489735423312e-6,0.32533719013813467,0.46276330964674284,1.0,2.713,0.532,1.0,0.966,0.0056,0.9
5.9565923850332576e-6,0.3242883672646747,0.4627272754322297,1.0,2.713,0.532,1.0,0.966,0.0056,0.9
3.3900379984527397e-6,0.326886935346448,0.46279675884679594,1.0,2.713,0.532,1.0,0.966,0.0056,0.9
3.8417904690989795e-6,0.3273082656082228,0.4627979692456937,1.0,2.713,0.532,1.0,0.966,0.0056,0.9
7.712679764641116e-6,0.32830786941793644,0.4628211842926914,1.0,2.713,0.532,1.0,0.966,0.0056,0.9
2.6456704841482536e-6,0.3270457194822285,0.4627982504699465,1.0,2.713,0.532,1.0,0.966,0.0056,0.9
8.97207778350101e-7,0.32540895051835284,0.46275614877622917,1.0,2.713,0.532,1.0,0.966,0.0056,0.9
4.0465858052359e-6,0.32530842825124706,0.46275015317730434,1.0,2.713,0.532,1.0,0.966,0.0056,0.9
9.023018686040664e-6,0.3239520000431193,0.46273603589730095,1.0,2.713,0.532,1.0,0.966,0.0056,0.9
4.370976658822645e-6,0.32600432172234317,0.46277987455676783,1.0,2.713,0.532,1.0,0.966,0.0056,0.9
4.603469249847201e-6,0.32573665189656187,0.46277427699070983,1.0,2.713,0.532,1.0,0.966,0.0056,0.9
5.103814189969517e-6,0.3245028299011725,0.46273233693009086,1.0,2.713,0.532,1.0,0.966,0.0056,0.9
5.236586534342535e-6,0.3246692347055764,0.46275045793275443,1.0,2.713,0.532,1.0,0.966,0.0056,0.9
3.868286752767473e-6,0.32504945831785503,0.46275816755306176,1.0,2.713,0.532,1.0,0.966,0.0056,0.9
9.7233597981899e-6,0.3240662506493155,0.4627392996822455,1.0,2.713,0.532,1.0,0.966,0.0056,0.9
6.291599389086273e-6,0.3253108464772968,0.46276609988820794,1.0,2.713,0.532,1.0,0.966,0.0056,0.9
9.630198874155307e-6,0.32721157090853425,0.4628086193455614,1.0,2.713,0.532,1.0,0.966,0.0056,0.9
4.72229101406241e-6,0.3248563893606732,0.4627399471872371,1.0,2.713,0.532,1.0,0.966,0.0056,0.9
2.655472911970394e-6,0.3261096574612027,0.46276945207520637,1.0,2.713,0.532,1.0,0.966,0.0056,0.9
7.264945162839555e-6,0.32299621040691817,0.46270825433808327,1.0,2.713,0.532,1.0,0.966,0.0056,0.9
6.8163872280141864e-6,0.3281620435904661,0.4628219489334295,1.0,2.713,0.532,1.0,0.966,0.0056,0.9
0.0006907978302826404,0.3311443328857422,0.46279602050781266,1.0,2.713,0.532,1.0,0.966,0.0056,0.9
8.661143771677505e-6,0.32272260510470174,0.46270186560614807,1.0,2.713,0.532,1.0,0.966,0.0056,0.9
8.262442954750185e-6,0.32845490844649616,0.4628277783506188,1.0,2.713,0.532,1.0,0.966,0.0056,0.9
9.902186302526045e-6,0.3286693026708012,0.4628337330418305,1.0,2.713,0.532,1.0,0.966,0.0056,0.9
4.855252633544445e-6,0.32689299734480515,0.4627985409786072,1.0,2.713,0.532,1.0,0.966,0.0056,0.9
5.379267216629887e-6,0.32388587801746216,0.462731178418518,1.0,2.713,0.532,1.0,0.966,0.0056,0.9
4.1832125352811915e-6,0.3250082063943347,0.46274361350224646,1.0,2.713,0.532,1.0,0.966,0.0056,0.9
5.839211800206974e-6,0.3269627774240583,0.46280082418988416,1.0,2.713,0.532,1.0,0.966,0.0056,0.9
3.6445471577717074e-6,0.32370608030319736,0.46272093227778444,1.0,2.713,0.532,1.0,0.966,0.0056,0.9
6.496322699306673e-6,0.3249525294067299,0.46275807082912657,1.0,2.713,0.532,1.0,0.966,0.0056,0.9
3.04085068178197e-6,0.32491743307698684,0.46275423307607855,1.0,2.713,0.532,1.0,0.966,0.0056,0.9
4.058671289408677e-6,0.3252582946486344,0.4627490597524783,1.0,2.713,0.532,1.0,0.966,0.0056,0.9
5.659592423479837e-6,0.3279773102200293,0.46281653849799653,1.0,2.713,0.532,1.0,0.966,0.0056,0.9
6.180040088873237e-6,0.32694984358980217,0.4628008642060058,1.0,2.713,0.532,1.0,0.966,0.0056,0.9
3.548960254413621e-6,0.3274687802040043,0.46280400148677336,1.0,2.713,0.532,1.0,0.966,0.0056,0.9
3.4747979300794475e-6,0.3237625751105989,0.46272390145331,1.0,2.713,0.532,1.0,0.966,0.0056,0.9
6.87870968452616e-6,0.3278841418125943,0.4628095009391444,1.0,2.713,0.532,1.0,0.966,0.0056,0.9
6.23403705929447e-7,0.32531780501674534,0.46275480778593625,1.0,2.713,0.532,1.0,0.966,0.0056,0.9
4.655056461370534e-7,0.3256279484472695,0.46276186562061333,1.0,2.713,0.532,1.0,0.966,0.0056,0.9
2.7287508196498653e-6,0.3264150012228966,0.4627765904111891,1.0,2.713,0.532,1.0,0.966,0.0056,0.9
4.02574198766257e-6,0.32369182795841145,0.4627234724739331,1.0,2.713,0.532,1.0,0.966,0.0056,0.9
3.194141015194563e-6,0.324094466110462,0.4627268751898532,1.0,2.713,0.532,1.0,0.966,0.0056,0.9
8.754081854477836e-6,0.324999735794145,0.4627606522639251,1.0,2.713,0.532,1.0,0.966,0.0056,0.9
0.0005347414889480305,0.3137807448053749,0.4624250066408426,1.0,2.713,0.532,1.0,0.966,0.0056,0.9
6.668406148433746e-6,0.3246381248994087,0.46275085697268287,1.0,2.713,0.532,1.0,0.966,0.0056,0.9
6.3087437191801615e-6,0.32473771217865943,0.46273618652510023,1.0,2.713,0.532,1.0,0.966,0.0056,0.9
7.542516160725694e-6,0.3269337192591867,0.46278464170015654,1.0,2.713,0.532,1.0,0.966,0.0056,0.9
2.6032496514292802e-6,0.3246276420868548,0.4627375545447986,1.0,2.713,0.532,1.0,0.966,0.0056,0.9
9.213125569094964e-7,0.32509372320338537,0.46274956913408627,1.0,2.713,0.532,1.0,0.966,0.0056,0.9
7.872739729211123e-6,0.32659660873491114,0.4627764150628358,1.0,2.713,0.532,1.0,0.966,0.0056,0.9
8.172051421643975e-6,0.32845779943371656,0.46282694075001607,1.0,2.713,0.532,1.0,0.966,0.0056,0.9
6.239651514590414e-6,0.3233779384805895,0.46271836657130905,1.0,2.713,0.532,1.0,0.966,0.0056,0.9
7.728152635236869e-6,0.32312048103547286,0.46270414033733115,1.0,2.713,0.532,1.0,0.966,0.0056,0.9
8.266444671926886e-6,0.3247068786843271,0.46275357854400967,1.0,2.713,0.532,1.0,0.966,0.0056,0.9
4.978503690440028e-6,0.3263920613208039,0.4627885594797058,1.0,2.713,0.532,1.0,0.966,0.0056,0.9
3.4713259862834635e-6,0.3272889983777615,0.4628037536120041,1.0,2.713,0.532,1.0,0.966,0.0056,0.9
6.899895922550076e-6,0.32645689652250454,0.46279139446803735,1.0,2.713,0.532,1.0,0.966,0.0056,0.9
4.730142577610642e-6,0.32764185264443135,0.46281138614155726,1.0,2.713,0.532,1.0,0.966,0.0056,0.9
3.4121155527400434e-6,0.3248676879778203,0.46275345442287913,1.0,2.713,0.532,1.0,0.966,0.0056,0.9
8.606661769119347e-6,0.3274371133360627,0.4627961433694091,1.0,2.713,0.532,1.0,0.966,0.0056,0.9
4.7123772861181365e-6,0.32345291904185086,0.4627149770180151,1.0,2.713,0.532,1.0,0.966,0.0056,0.9
7.652984568002228e-6,0.32474181244182776,0.46275398661113415,1.0,2.713,0.532,1.0,0.966,0.0056,0.9
5.289099636971129e-6,0.3254407194433387,0.46276827382781605,1.0,2.713,0.532,1.0,0.966,0.0056,0.9
8.608354279689882e-6,0.32362125804648234,0.46271204788629544,1.0,2.713,0.532,1.0,0.966,0.0056,0.9
2.0720216020620804e-6,0.32589565575830587,0.4627652123401097,1.0,2.713,0.532,1.0,0.966,0.0056,0.9
9.04238445810911e-6,0.32550002712317616,0.4627721093285446,1.0,2.713,0.532,1.0,0.966,0.0056,0.9
2.3883811979488007e-6,0.324642696381373,0.462738153392688,1.0,2.713,0.532,1.0,0.966,0.0056,0.9
3.0920356901191867e-6,0.3273420148174871,0.46280304142061374,1.0,2.713,0.532,1.0,0.966,0.0056,0.9
8.335282947663643e-6,0.32712742054838573,0.4628060540309319,1.0,2.713,0.532,1.0,0.966,0.0056,0.9
5.4244902725419924e-6,0.3270942006984334,0.462802981953638,1.0,2.713,0.532,1.0,0.966,0.0056,0.9
7.890343116732117e-6,0.32529006493536206,0.4627469046489718,1.0,2.713,0.532,1.0,0.966,0.0056,0.9
7.149084899805911e-6,0.32735096231419225,0.4628094596295928,1.0,2.713,0.532,1.0,0.966,0.0056,0.9
7.286483233401528e-6,0.3230034471537729,0.4627034039716814,1.0,2.713,0.532,1.0,0.966,0.0056,0.9
1.9872215171442466e-6,0.3258565937098945,0.46276442851525923,1.0,2.713,0.532,1.0,0.966,0.0056,0.9
7.029420452195743e-6,0.3282406989254335,0.462822756564782,1.0,2.713,0.532,1.0,0.966,0.0056,0.9
8.115826488318894e-6,0.3255009100312921,0.4627715671682572,1.0,2.713,0.532,1.0,0.966,0.0056,0.9
6.117356817835965e-6,0.3233375357755547,0.46271695655700645,1.0,2.713,0.532,1.0,0.966,0.0056,0.9
5.129634362853656e-6,0.3268950339541639,0.46279884659508264,1.0,2.713,0.532,1.0,0.966,0.0056,0.9
5.816960730559464e-6,0.325507843655997,0.4627701698793873,1.0,2.713,0.532,1.0,0.966,0.0056,0.9
5.99825987195894e-6,0.3248424127947368,0.4627386172177746,1.0,2.713,0.532,1.0,0.966,0.0056,0.9
3.857676779168167e-6,0.3243827874036066,0.4627421448206168,1.0,2.713,0.532,1.0,0.966,0.0056,0.9
5.896208536695683e-6,0.3242357460149422,0.4627405459726789,1.0,2.713,0.532,1.0,0.966,0.0056,0.9
1.7266171461777919e-6,0.3250153595473886,0.4627465470161254,1.0,2.713,0.532,1.0,0.966,0.0056,0.9
6.812932045931759e-6,0.32450096106119664,0.4627308989288976,1.0,2.713,0.532,1.0,0.966,0.0056,0.9
4.953609692314288e-6,0.327362478260701,0.4628073823365121,1.0,2.713,0.532,1.0,0.966,0.0056,0.9
8.781805537479036e-6,0.32793330946897037,0.4628086922753661,1.0,2.713,0.532,1.0,0.966,0.0056,0.9
5.783316194539769e-6,0.32326493114280086,0.4627098273719117,1.0,2.713,0.532,1.0,0.966,0.0056,0.9
5.1718762390089255e-6,0.3264717234026163,0.4627903686797503,1.0,2.713,0.532,1.0,0.966,0.0056,0.9
3.268639827904512e-6,0.3240061314670588,0.4627253064991257,1.0,2.713,0.532,1.0,0.966,0.0056,0.9
2.9022590745424756e-6,0.3254595398361596,0.4627665737638916,1.0,2.713,0.532,1.0,0.966,0.0056,0.9
6.646088567974257e-6,0.324185276299397,0.4627399471707532,1.0,2.713,0.532,1.0,0.966,0.0056,0.9
7.6680759882665e-6,0.32715260615707076,0.46278985087937957,1.0,2.713,0.532,1.0,0.966,0.0056,0.9
5.4605416956666274e-6,0.3279252527090055,0.4628140818414741,1.0,2.713,0.532,1.0,0.966,0.0056,0.9
3.2706735480364343e-6,0.32473168479835657,0.46273879924481714,1.0,2.713,0.532,1.0,0.966,0.0056,0.9
6.779124717860225e-6,0.3257959372058228,0.4627588038900655,1.0,2.713,0.532,1.0,0.966,0.0056,0.9
8.12120469694037e-6,0.32407193375524734,0.46272122674475213,1.0,2.713,0.532,1.0,0.966,0.0056,0.9
6.496346512900105e-6,0.32312875374093286,0.46270661371264094,1.0,2.713,0.532,1.0,0.966,0.0056,0.9
7.744463609362689e-6,0.3281821299920549,0.46281694030787707,1.0,2.713,0.532,1.0,0.966,0.0056,0.9
2.8240395512507544e-6,0.32536837937997476,0.46276443718600635,1.0,2.713,0.532,1.0,0.966,0.0056,0.9
3.855860045693144e-6,0.32673917086098897,0.4627831738863754,1.0,2.713,0.532,1.0,0.966,0.0056,0.9
8.879090195411753e-6,0.32849784112982994,0.4628299791896937,1.0,2.713,0.532,1.0,0.966,0.0056,0.9
3.0781906760035e-6,0.3265948819804933,0.4627907707937879,1.0,2.713,0.532,1.0,0.966,0.0056,0.9
1.0254561404550503e-6,0.32491434201210345,0.4627511022171912,1.0,2.713,0.532,1.0,0.966,0.0056,0.9
5.916136585908795e-6,0.3251492311995925,0.4627452063528221,1.0,2.713,0.532,1.0,0.966,0.0056,0.9
6.224729819995313e-6,0.32679673880595383,0.46279784929566453,1.0,2.713,0.532,1.0,0.966,0.0056,0.9
9.101156934017988e-6,0.32607881710154485,0.46278480423405965,1.0,2.713,0.532,1.0,0.966,0.0056,0.9
4.32275095011178e-6,0.32705948009345653,0.4627906582323328,1.0,2.713,0.532,1.0,0.966,0.0056,0.9
5.957261382873032e-6,0.3272059973170025,0.46280562475484377,1.0,2.713,0.532,1.0,0.966,0.0056,0.9
2.4889259135834086e-6,0.32685553593732786,0.4627947941797576,1.0,2.713,0.532,1.0,0.966,0.0056,0.9
5.963068630738221e-6,0.32405831731359225,0.46273619456072046,1.0,2.713,0.532,1.0,0.966,0.0056,0.9
4.138625173470065e-6,0.325547908578689,0.4627553044595795,1.0,2.713,0.532,1.0,0.966,0.0056,0.9
3.0778642738074834e-6,0.32645270797507153,0.46278794439401516,1.0,2.713,0.532,1.0,0.966,0.0056,0.9
8.16235234905526e-6,0.32607538924188606,0.46278415681566676,1.0,2.713,0.532,1.0,0.966,0.0056,0.9
5.679399285827192e-6,0.3279590570152935,0.4628169292542268,1.0,2.713,0.532,1.0,0.966,0.0056,0.9
4.116877060938088e-6,0.3242458226877539,0.4627389941820942,1.0,2.713,0.532,1.0,0.966,0.0056,0.9
1.155308023350311e-6,0.326678009431432,0.46278764852489895,1.0,2.713,0.532,1.0,0.966,0.0056,0.9
8.013998549541182e-6,0.32840427288162216,0.4628268550097444,1.0,2.713,0.532,1.0,0.966,0.0056,0.9
6.095846372729916e-6,0.3275545529506626,0.462812133634736,1.0,2.713,0.532,1.0,0.966,0.0056,0.9
4.387002171633968e-6,0.32432622559706215,0.46272952532654044,1.0,2.713,0.532,1.0,0.966,0.0056,0.9
7.156650747967752e-6,0.32293432249458753,0.4627050570408659,1.0,2.713,0.532,1.0,0.966,0.0056,0.9
7.732027941539212e-6,0.32306087422272634,0.46271127647843213,1.0,2.713,0.532,1.0,0.966,0.0056,0.9
8.921415344929406e-6,0.32266761194901283,0.46270045517862757,1.0,2.713,0.532,1.0,0.966,0.0056,0.9
0.00020272935759775408,0.3193925244760898,0.46267131855711086,1.0,2.713,0.532,1.0,0.966,0.0056,0.9
2.8167124430954877e-6,0.32416192521603615,0.46273481872460503,1.0,2.713,0.532,1.0,0.966,0.0056,0.9
6.9119753692990416e-6,0.32758234164732647,0.46281351382953634,1.0,2.713,0.532,1.0,0.966,0.0056,0.9
2.3986659850939052e-6,0.32567559305585425,0.4627598552094456,1.0,2.713,0.532,1.0,0.966,0.0056,0.9
8.443934132996721e-6,0.32318862257104497,0.4627158739278417,1.0,2.713,0.532,1.0,0.966,0.0056,0.9
6.099962181175355e-6,0.3231554946290127,0.46271052059193696,1.0,2.713,0.532,1.0,0.966,0.0056,0.9
5.882978285631957e-6,0.3278121858208858,0.46281599063584516,1.0,2.713,0.532,1.0,0.966,0.0056,0.9
8.106455070383749e-7,0.32512226845974435,0.46275577966993003,1.0,2.713,0.532,1.0,0.966,0.0056,0.9
7.048607741011055e-6,0.3267203865382865,0.46279693564568847,1.0,2.713,0.532,1.0,0.966,0.0056,0.9
7.653744493334497e-6,0.32287035566264266,0.4627014957396656,1.0,2.713,0.532,1.0,0.966,0.0056,0.9
5.836132174857815e-6,0.3276435107460362,0.4628042046195221,1.0,2.713,0.532,1.0,0.966,0.0056,0.9
9.297776055343161e-6,0.32724134883903655,0.4627908324564588,1.0,2.713,0.532,1.0,0.966,0.0056,0.9
7.241077921370738e-6,0.3242545510856687,0.46274211021060785,1.0,2.713,0.532,1.0,0.966,0.0056,0.9
8.8003193935599e-6,0.3228164185812364,0.46269818932015067,1.0,2.713,0.532,1.0,0.966,0.0056,0.9
8.797626485342147e-6,0.32534225057150445,0.4627684396922503,1.0,2.713,0.532,1.0,0.966,0.0056,0.9
2.398491117896985e-6,0.32407493703216406,0.4627306858317535,1.0,2.713,0.532,1.0,0.966,0.0056,0.9
3.10015927300772e-6,0.32459792641527474,0.4627363243518662,1.0,2.713,0.532,1.0,0.966,0.0056,0.9
1.2203873200054794e-6,0.32656578519718604,0.46278693200722254,1.0,2.713,0.532,1.0,0.966,0.0056,0.9
0.00030797760277299165,0.33703969419002533,0.462967324256897,1.0,2.713,0.532,1.0,0.966,0.0056,0.9
3.7770933589534513e-6,0.3250589107167624,0.4627583004514363,1.0,2.713,0.532,1.0,0.966,0.0056,0.9
7.49549829156637e-6,0.32479232755313403,0.46275505664684713,1.0,2.713,0.532,1.0,0.966,0.0056,0.9
1.940172726415244e-6,0.3265949866565695,0.462782192478873,1.0,2.713,0.532,1.0,0.966,0.0056,0.9
9.365380972255871e-6,0.32843221347787666,0.46283017707478746,1.0,2.713,0.532,1.0,0.966,0.0056,0.9
2.821040138935179e-6,0.3267792292456885,0.4627939586982295,1.0,2.713,0.532,1.0,0.966,0.0056,0.9
1.5228994417257544e-6,0.324402257606739,0.4627380867012669,1.0,2.713,0.532,1.0,0.966,0.0056,0.9
7.116989190462529e-6,0.32305432397333433,0.4627099181125035,1.0,2.713,0.532,1.0,0.966,0.0056,0.9
7.464454285996737e-6,0.3229284805639431,0.462706288188669,1.0,2.713,0.532,1.0,0.966,0.0056,0.9
4.577589083813469e-6,0.32392900651796563,0.4627313283492669,1.0,2.713,0.532,1.0,0.966,0.0056,0.9
6.855912743306737e-6,0.32444334305130873,0.4627463670374681,1.0,2.713,0.532,1.0,0.966,0.0056,0.9
8.724239121956807e-6,0.32853829610652296,0.46282736411646525,1.0,2.713,0.532,1.0,0.966,0.0056,0.9
6.71517855280187e-6,0.3230142419990316,0.4627059102192804,1.0,2.713,0.532,1.0,0.966,0.0056,0.9
6.713845469438009e-6,0.32545504307216566,0.4627512868778481,1.0,2.713,0.532,1.0,0.966,0.0056,0.9
7.726494649338339e-6,0.32412679341397943,0.4627226189292808,1.0,2.713,0.532,1.0,0.966,0.0056,0.9
3.3298766534437974e-6,0.3273396783908238,0.46280009437589714,1.0,2.713,0.532,1.0,0.966,0.0056,0.9
8.350361909127962e-6,0.3262293869662922,0.4627875677287988,1.0,2.713,0.532,1.0,0.966,0.0056,0.9
4.854373338896695e-6,0.32340679979277254,0.4627144208373368,1.0,2.713,0.532,1.0,0.966,0.0056,0.9
5.822077293518299e-6,0.32446466154884557,0.4627460567174578,1.0,2.713,0.532,1.0,0.966,0.0056,0.9
3.720190873233311e-6,0.3274762663896379,0.462803462008755,1.0,2.713,0.532,1.0,0.966,0.0056,0.9
6.9343401984092196e-6,0.3280058083040305,0.4628205108142145,1.0,2.713,0.532,1.0,0.966,0.0056,0.9
5.278672269677717e-6,0.3267307269013472,0.4627815746794881,1.0,2.713,0.532,1.0,0.966,0.0056,0.9
8.512208683320418e-6,0.32579563341008944,0.46277830960463984,1.0,2.713,0.532,1.0,0.966,0.0056,0.9
8.702015760657598e-6,0.3228758487829362,0.46269913335910295,1.0,2.713,0.532,1.0,0.966,0.0056,0.9
7.504609599265907e-6,0.3248794038006506,0.4627383233741419,1.0,2.713,0.532,1.0,0.966,0.0056,0.9
6.349785901410361e-6,0.3247257286096359,0.46275268165278033,1.0,2.713,0.532,1.0,0.966,0.0056,0.9
6.038089416079257e-6,0.3260494774233197,0.46278216312376524,1.0,2.713,0.532,1.0,0.966,0.0056,0.9
5.2786865660357504e-6,0.32557354567508767,0.46275493809978663,1.0,2.713,0.532,1.0,0.966,0.0056,0.9
5.610713249196399e-6,0.3238214521787809,0.4627186528598565,1.0,2.713,0.532,1.0,0.966,0.0056,0.9
2.7745437756878686e-6,0.325464855599115,0.4627665580316769,1.0,2.713,0.532,1.0,0.966,0.0056,0.9
3.0737819481227387e-6,0.3272072136010341,0.4628016516366728,1.0,2.713,0.532,1.0,0.966,0.0056,0.9
4.87466674369787e-6,0.3271356454497669,0.4627919660156895,1.0,2.713,0.532,1.0,0.966,0.0056,0.9
2.1502965470275513e-6,0.32507910784585703,0.4627569852616065,1.0,2.713,0.532,1.0,0.966,0.0056,0.9
6.018892977159351e-6,0.32650986010783645,0.4627757149416978,1.0,2.713,0.532,1.0,0.966,0.0056,0.9
9.009229043984474e-6,0.32260421960404306,0.4626966567588648,1.0,2.713,0.532,1.0,0.966,0.0056,0.9
6.126910183412362e-6,0.32711448022174694,0.4628040327170151,1.0,2.713,0.532,1.0,0.966,0.0056,0.9
6.901832090645627e-6,0.32438698533571575,0.46272849872582256,1.0,2.713,0.532,1.0,0.966,0.0056,0.9
6.728192281915939e-6,0.32752817179187255,0.4628123511465738,1.0,2.713,0.532,1.0,0.966,0.0056,0.9
6.664332532822828e-6,0.3230439800222541,0.4627057056853325,1.0,2.713,0.532,1.0,0.966,0.0056,0.9
3.5488034238480545e-6,0.32407541751149693,0.4627259376819183,1.0,2.713,0.532,1.0,0.966,0.0056,0.9
5.216900421295496e-6,0.32783349549316565,0.4628112234662424,1.0,2.713,0.532,1.0,0.966,0.0056,0.9
4.16263051837783e-6,0.32657097083310926,0.4627787730387748,1.0,2.713,0.532,1.0,0.966,0.0056,0.9
2.5777077969828287e-6,0.32452057944989027,0.4627439449839982,1.0,2.713,0.532,1.0,0.966,0.0056,0.9
6.920707064248468e-6,0.3236953085128236,0.4627278421972695,1.0,2.713,0.532,1.0,0.966,0.0056,0.9
7.829081754308397e-6,0.3281357581284041,0.4628237572618631,1.0,2.713,0.532,1.0,0.966,0.0056,0.9
6.170525584176693e-6,0.32420394882886683,0.4627254116505167,1.0,2.713,0.532,1.0,0.966,0.0056,0.9
9.439473072939779e-6,0.3225310417898538,0.46269553801882,1.0,2.713,0.532,1.0,0.966,0.0056,0.9
8.266806827358716e-6,0.3247699532285766,0.4627355038920832,1.0,2.713,0.532,1.0,0.966,0.0056,0.9
5.998202737110896e-6,0.3249509962650493,0.46274091103791326,1.0,2.713,0.532,1.0,0.966,0.0056,0.9
8.32254710635695e-6,0.32558837962307874,0.46277363550827627,1.0,2.713,0.532,1.0,0.966,0.0056,0.9
4.947725681194711e-6,0.32641146889142847,0.4627742733625432,1.0,2.713,0.532,1.0,0.966,0.0056,0.9
4.799167559963946e-6,0.3276838532782316,0.4628072403944872,1.0,2.713,0.532,1.0,0.966,0.0056,0.9
3.229089811105236e-6,0.323879693984659,0.46272728500197247,1.0,2.713,0.532,1.0,0.966,0.0056,0.9
5.369301747610908e-6,0.32472453778572796,0.4627518798483169,1.0,2.713,0.532,1.0,0.966,0.0056,0.9
3.0822711735630135e-6,0.3255982948558037,0.462769849704856,1.0,2.713,0.532,1.0,0.966,0.0056,0.9
5.936301579296811e-6,0.32636514202265765,0.4627887691584374,1.0,2.713,0.532,1.0,0.966,0.0056,0.9
7.104953491259013e-6,0.32305290651479135,0.46270984237225465,1.0,2.713,0.532,1.0,0.966,0.0056,0.9
4.6140320583453856e-6,0.32697189716906716,0.4627881204728596,1.0,2.713,0.532,1.0,0.966,0.0056,0.9
9.139961797370674e-6,0.3226112664651076,0.462698779662305,1.0,2.713,0.532,1.0,0.966,0.0056,0.9
1.3413559141677813e-6,0.3265194159841467,0.46278649560966695,1.0,2.713,0.532,1.0,0.966,0.0056,0.9
2.3851570042652606e-6,0.32692565572824717,0.4627957683089189,1.0,2.713,0.532,1.0,0.966,0.0056,0.9
9.37296103051188e-6,0.3233780708383185,0.46270684423854147,1.0,2.713,0.532,1.0,0.966,0.0056,0.9
4.647331676027015e-6,0.3239574911988996,0.4627222798954359,1.0,2.713,0.532,1.0,0.966,0.0056,0.9
7.4496983843546485e-6,0.3231820747757651,0.4627054806145355,1.0,2.713,0.532,1.0,0.966,0.0056,0.9
7.633541069137619e-6,0.3247243615406348,0.4627535660667056,1.0,2.713,0.532,1.0,0.966,0.0056,0.9
5.721818369863733e-6,0.3279795428322132,0.462815238112554,1.0,2.713,0.532,1.0,0.966,0.0056,0.9
7.0603383241333294e-6,0.3282413787801648,0.4628229485233678,1.0,2.713,0.532,1.0,0.966,0.0056,0.9
4.682874442808477e-6,0.3261187725028052,0.4627825787508164,1.0,2.713,0.532,1.0,0.966,0.0056,0.9
3.1346481103428157e-6,0.3247838138276866,0.46274001014980193,1.0,2.713,0.532,1.0,0.966,0.0056,0.9
7.437355474865312e-6,0.3268829372361606,0.4627835006252803,1.0,2.713,0.532,1.0,0.966,0.0056,0.9
9.946519383851341e-6,0.3236987663012083,0.4627304252529535,1.0,2.713,0.532,1.0,0.966,0.0056,0.9
6.189692293896476e-7,0.3262291376097508,0.4627792685242496,1.0,2.713,0.532,1.0,0.966,0.0056,0.9
3.032608904381697e-6,0.3270106716869319,0.4627984454102942,1.0,2.713,0.532,1.0,0.966,0.0056,0.9
5.9745756365256e-6,0.3259804238530073,0.4627806331880914,1.0,2.713,0.532,1.0,0.966,0.0056,0.9
9.24711192449513e-6,0.32728311950244193,0.46280977256373973,1.0,2.713,0.532,1.0,0.966,0.0056,0.9
7.691158042660642e-6,0.3235048170604238,0.4627236127818335,1.0,2.713,0.532,1.0,0.966,0.0056,0.9
5.036685804485403e-6,0.3234347058520861,0.4627176358304347,1.0,2.713,0.532,1.0,0.966,0.0056,0.9
1.0081459496365932e-6,0.3266083059818904,0.46278596271973427,1.0,2.713,0.532,1.0,0.966,0.0056,0.9
4.025577050761314e-6,0.32429937694570077,0.4627294098103901,1.0,2.713,0.532,1.0,0.966,0.0056,0.9
7.83417739473846e-6,0.3279840100332072,0.4628214235426047,1.0,2.713,0.532,1.0,0.966,0.0056,0.9
2.686648798132976e-6,0.32653300164081167,0.46278906130476877,1.0,2.713,0.532,1.0,0.966,0.0056,0.9
4.821425669296706e-6,0.32567031575209393,0.46275744470510644,1.0,2.713,0.532,1.0,0.966,0.0056,0.9
3.3866030481622804e-6,0.325390775894119,0.46275255209660937,1.0,2.713,0.532,1.0,0.966,0.0056,0.9
1.9323150713397464e-6,0.32647351503125255,0.46278680879968737,1.0,2.713,0.532,1.0,0.966,0.0056,0.9
0.0007704017907851777,0.29903602600097656,0.4621185302734375,1.0,2.713,0.532,1.0,0.966,0.0056,0.9
7.225662247530548e-6,0.32294454356992863,0.46270327552137397,1.0,2.713,0.532,1.0,0.966,0.0056,0.9
8.929933444498084e-6,0.3285126122501566,0.46283021241797473,1.0,2.713,0.532,1.0,0.966,0.0056,0.9
8.911030968134336e-6,0.3269922351311595,0.4628037505399212,1.0,2.713,0.532,1.0,0.966,0.0056,0.9
9.3773767877966e-6,0.32581220551042944,0.46275754116691326,1.0,2.713,0.532,1.0,0.966,0.0056,0.9
3.5433722419547275e-6,0.32748240630410896,0.4628055684437577,1.0,2.713,0.532,1.0,0.966,0.0056,0.9
3.0638686203103614e-6,0.32675081362774383,0.4627937651134623,1.0,2.713,0.532,1.0,0.966,0.0056,0.9
4.736568142552285e-6,0.3257770534886638,0.4627598976895925,1.0,2.713,0.532,1.0,0.966,0.0056,0.9
4.95965899993757e-6,0.3276608352505168,0.46281213659594367,1.0,2.713,0.532,1.0,0.966,0.0056,0.9
8.681742370291468e-6,0.3279550559642712,0.46282185820536104,1.0,2.713,0.532,1.0,0.966,0.0056,0.9
5.907550980815318e-6,0.3247734408964691,0.4627372403383183,1.0,2.713,0.532,1.0,0.966,0.0056,0.9
2.9078506824914644e-6,0.3248633924812181,0.4627527973615234,1.0,2.713,0.532,1.0,0.966,0.0056,0.9
5.620925700182986e-7,0.32490108091874326,0.46274726823921825,1.0,2.713,0.532,1.0,0.966,0.0056,0.9
3.821655998465937e-6,0.3239511080369831,0.4627233766111357,1.0,2.713,0.532,1.0,0.966,0.0056,0.9
4.854218753255997e-6,0.32716431332365425,0.46280369726957005,1.0,2.713,0.532,1.0,0.966,0.0056,0.9
4.301627569975269e-6,0.3256969967420704,0.4627584704531289,1.0,2.713,0.532,1.0,0.966,0.0056,0.9
3.286459624040418e-6,0.3273699427675443,0.4628041668140463,1.0,2.713,0.532,1.0,0.966,0.0056,0.9
6.329379163973509e-6,0.32410813006502437,0.46272338410972225,1.0,2.713,0.532,1.0,0.966,0.0056,0.9
6.36450477312174e-6,0.32761283854192613,0.46280271228577774,1.0,2.713,0.532,1.0,0.966,0.0056,0.9
6.934041854023118e-6,0.32366861370308064,0.4627271601232299,1.0,2.713,0.532,1.0,0.966,0.0056,0.9
5.110253761171513e-6,0.3275874619302286,0.46281134045931227,1.0,2.713,0.532,1.0,0.966,0.0056,0.9
6.050925461656097e-6,0.3271893998051938,0.4628053985805046,1.0,2.713,0.532,1.0,0.966,0.0056,0.9
9.181225130333469e-6,0.3234714750281751,0.4627240848613594,1.0,2.713,0.532,1.0,0.966,0.0056,0.9
7.714269818883315e-6,0.323551044110046,0.46272484927537033,1.0,2.713,0.532,1.0,0.966,0.0056,0.9
4.2439459878141285e-6,0.3253532761107072,0.4627654545799854,1.0,2.713,0.532,1.0,0.966,0.0056,0.9
5.239245555985773e-6,0.3278186465542301,0.4628146227073945,1.0,2.713,0.532,1.0,0.966,0.0056,0.9
9.368946098625541e-7,0.32478186671954257,0.46274372986509726,1.0,2.713,0.532,1.0,0.966,0.0056,0.9
9.499612309684496e-6,0.3283170280141028,0.4628286918676434,1.0,2.713,0.532,1.0,0.966,0.0056,0.9
3.7074721156790547e-6,0.3264877835457223,0.4627772387540986,1.0,2.713,0.532,1.0,0.966,0.0056,0.9
2.736346589921351e-6,0.32502822302781365,0.46275650265639123,1.0,2.713,0.532,1.0,0.966,0.0056,0.9
1.945318979357554e-6,0.32431262455154275,0.46273698197048385,1.0,2.713,0.532,1.0,0.966,0.0056,0.9
2.6614376690980498e-6,0.3245865904723434,0.46274573146005327,1.0,2.713,0.532,1.0,0.966,0.0056,0.9
4.994538168076977e-6,0.3240138429273738,0.4627340659177379,1.0,2.713,0.532,1.0,0.966,0.0056,0.9
1.6946179109587462e-6,0.3243523539532003,0.4627347470553421,1.0,2.713,0.532,1.0,0.966,0.0056,0.9
6.311924205193447e-6,0.3280935981378894,0.46281977165010335,1.0,2.713,0.532,1.0,0.966,0.0056,0.9
6.60444876900915e-6,0.3253976311270045,0.46275010370322267,1.0,2.713,0.532,1.0,0.966,0.0056,0.9
9.556967082596727e-6,0.32386688043642375,0.46271611371762733,1.0,2.713,0.532,1.0,0.966,0.0056,0.9
6.718611069312205e-6,0.3255741060715496,0.46275390738104993,1.0,2.713,0.532,1.0,0.966,0.0056,0.9
1.7565943700264077e-6,0.3242801450499154,0.46273447652708605,1.0,2.713,0.532,1.0,0.966,0.0056,0.9
8.096068290045302e-6,0.3240407210179096,0.46272062282592863,1.0,2.713,0.532,1.0,0.966,0.0056,0.9
1.1364417111866986e-6,0.325517122803216,0.4627580635336991,1.0,2.713,0.532,1.0,0.966,0.0056,0.9
2.8881442913456112e-6,0.3272871614668962,0.46280010852079734,1.0,2.713,0.532,1.0,0.966,0.0056,0.9
3.929640216334757e-6,0.325006289400948,0.4627572221596651,1.0,2.713,0.532,1.0,0.966,0.0056,0.9
7.838414049220682e-6,0.32288119005051863,0.46270093080956537,1.0,2.713,0.532,1.0,0.966,0.0056,0.9
5.753880932767143e-6,0.3279983820709198,0.4628168964252386,1.0,2.713,0.532,1.0,0.966,0.0056,0.9
6.218601703379361e-6,0.3262824503057946,0.4627702653533382,1.0,2.713,0.532,1.0,0.966,0.0056,0.9
3.746322781268963e-6,0.3275008468185172,0.4628069543288577,1.0,2.713,0.532,1.0,0.966,0.0056,0.9
9.457970490598986e-6,0.32395640051278485,0.46271796582635505,1.0,2.713,0.532,1.0,0.966,0.0056,0.9
2.9545088308911603e-6,0.32652560718708135,0.46278925362865114,1.0,2.713,0.532,1.0,0.966,0.0056,0.9
4.645997466078909e-6,0.3277057241732695,0.4628117862583661,1.0,2.713,0.532,1.0,0.966,0.0056,0.9
1.8387863723961467e-6,0.32425306336341375,0.46273343728245847,1.0,2.713,0.532,1.0,0.966,0.0056,0.9
2.8209688644552475e-6,0.32470222270194027,0.4627387394899093,1.0,2.713,0.532,1.0,0.966,0.0056,0.9
6.93775050704274e-6,0.32758651813657313,0.46280139830508815,1.0,2.713,0.532,1.0,0.966,0.0056,0.9
