0.000571425922405554,0.5878229141235352,0.4631942749023438,1.0,2.713,0.532,1.0,0.966,0.0056,0.9
0.000862436901972993,0.5787484035568013,0.4630120635032658,1.0,2.713,0.532,1.0,0.966,0.0056,0.9
0.00047820653821847815,0.5870384809493334,0.4632748334668587,1.0,2.713,0.532,1.0,0.966,0.0056,0.9
0.0007759883562349104,0.5894190091768039,0.4633905929452138,1.0,2.713,0.532,1.0,0.966,0.0056,0.9
0.00024070661964597476,0.6227349035980296,0.46397342681884723,1.0,2.713,0.532,1.0,0.966,0.0056,0.9
0.00011282917001709533,0.6143959108079856,0.46387476010231643,1.0,2.713,0.532,1.0,0.966,0.0056,0.9
0.00044114835364643466,0.622849162801713,0.4640837625833202,1.0,2.713,0.532,1.0,0.966,0.0056,0.9
1.6010640696540456e-5,0.6101427533898741,0.46375946671938,1.0,2.713,0.532,1.0,0.966,0.0056,0.9
0.00035171344543842787,0.5977524066032558,0.46340376678854306,1.0,2.713,0.532,1.0,0.966,0.0056,0.9
0.00022077213506085653,0.6021151691675186,0.46350862979888907,1.0,2.713,0.532,1.0,0.966,0.0056,0.9
0.00046416616738398483,0.5923893320439794,0.4632886313660183,1.0,2.713,0.532,1.0,0.966,0.0056,0.9
0.0008664177769229905,0.5872848548873915,0.4631449562497383,1.0,2.713,0.532,1.0,0.966,0.0056,0.9
0.0009299342956156837,0.6277880919775743,0.46401081668768224,1.0,2.713,0.532,1.0,0.966,0.0056,0.9
0.0005997719102325514,0.6042975187301636,0.46350727081298826,1.0,2.713,0.532,1.0,0.966,0.0056,0.9
0.00036079298106519726,0.6159687692124862,0.46394577026367206,1.0,2.713,0.532,1.0,0.966,0.0056,0.9
0.00016708839070325187,0.6092837858013809,0.4637817382812502,1.0,2.713,0.532,1.0,0.966,0.0056,0.9
0.00037967408603347823,0.6117478715354507,0.46386307042558084,1.0,2.713,0.532,1.0,0.966,0.0056,0.9
0.0007794276816970937,0.5787804760038853,0.4630620896816255,1.0,2.713,0.532,1.0,0.966,0.0056,0.9
0.000275353579511474,0.5982074737548828,0.4634246826171876,1.0,2.713,0.532,1.0,0.966,0.0056,0.9
2.702819868380384e-5,0.6073360512964427,0.46365966796875036,1.0,2.713,0.532,1.0,0.966,0.0056,0.9
0.0009736310830330206,0.5752630020055434,0.4629962593644018,1.0,2.713,0.532,1.0,0.966,0.0056,0.9
0.0006538266708080043,0.63385009765625,0.46420898437499997,1.0,2.713,0.532,1.0,0.966,0.0056,0.9
0.0001824840600364641,0.6230709552764893,0.46402397155761727,1.0,2.713,0.532,1.0,0.966,0.0056,0.9
0.00039894544304616215,0.6017390947523812,0.46364650274035724,1.0,2.713,0.532,1.0,0.966,0.0056,0.9
0.0003758291527095949,0.5913618262411973,0.4632883738726356,1.0,2.713,0.532,1.0,0.966,0.0056,0.9
9.834786260164693e-5,0.619038221911751,0.4639449894428249,1.0,2.713,0.532,1.0,0.966,0.0056,0.9
0.0008185917240138777,0.5942075252532959,0.4632816314697269,1.0,2.713,0.532,1.0,0.966,0.0056,0.9
0.0008584585925034073,0.5881002008344183,0.46316078454256066,1.0,2.713,0.532,1.0,0.966,0.0056,0.9
0.0007607008185278512,0.5794602264785951,0.4630526447668668,1.0,2.713,0.532,1.0,0.966,0.0056,0.9
0.00022020998728422287,0.6213390289564122,0.4639403795124996,1.0,2.713,0.532,1.0,0.966,0.0056,0.9
8.793314201946249e-5,0.6129077578184858,0.4638399625071599,1.0,2.713,0.532,1.0,0.966,0.0056,0.9
0.0002724096491835831,0.6029863357543945,0.4635177612304688,1.0,2.713,0.532,1.0,0.966,0.0056,0.9
0.00012494246529357885,0.6154492497444153,0.4638133049011228,1.0,2.713,0.532,1.0,0.966,0.0056,0.9
0.00037844527847305585,0.6033700448441266,0.463681333512068,1.0,2.713,0.532,1.0,0.966,0.0056,0.9
0.0001021464377229008,0.6030855178833008,0.4636276245117188,1.0,2.713,0.532,1.0,0.966,0.0056,0.9
0.000334660800996009,0.5989827975207064,0.4635727202738348,1.0,2.713,0.532,1.0,0.966,0.0056,0.9
0.00026157299896466843,0.6218795530167149,0.4640381017699783,1.0,2.713,0.532,1.0,0.966,0.0056,0.9
2.412571581011045e-5,0.6107105151750147,0.46373291015624996,1.0,2.713,0.532,1.0,0.966,0.0056,0.9
1.0759159933063924e-5,0.612127655873735,0.4637924939394005,1.0,2.713,0.532,1.0,0.966,0.0056,0.9
0.00020590124203245707,0.619714742526412,0.4639011770486831,1.0,2.713,0.532,1.0,0.966,0.0056,0.9
0.000599091496879294,0.5848506265088166,0.4631458291677363,1.0,2.713,0.532,1.0,0.966,0.0056,0.9
0.0009708738035988645,0.5766656286655696,0.4629645244218398,1.0,2.713,0.532,1.0,0.966,0.0056,0.9
0.0006287055167982585,0.5831854343414307,0.46311988830566403,1.0,2.713,0.532,1.0,0.966,0.0056,0.9
0.00067796390821501,0.59942626953125,0.463623046875,1.0,2.713,0.532,1.0,0.966,0.0056,0.9
0.0005227821233887068,0.5887674357424986,0.46333764712041203,1.0,2.713,0.532,1.0,0.966,0.0056,0.9
0.0006851989248060617,0.6254922449522979,0.4639777964655907,1.0,2.713,0.532,1.0,0.966,0.0056,0.9
0.0006610353109589563,0.6236958503723145,0.4641242980957031,1.0,2.713,0.532,1.0,0.966,0.0056,0.9
0.0006435065825474664,0.6249723434448242,0.46396942138671876,1.0,2.713,0.532,1.0,0.966,0.0056,0.9
0.0007858783411815735,0.6325689251534641,0.4641479492187499,1.0,2.713,0.532,1.0,0.966,0.0056,0.9
0.00027214876896368884,0.6081981658935547,0.46362609863281257,1.0,2.713,0.532,1.0,0.966,0.0056,0.9
0.0009371817926966654,0.5769901871732172,0.4629764331999431,1.0,2.713,0.532,1.0,0.966,0.0056,0.9
0.0006618440347726387,0.6082906617132569,0.46358671179870325,1.0,2.713,0.532,1.0,0.966,0.0056,0.9
3.3424252501921746e-5,0.6150247902030845,0.4638537645325393,1.0,2.713,0.532,1.0,0.966,0.0056,0.9
0.0003864315732594176,0.6033697428678293,0.4636823039069864,1.0,2.713,0.532,1.0,0.966,0.0056,0.9
9.023544810572864e-5,0.6028586730581083,0.4636184930801406,1.0,2.713,0.532,1.0,0.966,0.0056,0.9
0.21791722960724874,0.0012098521110601723,0.1,1.0,2.713,0.532,1.0,0.966,0.0056,0.9
0.00013300629627704716,0.6095087282958922,0.46378023356855047,1.0,2.713,0.532,1.0,0.966,0.0056,0.9
0.00012155976527209074,0.6007106304168701,0.46357307434082057,1.0,2.713,0.532,1.0,0.966,0.0056,0.9
0.0009123536999476598,0.6001358032226562,0.4636596679687499,1.0,2.713,0.532,1.0,0.966,0.0056,0.9
0.0004703166807100898,0.6190973337066729,0.46401891595077427,1.0,2.713,0.532,1.0,0.966,0.0056,0.9
0.0008089297616454188,0.6230759862810373,0.46412688195705776,1.0,2.713,0.532,1.0,0.966,0.0056,0.9
0.0004120313404133801,0.6045796004473232,0.4637125776149337,1.0,2.713,0.532,1.0,0.966,0.0056,0.9
0.00029776885094603836,0.6138169765472412,0.463895034790039,1.0,2.713,0.532,1.0,0.966,0.0056,0.9
9.462751575171357e-5,0.617693405957636,0.4638793859992614,1.0,2.713,0.532,1.0,0.966,0.0056,0.9
0.00022834227835329127,0.6053206752985716,0.46370482742786334,1.0,2.713,0.532,1.0,0.966,0.0056,0.9
0.0005897188973580178,0.6216384495241207,0.4640793786127322,1.0,2.713,0.532,1.0,0.966,0.0056,0.9
0.0003053983212058023,0.6048494786749075,0.46370536237955085,1.0,2.713,0.532,1.0,0.966,0.0056,0.9
0.0003519390987647885,0.6114698648452759,0.4638540267944337,1.0,2.713,0.532,1.0,0.966,0.0056,0.9
0.0003526653138037831,0.6254740048535499,0.4640236396924554,1.0,2.713,0.532,1.0,0.966,0.0056,0.9
0.0006190706301269106,0.6167755126953125,0.4639892578125,1.0,2.713,0.532,1.0,0.966,0.0056,0.9
0.0003095739696071601,0.5907894947098075,0.46330429385072985,1.0,2.713,0.532,1.0,0.966,0.0056,0.9
0.0009568141051181937,0.588463745007175,0.46338539123535166,1.0,2.713,0.532,1.0,0.966,0.0056,0.9
0.0008486897417474807,0.5815521404147148,0.46318608522415144,1.0,2.713,0.532,1.0,0.966,0.0056,0.9
0.0008548188672281516,0.5985193252563477,0.463365173339844,1.0,2.713,0.532,1.0,0.966,0.0056,0.9
0.0007249000984065099,0.5800991058349609,0.46310119628906254,1.0,2.713,0.532,1.0,0.966,0.0056,0.9
0.0006200952453061922,0.5870255827903748,0.4633057594299314,1.0,2.713,0.532,1.0,0.966,0.0056,0.9
0.0007594890274028393,0.601182344934416,0.46367062073112814,1.0,2.713,0.532,1.0,0.966,0.0056,0.9
0.00047808900980080037,0.5947679951215323,0.46332978529282853,1.0,2.713,0.532,1.0,0.966,0.0056,0.9
0.0009028087792659786,0.5900867307152393,0.4634207173134177,1.0,2.713,0.532,1.0,0.966,0.0056,0.9
0.0006878810012992778,0.5813898434405473,0.4630871653556825,1.0,2.713,0.532,1.0,0.966,0.0056,0.9
2.9605564171566044e-5,0.6113380831822202,0.4637447924353179,1.0,2.713,0.532,1.0,0.966,0.0056,0.9
0.00021437479449325052,0.6240086555480957,0.4640495300292969,1.0,2.713,0.532,1.0,0.966,0.0056,0.9
0.0007477393849014786,0.6127338409423828,0.4639190673828125,1.0,2.713,0.532,1.0,0.966,0.0056,0.9
0.000800655332174498,0.5792429868527086,0.4630345493842035,1.0,2.713,0.532,1.0,0.966,0.0056,0.9
0.0007982006375690366,0.583267365811005,0.4630848752569895,1.0,2.713,0.532,1.0,0.966,0.0056,0.9
0.0006714117089855143,0.5812041334220339,0.46309692859649804,1.0,2.713,0.532,1.0,0.966,0.0056,0.9
0.0005434398576744448,0.5907172957754293,0.4632472385683987,1.0,2.713,0.532,1.0,0.966,0.0056,0.9
0.0003708848626871839,0.5908402019973062,0.46336453437259373,1.0,2.713,0.532,1.0,0.966,0.0056,0.9
0.00033571200632869717,0.6180462837219238,0.46398239135742186,1.0,2.713,0.532,1.0,0.966,0.0056,0.9
0.0005655084953168107,0.5871381436494634,0.4631847721058751,1.0,2.713,0.532,1.0,0.966,0.0056,0.9
0.000212621112584942,0.6161738845919205,0.46392833427990426,1.0,2.713,0.532,1.0,0.966,0.0056,0.9
0.0006153555366479423,0.6199128516281007,0.46385130584240214,1.0,2.713,0.532,1.0,0.966,0.0056,0.9
0.000158556325663416,0.5959656834602356,0.4634440422058106,1.0,2.713,0.532,1.0,0.966,0.0056,0.9
0.0003318266177349895,0.6041176319122314,0.46353263854980475,1.0,2.713,0.532,1.0,0.966,0.0056,0.9
0.000412603468474233,0.5876038601446412,0.4632673729457709,1.0,2.713,0.532,1.0,0.966,0.0056,0.9
0.00013664222599241244,0.59684215116431,0.4634498596191411,1.0,2.713,0.532,1.0,0.966,0.0056,0.9
0.00036581595882163653,0.5899239074197726,0.4633340291309863,1.0,2.713,0.532,1.0,0.966,0.0056,0.9
0.0004400535255008016,0.6250750722588947,0.4641211770474911,1.0,2.713,0.532,1.0,0.966,0.0056,0.9
0.000655205694341765,0.6342086791992188,0.46422119140624996,1.0,2.713,0.532,1.0,0.966,0.0056,0.9
0.0007719020768240672,0.6040652990341187,0.463736152648926,1.0,2.713,0.532,1.0,0.966,0.0056,0.9
0.0003852068067124343,0.6271781921386719,0.46414184570312517,1.0,2.713,0.532,1.0,0.966,0.0056,0.9
0.0005243413046645851,0.5844435530993753,0.46318647956729425,1.0,2.713,0.532,1.0,0.966,0.0056,0.9
0.0004130575288386119,0.5976427206354147,0.4633930031632929,1.0,2.713,0.532,1.0,0.966,0.0056,0.9
0.00022820516305198707,0.5932337285304126,0.4633856859207422,1.0,2.713,0.532,1.0,0.966,0.0056,0.9
9.730628406793453e-5,0.6013116233118678,0.46352230305194836,1.0,2.713,0.532,1.0,0.966,0.0056,0.9
0.00016535345935764134,0.6207259672326682,0.4639958720601351,1.0,2.713,0.532,1.0,0.966,0.0056,0.9
0.0005750424430816621,0.6148009544570894,0.46394578253880736,1.0,2.713,0.532,1.0,0.966,0.0056,0.9
0.00020006041460393585,0.6225873737730205,0.46403174169474104,1.0,2.713,0.532,1.0,0.966,0.0056,0.9
0.0009142883400215988,0.5764042930290851,0.46298422258311533,1.0,2.713,0.532,1.0,0.966,0.0056,0.9
0.000443264824063309,0.587662030171135,0.4632844138841658,1.0,2.713,0.532,1.0,0.966,0.0056,0.9
0.0006231359915778881,0.629575258619059,0.46421859793116715,1.0,2.713,0.532,1.0,0.966,0.0056,0.9
0.000653813365729443,0.5814166231761113,0.463115709977448,1.0,2.713,0.532,1.0,0.966,0.0056,0.9
0.0002674761338010829,0.6171755732924737,0.4639561376533506,1.0,2.713,0.532,1.0,0.966,0.0056,0.9
0.0005152545761328469,0.6295559146007497,0.46420037970319883,1.0,2.713,0.532,1.0,0.966,0.0056,0.9
9.878700434744047e-5,0.6034976379007571,0.4636367752858187,1.0,2.713,0.532,1.0,0.966,0.0056,0.9
0.00010796776381176597,0.5986669064503054,0.4635078187356114,1.0,2.713,0.532,1.0,0.966,0.0056,0.9
0.0008789437001424606,0.6293555756228056,0.46424480742344865,1.0,2.713,0.532,1.0,0.966,0.0056,0.9
0.000520680110501199,0.5894291242078656,0.4632290372212683,1.0,2.713,0.532,1.0,0.966,0.0056,0.9
0.0007666240298679959,0.635840359010021,0.4642482450095656,1.0,2.713,0.532,1.0,0.966,0.0056,0.9
0.0005461435843259618,0.5882190350033795,0.46332644692364955,1.0,2.713,0.532,1.0,0.966,0.0056,0.9
0.00020482552794728399,0.5940955150986439,0.4633851207923888,1.0,2.713,0.532,1.0,0.966,0.0056,0.9
0.0006838178820005706,0.5835062993355904,0.46310917988045375,1.0,2.713,0.532,1.0,0.966,0.0056,0.9
0.0002853773788526768,0.593136866014949,0.4634094715984463,1.0,2.713,0.532,1.0,0.966,0.0056,0.9
0.0006853778427628088,0.6161731271422535,0.4639833508937389,1.0,2.713,0.532,1.0,0.966,0.0056,0.9
1.0083274803085414,0.0,0.4590755127722875,1.0,2.713,0.532,1.0,0.966,0.0056,0.9
0.0005078044242567695,0.5894866122604245,0.46335507058377357,1.0,2.713,0.532,1.0,0.966,0.0056,0.9
0.0003830248133643254,0.6109220311161401,0.4638463050630913,1.0,2.713,0.532,1.0,0.966,0.0056,0.9
0.0005932153521608667,0.5947100570495369,0.4633144644377253,1.0,2.713,0.532,1.0,0.966,0.0056,0.9
1.0083302418007007,0.0,0.45907513633744923,1.0,2.713,0.532,1.0,0.966,0.0056,0.9
1.0083289926059407,0.0,0.4590753054798604,1.0,2.713,0.532,1.0,0.966,0.0056,0.9
7.580681536365104e-5,0.6130138415521671,0.46376795638077567,1.0,2.713,0.532,1.0,0.966,0.0056,0.9
0.0003901077863232613,0.622868245317882,0.4640768751997981,1.0,2.713,0.532,1.0,0.966,0.0056,0.9
0.00024769403702841946,0.594597957420367,0.4634415169622208,1.0,2.713,0.532,1.0,0.966,0.0056,0.9
0.0006700965749567486,0.5820994000579975,0.46316302320361424,1.0,2.713,0.532,1.0,0.966,0.0056,0.9
0.0007213007025198893,0.5855182992050411,0.4631327107689016,1.0,2.713,0.532,1.0,0.966,0.0056,0.9
0.0006930383038176919,0.5826535224914551,0.4631889343261718,1.0,2.713,0.532,1.0,0.966,0.0056,0.9
0.0002291455355430724,0.5998830623608502,0.46357718866713343,1.0,2.713,0.532,1.0,0.966,0.0056,0.9
0.00032014640339019526,0.6030463519619993,0.4635122691576003,1.0,2.713,0.532,1.0,0.966,0.0056,0.9
0.0002374795212358049,0.5927454178596603,0.4633623041251453,1.0,2.713,0.532,1.0,0.966,0.0056,0.9
0.00023270550494465268,0.6228384370508715,0.4640455646940351,1.0,2.713,0.532,1.0,0.966,0.0056,0.9
0.0003987055973681391,0.5985159927655744,0.4634118001663686,1.0,2.713,0.532,1.0,0.966,0.0056,0.9
0.0002861386397703915,0.6241302671816921,0.46400114764041894,1.0,2.713,0.532,1.0,0.966,0.0056,0.9
0.0007221632473087338,0.6156679254972519,0.4639764642647863,1.0,2.713,0.532,1.0,0.966,0.0056,0.9
0.00012069053942577842,0.6007297606786144,0.4635733091636448,1.0,2.713,0.532,1.0,0.966,0.0056,0.9
0.0005207777652388011,0.6007911795669327,0.463442672164267,1.0,2.713,0.532,1.0,0.966,0.0056,0.9
0.0007400750340177109,0.5972345857457986,0.46334916409144156,1.0,2.713,0.532,1.0,0.966,0.0056,0.9
0.0005238763531166169,0.6217044760276436,0.4640734411328434,1.0,2.713,0.532,1.0,0.966,0.0056,0.9
8.180829217569987e-5,0.6186317523739299,0.46392440823688796,1.0,2.713,0.532,1.0,0.966,0.0056,0.9
0.0006295697308933394,0.6344117270024421,0.4642400582291739,1.0,2.713,0.532,1.0,0.966,0.0056,0.9
0.00024750566939718956,0.6194596402148327,0.46399456071486406,1.0,2.713,0.532,1.0,0.966,0.0056,0.9
0.000437133886133008,0.5967970556981665,0.46353391039797,1.0,2.713,0.532,1.0,0.966,0.0056,0.9
0.00029503989515873623,0.5956415017127255,0.4634817788675427,1.0,2.713,0.532,1.0,0.966,0.0056,0.9
0.0005919412817256722,0.583997590068561,0.4631388058013932,1.0,2.713,0.532,1.0,0.966,0.0056,0.9
9.354461052090363e-5,0.6112453690602844,0.4638080578584243,1.0,2.713,0.532,1.0,0.966,0.0056,0.9
3.733577978410424e-5,0.6100202336941585,0.46376653749087104,1.0,2.713,0.532,1.0,0.966,0.0056,0.9
0.0006176104403638,0.6325967313275218,0.464257379055798,1.0,2.713,0.532,1.0,0.966,0.0056,0.9
1.008327444258412,0.0,0.4590755178220245,1.0,2.713,0.532,1.0,0.966,0.0056,0.9
0.0007426665848709507,0.5825710112709137,0.4631973447945627,1.0,2.713,0.532,1.0,0.966,0.0056,0.9
0.0005314784580893565,0.5926791455053041,0.46344359865892476,1.0,2.713,0.532,1.0,0.966,0.0056,0.9
0.0006229713809166323,0.589214194688278,0.4632095160622032,1.0,2.713,0.532,1.0,0.966,0.0056,0.9
0.000726639699346764,0.6002682130179233,0.46341203969300104,1.0,2.713,0.532,1.0,0.966,0.0056,0.9
0.0004086333974369022,0.5984611511230469,0.463409423828125,1.0,2.713,0.532,1.0,0.966,0.0056,0.9
0.0006160446085562881,0.5822879418864684,0.4631395271201254,1.0,2.713,0.532,1.0,0.966,0.0056,0.9
0.0006596138617185037,0.584099229758845,0.46322723399581717,1.0,2.713,0.532,1.0,0.966,0.0056,0.9
0.0007641516783477069,0.6206692555993352,0.4640777588296641,1.0,2.713,0.532,1.0,0.966,0.0056,0.9
0.0009735260869911598,0.5822813987652513,0.46304431447949407,1.0,2.713,0.532,1.0,0.966,0.0056,0.9
0.0002455604360147159,0.604805777889771,0.46355873673148507,1.0,2.713,0.532,1.0,0.966,0.0056,0.9
0.0005605989042311056,0.6010969862794949,0.4634447633262757,1.0,2.713,0.532,1.0,0.966,0.0056,0.9
0.0008846540936280549,0.5766729118074638,0.46301121388263744,1.0,2.713,0.532,1.0,0.966,0.0056,0.9
0.0006014020313107307,0.6081721025800033,0.4635895384411136,1.0,2.713,0.532,1.0,0.966,0.0056,0.9
0.0008099241331855595,0.5936968518655181,0.46327239673092674,1.0,2.713,0.532,1.0,0.966,0.0056,0.9
0.0007963640611985945,0.5941709619798418,0.4632829879361793,1.0,2.713,0.532,1.0,0.966,0.0056,0.9
0.00017172611378785325,0.6113901869083367,0.46382669972119606,1.0,2.713,0.532,1.0,0.966,0.0056,0.9
0.0005468575229568594,0.6190631788543443,0.46402656415462806,1.0,2.713,0.532,1.0,0.966,0.0056,0.9
0.00032361762133717133,0.5943388102050133,0.46345281521864123,1.0,2.713,0.532,1.0,0.966,0.0056,0.9
0.00046776899698610524,0.6235902183580926,0.4639559640391442,1.0,2.713,0.532,1.0,0.966,0.0056,0.9
0.0007829299099727572,0.6019568600183448,0.46369010816726697,1.0,2.713,0.532,1.0,0.966,0.0056,0.9
0.0006801035668305151,0.6108574753407925,0.46364097187965286,1.0,2.713,0.532,1.0,0.966,0.0056,0.9
0.000834779966762827,0.6208764128993776,0.4638543304795383,1.0,2.713,0.532,1.0,0.966,0.0056,0.9
0.0002399551443024375,0.5926466413104612,0.46336373990752977,1.0,2.713,0.532,1.0,0.966,0.0056,0.9
1.0083354404727565,0.0,0.4590744397320565,1.0,2.713,0.532,1.0,0.966,0.0056,0.9
0.00031129810990283835,0.5980585394733102,0.46341582382045465,1.0,2.713,0.532,1.0,0.966,0.0056,0.9
3.520154494766993e-5,0.6052650177390142,0.46365772688791373,1.0,2.713,0.532,1.0,0.966,0.0056,0.9
0.0002961548107939274,0.5908177981404895,0.4633293775167584,1.0,2.713,0.532,1.0,0.966,0.0056,0.9
0.0007190710350068165,0.5803646586084232,0.4630720792314529,1.0,2.713,0.532,1.0,0.966,0.0056,0.9
0.0001496905940135611,0.6197369414252772,0.4639766196653503,1.0,2.713,0.532,1.0,0.966,0.0056,0.9
0.00030971657655503047,0.6199413509131477,0.46388823279745883,1.0,2.713,0.532,1.0,0.966,0.0056,0.9
0.0005360561777857587,0.5855442160244434,0.4632422783866842,1.0,2.713,0.532,1.0,0.966,0.0056,0.9
0.0006851848071466872,0.5849756198510319,0.46325839491996695,1.0,2.713,0.532,1.0,0.966,0.0056,0.9
0.0004196968432676166,0.6139047590152212,0.4639116893957384,1.0,2.713,0.532,1.0,0.966,0.0056,0.9
0.0001079318844367089,0.6117329162187171,0.4638212861590414,1.0,2.713,0.532,1.0,0.966,0.0056,0.9
0.00040203974439587234,0.5876282849744818,0.4632568984416142,1.0,2.713,0.532,1.0,0.966,0.0056,0.9
0.0009910329808187894,0.6163161540048036,0.4640105828434734,1.0,2.713,0.532,1.0,0.966,0.0056,0.9
0.00012351495201128827,0.6054959194084877,0.46359435364818835,1.0,2.713,0.532,1.0,0.966,0.0056,0.9
0.00048476426009470315,0.6142827938710183,0.46392634161812685,1.0,2.713,0.532,1.0,0.966,0.0056,0.9
0.0002670956093444674,0.6144690133827873,0.463903769274429,1.0,2.713,0.532,1.0,0.966,0.0056,0.9
0.00020949453355391626,0.5987069683427113,0.46354367143981634,1.0,2.713,0.532,1.0,0.966,0.0056,0.9
0.00021942076387247784,0.6025326152907406,0.46351707334561354,1.0,2.713,0.532,1.0,0.966,0.0056,0.9
0.00043604356627808367,0.6062732875330625,0.46375276379309865,1.0,2.713,0.532,1.0,0.966,0.0056,0.9
0.0001515076326336218,0.5983580401823358,0.4635189462839395,1.0,2.713,0.532,1.0,0.966,0.0056,0.9
1.008327444556203,0.0,0.45907551778018646,1.0,2.713,0.532,1.0,0.966,0.0056,0.9
9.427393424296227e-5,0.599374507836905,0.46352231679965833,1.0,2.713,0.532,1.0,0.966,0.0056,0.9
0.0005664817152148425,0.6007061307581343,0.46364151285279115,1.0,2.713,0.532,1.0,0.966,0.0056,0.9
0.00030741274754683825,0.615852838111306,0.46393655417962376,1.0,2.713,0.532,1.0,0.966,0.0056,0.9
0.0008138509666045766,0.6238615833778403,0.4639262725652814,1.0,2.713,0.532,1.0,0.966,0.0056,0.9
0.0009769781577326048,0.6023177267961655,0.4634344685993664,1.0,2.713,0.532,1.0,0.966,0.0056,0.9
0.00046477322061181465,0.6310989075986585,0.4641771448774039,1.0,2.713,0.532,1.0,0.966,0.0056,0.9
0.0009095969983351103,0.605313539114831,0.463774573191431,1.0,2.713,0.532,1.0,0.966,0.0056,0.9
0.00013200844105946293,0.6209854233696638,0.4639650034962082,1.0,2.713,0.532,1.0,0.966,0.0056,0.9
0.0003884283382107677,0.5953960656962017,0.4633543314460755,1.0,2.713,0.532,1.0,0.966,0.0056,0.9
0.0007366376107811984,0.5797567826302392,0.46306671121194676,1.0,2.713,0.532,1.0,0.966,0.0056,0.9
0.0002569962793718141,0.5992020055897977,0.46356546897799095,1.0,2.713,0.532,1.0,0.966,0.0056,0.9
9.963829410318458e-5,0.6146884264170234,0.4638769794080378,1.0,2.713,0.532,1.0,0.966,0.0056,0.9
0.00064247031106651,0.5871438015111929,0.4633127261882671,1.0,2.713,0.532,1.0,0.966,0.0056,0.9
0.000556142407657198,0.62374577041861,0.463949007860998,1.0,2.713,0.532,1.0,0.966,0.0056,0.9
0.0006686083407883355,0.6206337357423684,0.4640684176375828,1.0,2.713,0.532,1.0,0.966,0.0056,0.9
0.0009520758528993401,0.5808933241413301,0.46318302691100266,1.0,2.713,0.532,1.0,0.966,0.0056,0.9
0.0008626371954567543,0.5832463137566757,0.463236971132088,1.0,2.713,0.532,1.0,0.966,0.0056,0.9
0.000759353609274002,0.6310259289680211,0.46410994293692426,1.0,2.713,0.532,1.0,0.966,0.0056,0.9
0.00040386495600174867,0.6295954275668819,0.4641648631148029,1.0,2.713,0.532,1.0,0.966,0.0056,0.9
0.0006048647042590642,0.5829631640597006,0.4631285628254076,1.0,2.713,0.532,1.0,0.966,0.0056,0.9
0.00044045319703384914,0.5886487642871312,0.46331596157198274,1.0,2.713,0.532,1.0,0.966,0.0056,0.9
0.0007950325536668218,0.6090256908854172,0.4635915902005558,1.0,2.713,0.532,1.0,0.966,0.0056,0.9
0.0003817785964468474,0.628311945690299,0.46410214377814535,1.0,2.713,0.532,1.0,0.966,0.0056,0.9
0.0007288920137492315,0.6020243318007515,0.4634481450365813,1.0,2.713,0.532,1.0,0.966,0.0056,0.9
0.000811312498141597,0.5856832181640766,0.46329694695957135,1.0,2.713,0.532,1.0,0.966,0.0056,0.9
0.0004325744326498204,0.5914426637722165,0.46339531903718867,1.0,2.713,0.532,1.0,0.966,0.0056,0.9
0.0005941710439888283,0.6009222772429453,0.4636492876633673,1.0,2.713,0.532,1.0,0.966,0.0056,0.9
0.0001440514823543695,0.6216463130838797,0.463986553878701,1.0,2.713,0.532,1.0,0.966,0.0056,0.9
0.00015833794934533527,0.6178481678372618,0.46386450799451107,1.0,2.713,0.532,1.0,0.966,0.0056,0.9
0.0005722814752885586,0.5842107705250175,0.4631474012497068,1.0,2.713,0.532,1.0,0.966,0.0056,0.9
0.0008829978617988577,0.5842844266031426,0.4632683015985093,1.0,2.713,0.532,1.0,0.966,0.0056,0.9
0.0007139597547340133,0.6134012139062583,0.46369429434223186,1.0,2.713,0.532,1.0,0.966,0.0056,0.9
0.000745035570582578,0.5798568369324744,0.46305960174410665,1.0,2.713,0.532,1.0,0.966,0.0056,0.9
0.0006665011371874872,0.5936645004259988,0.46328623859502077,1.0,2.713,0.532,1.0,0.966,0.0056,0.9
1.0083434698473808,0.0,0.4590733751751298,1.0,2.713,0.532,1.0,0.966,0.0056,0.9
0.0001579134665761838,0.6046823956007428,0.4636781505119802,1.0,2.713,0.532,1.0,0.966,0.0056,0.9
0.0007790107752132864,0.63637644838889,0.4643278940884588,1.0,2.713,0.532,1.0,0.966,0.0056,0.9
0.0007039528943456715,0.6293706035682181,0.4640733368313909,1.0,2.713,0.532,1.0,0.966,0.0056,0.9
0.0007089632374885982,0.6282417596284424,0.46420830593234386,1.0,2.713,0.532,1.0,0.966,0.0056,0.9
0.00030541954486517194,0.6216697981336616,0.4640429178047182,1.0,2.713,0.532,1.0,0.966,0.0056,0.9
1.0083279915322834,0.0,0.4590754421198579,1.0,2.713,0.532,1.0,0.966,0.0056,0.9
0.0006226257276770426,0.6148169655986165,0.4637338913257566,1.0,2.713,0.532,1.0,0.966,0.0056,0.9
0.0003117594805203069,0.6240052058309782,0.46408156435621284,1.0,2.713,0.532,1.0,0.966,0.0056,0.9
0.00018926481727359442,0.6212710912108241,0.46401108617062753,1.0,2.713,0.532,1.0,0.966,0.0056,0.9
0.00042539052098819566,0.5869683199576994,0.46323939249424945,1.0,2.713,0.532,1.0,0.966,0.0056,0.9
0.0006768179815946412,0.6289391590164657,0.46421584990449366,1.0,2.713,0.532,1.0,0.966,0.0056,0.9
0.000514354053649819,0.6311330954640698,0.4641555331384507,1.0,2.713,0.532,1.0,0.966,0.0056,0.9
0.0007198031865389173,0.6179167143575695,0.46402077131520647,1.0,2.713,0.532,1.0,0.966,0.0056,0.9
0.0005858873616276794,0.626428473302076,0.464163531075899,1.0,2.713,0.532,1.0,0.966,0.0056,0.9
0.00014735501155455495,0.606499195098877,0.4636100769042968,1.0,2.713,0.532,1.0,0.966,0.0056,0.9
0.0009138651627477969,0.5768531973622604,0.46298342969544287,1.0,2.713,0.532,1.0,0.966,0.0056,0.9
0.00015164998439107046,0.5972061157226562,0.46343994140625006,1.0,2.713,0.532,1.0,0.966,0.0056,0.9
0.0007864706687092734,0.625721332945878,0.4639734388752259,1.0,2.713,0.532,1.0,0.966,0.0056,0.9
7.200840894369039e-5,0.6029774140195744,0.46356005277624424,1.0,2.713,0.532,1.0,0.966,0.0056,0.9
0.0004478305137724318,0.5871399039018269,0.4632165014490338,1.0,2.713,0.532,1.0,0.966,0.0056,0.9
0.0008712166759134273,0.6265108975299308,0.46398488825007034,1.0,2.713,0.532,1.0,0.966,0.0056,0.9
0.0004869469408303348,0.6012619396221086,0.4634558914794932,1.0,2.713,0.532,1.0,0.966,0.0056,0.9
0.0005012980244271551,0.6231725386986653,0.4640971571017385,1.0,2.713,0.532,1.0,0.966,0.0056,0.9
0.0009379705913283037,0.6079712211310481,0.46383405837258473,1.0,2.713,0.532,1.0,0.966,0.0056,0.9
0.0006185980484068331,0.6304639551841787,0.46423089365606607,1.0,2.713,0.532,1.0,0.966,0.0056,0.9
0.0005804789458608101,0.5921195625975053,0.4632672945170532,1.0,2.713,0.532,1.0,0.966,0.0056,0.9
0.0007341210619963194,0.5807328261468696,0.46306645170508187,1.0,2.713,0.532,1.0,0.966,0.0056,0.9
0.000347335501030572,0.6013731626600629,0.4634749298834117,1.0,2.713,0.532,1.0,0.966,0.0056,0.9
0.0009605868260618838,0.6326682531531577,0.4643072019483712,1.0,2.713,0.532,1.0,0.966,0.0056,0.9
0.00041983969037350774,0.5895819905885715,0.4632521074716101,1.0,2.713,0.532,1.0,0.966,0.0056,0.9
0.0006690217035598751,0.5996799589727699,0.46340526802179777,1.0,2.713,0.532,1.0,0.966,0.0056,0.9
0.00034626759507242155,0.5942025759944098,0.46334037971921205,1.0,2.713,0.532,1.0,0.966,0.0056,0.9
0.0002180261416301012,0.6078055952997667,0.46375822661595356,1.0,2.713,0.532,1.0,0.966,0.0056,0.9
0.00017006137930843286,0.5985202845126318,0.46345304535512766,1.0,2.713,0.532,1.0,0.966,0.0056,0.9
0.0005664498330110135,0.6332152206768478,0.46424235938148783,1.0,2.713,0.532,1.0,0.966,0.0056,0.9
0.0005818415178361726,0.5993891065014507,0.4636126249910141,1.0,2.713,0.532,1.0,0.966,0.0056,0.9
0.0005674883172713132,0.5855237465542208,0.4631619974455571,1.0,2.713,0.532,1.0,0.966,0.0056,0.9
0.0007853959840884111,0.6050459427286761,0.4635069206147938,1.0,2.713,0.532,1.0,0.966,0.0056,0.9
0.00027308432567419886,0.6158490336778868,0.4637962604347933,1.0,2.713,0.532,1.0,0.966,0.0056,0.9
0.0007305263676707941,0.5987573342457455,0.4633808146215159,1.0,2.713,0.532,1.0,0.966,0.0056,0.9
0.0007620174579941829,0.6057131175012234,0.4635230130273849,1.0,2.713,0.532,1.0,0.966,0.0056,0.9
0.00014160115188532516,0.5988035173723398,0.46346636091847415,1.0,2.713,0.532,1.0,0.966,0.0056,0.9
0.0007165133538634831,0.5871864616805006,0.4631614307198074,1.0,2.713,0.532,1.0,0.966,0.0056,0.9
0.00037437348010739666,0.5934508117635466,0.4633222888716976,1.0,2.713,0.532,1.0,0.966,0.0056,0.9
0.0007513057995200469,0.5793696837156259,0.463076189904224,1.0,2.713,0.532,1.0,0.966,0.0056,0.9
0.0004128929659545533,0.6100553178030204,0.4638315146303177,1.0,2.713,0.532,1.0,0.966,0.0056,0.9
0.00037828239451817374,0.6213580392058254,0.4639128930300029,1.0,2.713,0.532,1.0,0.966,0.0056,0.9
0.0009466011671071414,0.6106167074435215,0.463614844036877,1.0,2.713,0.532,1.0,0.966,0.0056,0.9
0.00041705411306859413,0.6015675334145235,0.4634700705041439,1.0,2.713,0.532,1.0,0.966,0.0056,0.9
0.0004346154090310398,0.5920777743862395,0.4632881400516986,1.0,2.713,0.532,1.0,0.966,0.0056,0.9
0.0002185838523490306,0.5946140877278852,0.46343182478934536,1.0,2.713,0.532,1.0,0.966,0.0056,0.9
0.0006273375328234904,0.5908054664420682,0.46323729396035523,1.0,2.713,0.532,1.0,0.966,0.0056,0.9
0.0005655677615743372,0.594270637871022,0.4633093150691051,1.0,2.713,0.532,1.0,0.966,0.0056,0.9
0.0007842403266906656,0.618377231471146,0.46403527713182396,1.0,2.713,0.532,1.0,0.966,0.0056,0.9
0.00025742672783665634,0.5975341504170248,0.4634157803484708,1.0,2.713,0.532,1.0,0.966,0.0056,0.9
0.0008246083026718871,0.6377762229572195,0.46434516984529783,1.0,2.713,0.532,1.0,0.966,0.0056,0.9
0.0007195644175668402,0.5927175147453557,0.46326240390837203,1.0,2.713,0.532,1.0,0.966,0.0056,0.9
0.0004632007198206907,0.5881717640739219,0.46330714144739804,1.0,2.713,0.532,1.0,0.966,0.0056,0.9
0.0008996665458389098,0.5775752765812077,0.46299181693706976,1.0,2.713,0.532,1.0,0.966,0.0056,0.9
1.0673139992289212e-5,0.6106915940999826,0.46376697824479357,1.0,2.713,0.532,1.0,0.966,0.0056,0.9
0.00048288349351056925,0.613924913958542,0.46372729479734126,1.0,2.713,0.532,1.0,0.966,0.0056,0.9
3.29137189204958e-6,0.6082162350556917,0.46369372983820695,1.0,2.713,0.532,1.0,0.966,0.0056,0.9
5.2627036415225805e-5,0.61567477743523,0.46387709885815387,1.0,2.713,0.532,1.0,0.966,0.0056,0.9
0.00015061960500679605,0.6027494065566512,0.4636312369979524,1.0,2.713,0.532,1.0,0.966,0.0056,0.9
0.00019818589163929406,0.6005746746949112,0.46358822408364864,1.0,2.713,0.532,1.0,0.966,0.0056,0.9
0.0001790765335766546,0.6006025745583325,0.463487684708876,1.0,2.713,0.532,1.0,0.966,0.0056,0.9
0.00038978606714781637,0.6065812177964529,0.46375427244788275,1.0,2.713,0.532,1.0,0.966,0.0056,0.9
0.0007170723022935779,0.6001928006975847,0.46364431554242014,1.0,2.713,0.532,1.0,0.966,0.0056,0.9
0.0005794358531631294,0.5918559917599084,0.463262604618359,1.0,2.713,0.532,1.0,0.966,0.0056,0.9
0.0008362889748573547,0.5835183121532628,0.46308317440374613,1.0,2.713,0.532,1.0,0.966,0.0056,0.9
0.0008062883751426887,0.6314393744550103,0.46411521837228664,1.0,2.713,0.532,1.0,0.966,0.0056,0.9
0.00035423632999513784,0.5960634748661899,0.4635034097975688,1.0,2.713,0.532,1.0,0.966,0.0056,0.9
0.0006528246687335337,0.6011581559328201,0.46366038339283755,1.0,2.713,0.532,1.0,0.966,0.0056,0.9
0.0003508553226224703,0.5932013522961138,0.4633227172139648,1.0,2.713,0.532,1.0,0.966,0.0056,0.9
0.0009015064386606386,0.5765894594320784,0.46302472754211943,1.0,2.713,0.532,1.0,0.966,0.0056,0.9
0.0006574031929384897,0.5956995252572114,0.46353322817963927,1.0,2.713,0.532,1.0,0.966,0.0056,0.9
0.00048114973292021686,0.5882424608652658,0.46331374640021505,1.0,2.713,0.532,1.0,0.966,0.0056,0.9
0.0007169433284001967,0.6224290305644283,0.46390093835045626,1.0,2.713,0.532,1.0,0.966,0.0056,0.9
0.0006169332447774267,0.582514546554129,0.4631230612449403,1.0,2.713,0.532,1.0,0.966,0.0056,0.9
0.000636829901093133,0.6107641426489718,0.46364268197238634,1.0,2.713,0.532,1.0,0.966,0.0056,0.9
0.00035404788384340517,0.594804561472057,0.46334939952651283,1.0,2.713,0.532,1.0,0.966,0.0056,0.9
0.0007003698705996945,0.602690437293414,0.46346450996747046,1.0,2.713,0.532,1.0,0.966,0.0056,0.9
0.0007242038904055387,0.6215756722866232,0.46409131940381476,1.0,2.713,0.532,1.0,0.966,0.0056,0.9
0.00043227049545564104,0.6269993435167536,0.46405010664841373,1.0,2.713,0.532,1.0,0.966,0.0056,0.9
0.0004475748764542603,0.5864417562117683,0.46321886574304955,1.0,2.713,0.532,1.0,0.966,0.0056,0.9
0.00010467152903268275,0.5993360487522768,0.46352793619731336,1.0,2.713,0.532,1.0,0.966,0.0056,0.9
0.0009070089785990923,0.5769267481202786,0.4629862856003213,1.0,2.713,0.532,1.0,0.966,0.0056,0.9
0.0004150033431290117,0.6258286791856527,0.46412896965915335,1.0,2.713,0.532,1.0,0.966,0.0056,0.9
0.0007415304505889576,0.6015885309462413,0.4636782313629468,1.0,2.713,0.532,1.0,0.966,0.0056,0.9
0.0009623895420246559,0.6020546269562059,0.46370673422905334,1.0,2.713,0.532,1.0,0.966,0.0056,0.9
0.0006946038479269871,0.6020249720545343,0.46345117169882905,1.0,2.713,0.532,1.0,0.966,0.0056,0.9
0.00041062514321554356,0.5886706027053888,0.4632436410732058,1.0,2.713,0.532,1.0,0.966,0.0056,0.9
0.0002717038774131254,0.5924528582782504,0.46338256938669764,1.0,2.713,0.532,1.0,0.966,0.0056,0.9
0.0008104407567802591,0.5892269485636139,0.46338953682300194,1.0,2.713,0.532,1.0,0.966,0.0056,0.9
0.0003580725150571594,0.5921359345960799,0.4633042221561735,1.0,2.713,0.532,1.0,0.966,0.0056,0.9
0.0003207091788091981,0.6100574729596984,0.4636599280805068,1.0,2.713,0.532,1.0,0.966,0.0056,0.9
0.00024808334206760803,0.6254220958482241,0.4640663866357348,1.0,2.713,0.532,1.0,0.966,0.0056,0.9
0.0008441438260707055,0.5889387171191947,0.46338586063667087,1.0,2.713,0.532,1.0,0.966,0.0056,0.9
0.00017380957452828533,0.6194678108105867,0.46390222438888834,1.0,2.713,0.532,1.0,0.966,0.0056,0.9
0.000802151162778974,0.5913789685741508,0.4634427271918118,1.0,2.713,0.532,1.0,0.966,0.0056,0.9
1.276341873387065e-5,0.6062020946166067,0.46364785716971596,1.0,2.713,0.532,1.0,0.966,0.0056,0.9
0.0005692515115119025,0.5882205030256025,0.46333059460029874,1.0,2.713,0.532,1.0,0.966,0.0056,0.9
3.6026264001144e-5,0.6117591515798786,0.4637518556312811,1.0,2.713,0.532,1.0,0.966,0.0056,0.9
0.0004972846269497087,0.5975441300770983,0.46355962930481115,1.0,2.713,0.532,1.0,0.966,0.0056,0.9
0.0005849011877078799,0.6010273354054598,0.46365076269999406,1.0,2.713,0.532,1.0,0.966,0.0056,0.9
1.008329012051535,0.0,0.4590753028375966,1.0,2.713,0.532,1.0,0.966,0.0056,0.9
0.00017007065080769604,0.6003939623057346,0.46348584760464906,1.0,2.713,0.532,1.0,0.966,0.0056,0.9
0.00023019022201504935,0.5930214694332013,0.46337506595467576,1.0,2.713,0.532,1.0,0.966,0.0056,0.9
0.00027141377329140305,0.6180805456966239,0.4638491128750469,1.0,2.713,0.532,1.0,0.966,0.0056,0.9
0.0009332357466868367,0.5934707862411054,0.4635061058344955,1.0,2.713,0.532,1.0,0.966,0.0056,0.9
0.0002420829445731611,0.5936209687021772,0.4633591732097483,1.0,2.713,0.532,1.0,0.966,0.0056,0.9
0.0006550241198146438,0.6331701278686523,0.46427154541015625,1.0,2.713,0.532,1.0,0.966,0.0056,0.9
0.0001164541443530396,0.5993275262200028,0.4635333562083055,1.0,2.713,0.532,1.0,0.966,0.0056,0.9
1.5620996020636813e-5,0.6133959086762781,0.4638114392864513,1.0,2.713,0.532,1.0,0.966,0.0056,0.9
0.0005633633350573759,0.6278625187816574,0.4640522186910689,1.0,2.713,0.532,1.0,0.966,0.0056,0.9
0.0006537578358061499,0.5961169165424894,0.46354285756760805,1.0,2.713,0.532,1.0,0.966,0.0056,0.9
0.0005580799723737863,0.5931930869859967,0.4634601789956233,1.0,2.713,0.532,1.0,0.966,0.0056,0.9
0.0004204119802495915,0.5877722391285333,0.4632325228169618,1.0,2.713,0.532,1.0,0.966,0.0056,0.9
0.0003481971755939704,0.6145534043011063,0.46375655604606103,1.0,2.713,0.532,1.0,0.966,0.0056,0.9
0.0002904720958178712,0.5936297311132255,0.4633434390704383,1.0,2.713,0.532,1.0,0.966,0.0056,0.9
0.0006515263303919744,0.6071080988207056,0.4637922221385251,1.0,2.713,0.532,1.0,0.966,0.0056,0.9
0.0006460264824334341,0.5953593051683969,0.4635238258661811,1.0,2.713,0.532,1.0,0.966,0.0056,0.9
0.0002309883131043083,0.5997562544376172,0.4635744050562185,1.0,2.713,0.532,1.0,0.966,0.0056,0.9
0.0007659134368662714,0.6371573354495712,0.464313162400942,1.0,2.713,0.532,1.0,0.966,0.0056,0.9
0.0001386399606865513,0.6018104553222656,0.46351928710937507,1.0,2.713,0.532,1.0,0.966,0.0056,0.9
0.0006146306048661676,0.6231035712403417,0.46392704198175827,1.0,2.713,0.532,1.0,0.966,0.0056,0.9
0.0006286469402961965,0.6338060617443275,0.4642698222898778,1.0,2.713,0.532,1.0,0.966,0.0056,0.9
0.00095707235245979,0.6040347205149807,0.46347220238539066,1.0,2.713,0.532,1.0,0.966,0.0056,0.9
0.0009472274125041702,0.5976781316461082,0.4636062270925093,1.0,2.713,0.532,1.0,0.966,0.0056,0.9
0.0005569698021837454,0.5928650391560868,0.46345174274587086,1.0,2.713,0.532,1.0,0.966,0.0056,0.9
0.0006734428976994283,0.5839608496554469,0.46311747364542677,1.0,2.713,0.532,1.0,0.966,0.0056,0.9
0.0002543673135562203,0.5922174735046046,0.46336037475467556,1.0,2.713,0.532,1.0,0.966,0.0056,0.9
0.0007711467028742528,0.586286943110535,0.46313861458198796,1.0,2.713,0.532,1.0,0.966,0.0056,0.9
0.0005057496928073341,0.5966738335107298,0.4635396617208252,1.0,2.713,0.532,1.0,0.966,0.0056,0.9
0.0008544538643192827,0.5773562454952231,0.4630356149856094,1.0,2.713,0.532,1.0,0.966,0.0056,0.9
0.0008280368566029588,0.577831390563686,0.463043371165479,1.0,2.713,0.532,1.0,0.966,0.0056,0.9
0.0008732575291438665,0.5824904366503395,0.46306123870791666,1.0,2.713,0.532,1.0,0.966,0.0056,0.9
0.0006782356950201683,0.624360716216315,0.46395092042323516,1.0,2.713,0.532,1.0,0.966,0.0056,0.9
9.90232105701103e-5,0.6075144438627481,0.4637298332870479,1.0,2.713,0.532,1.0,0.966,0.0056,0.9
0.00023713223447161685,0.6211232179862516,0.464020758920474,1.0,2.713,0.532,1.0,0.966,0.0056,0.9
3.514936260984904e-5,0.6153275306811202,0.4638576918003878,1.0,2.713,0.532,1.0,0.966,0.0056,0.9
0.0008072311864345339,0.5812308884681887,0.4630535430927499,1.0,2.713,0.532,1.0,0.966,0.0056,0.9
1.00832745502111,0.0,0.4590755163119661,1.0,2.713,0.532,1.0,0.966,0.0056,0.9
0.00043478447589937044,0.60524895182275,0.4635439428734126,1.0,2.713,0.532,1.0,0.966,0.0056,0.9
1.008327986379841,0.0,0.4590754428274034,1.0,2.713,0.532,1.0,0.966,0.0056,0.9
0.00034168209284604373,0.6098885650583965,0.46365367515662487,1.0,2.713,0.532,1.0,0.966,0.0056,0.9
0.00033716151557244747,0.5929561569662403,0.4633217342154047,1.0,2.713,0.532,1.0,0.966,0.0056,0.9
0.00016211702725805042,0.6050004486776563,0.4635766021791382,1.0,2.713,0.532,1.0,0.966,0.0056,0.9
0.000516194112854782,0.5849636299460521,0.4631762558643617,1.0,2.713,0.532,1.0,0.966,0.0056,0.9
0.00024913427062350004,0.6013567187262305,0.46361638810172345,1.0,2.713,0.532,1.0,0.966,0.0056,0.9
0.00037576793271498505,0.5939432693736899,0.46333050257253605,1.0,2.713,0.532,1.0,0.966,0.0056,0.9
6.173468207774704e-5,0.6034354640480022,0.46362304807934696,1.0,2.713,0.532,1.0,0.966,0.0056,0.9
0.000852163477516264,0.622315141073925,0.46411639048683384,1.0,2.713,0.532,1.0,0.966,0.0056,0.9
0.0005983839041283802,0.6130114238675164,0.4639116696737921,1.0,2.713,0.532,1.0,0.966,0.0056,0.9
3.2465357167281585e-5,0.6037046932569232,0.46359344489991894,1.0,2.713,0.532,1.0,0.966,0.0056,0.9
1.0083286159089329,0.0,0.45907535674034555,1.0,2.713,0.532,1.0,0.966,0.0056,0.9
0.0006379035306600434,0.6131503355736142,0.4636952553818394,1.0,2.713,0.532,1.0,0.966,0.0056,0.9
0.0009484654864557464,0.5991782660816838,0.46337119209092054,1.0,2.713,0.532,1.0,0.966,0.0056,0.9
0.0007430109463813048,0.5921145881570609,0.4634547768739727,1.0,2.713,0.532,1.0,0.966,0.0056,0.9
0.0005433498690776337,0.5997649495746072,0.4636173031926756,1.0,2.713,0.532,1.0,0.966,0.0056,0.9
0.0009160103420450923,0.5801411143231636,0.4630185857165498,1.0,2.713,0.532,1.0,0.966,0.0056,0.9
0.00011313152935435188,0.6186360279448965,0.4638983724977106,1.0,2.713,0.532,1.0,0.966,0.0056,0.9
0.0004663061629715026,0.5874650770985568,0.4632853658130218,1.0,2.713,0.532,1.0,0.966,0.0056,0.9
0.0003959457605326008,0.5921877260759953,0.463408757546962,1.0,2.713,0.532,1.0,0.966,0.0056,0.9
0.0008061228946618856,0.5897287574049263,0.4631966466837048,1.0,2.713,0.532,1.0,0.966,0.0056,0.9
0.0004855741753868247,0.608568107130395,0.4636092096647386,1.0,2.713,0.532,1.0,0.966,0.0056,0.9
8.541530708498996e-5,0.6187729320150729,0.46393075964116726,1.0,2.713,0.532,1.0,0.966,0.0056,0.9
0.000382273727577407,0.6029694981176112,0.4635027717020153,1.0,2.713,0.532,1.0,0.966,0.0056,0.9
0.00039384907722094697,0.6076036870688123,0.46377699997839256,1.0,2.713,0.532,1.0,0.966,0.0056,0.9
0.0008059254495398993,0.6027073246699186,0.46370884518332733,1.0,2.713,0.532,1.0,0.966,0.0056,0.9
0.0005585831269722715,0.6149994330535816,0.46394817733016913,1.0,2.713,0.532,1.0,0.966,0.0056,0.9
0.00018697591330632437,0.6156083853011323,0.46391307277661065,1.0,2.713,0.532,1.0,0.966,0.0056,0.9
0.0004715142394999994,0.6247256567490833,0.4639839890309221,1.0,2.713,0.532,1.0,0.966,0.0056,0.9
0.000689989293493991,0.5806501710272374,0.46309310379085766,1.0,2.713,0.532,1.0,0.966,0.0056,0.9
3.359757463791714e-5,0.6131601504313072,0.4637866456323146,1.0,2.713,0.532,1.0,0.966,0.0056,0.9
0.0009093161004675278,0.5852849114613918,0.46310410775188493,1.0,2.713,0.532,1.0,0.966,0.0056,0.9
0.0009531674335840118,0.5855720562866734,0.4633108531053419,1.0,2.713,0.532,1.0,0.966,0.0056,0.9
0.00040299356957511985,0.6076821108285151,0.46377974103998865,1.0,2.713,0.532,1.0,0.966,0.0056,0.9
1.0083277492916556,0.0,0.4590754754605133,1.0,2.713,0.532,1.0,0.966,0.0056,0.9
0.00010315910804175345,0.5984594397335896,0.4634884862395492,1.0,2.713,0.532,1.0,0.966,0.0056,0.9
0.0006153865407128849,0.6017263510716928,0.46345229237725694,1.0,2.713,0.532,1.0,0.966,0.0056,0.9
1.00832817719947,0.0,0.45907541666261,1.0,2.713,0.532,1.0,0.966,0.0056,0.9
0.0009333597316337388,0.6398838849120773,0.4643617384507267,1.0,2.713,0.532,1.0,0.966,0.0056,0.9
1.0083294071623936,0.0,0.4590752492224147,1.0,2.713,0.532,1.0,0.966,0.0056,0.9
0.00024088927961385477,0.6001050632250915,0.4634663273139756,1.0,2.713,0.532,1.0,0.966,0.0056,0.9
5.63551955299593e-5,0.6134384280860001,0.46384074856155655,1.0,2.713,0.532,1.0,0.966,0.0056,0.9
0.0004943965932070727,0.6059114779896064,0.4637510656845842,1.0,2.713,0.532,1.0,0.966,0.0056,0.9
0.0003498138347989607,0.6146537969227193,0.4639184648832908,1.0,2.713,0.532,1.0,0.966,0.0056,0.9
0.0005577579246500648,0.5923894637533812,0.4634397464117564,1.0,2.713,0.532,1.0,0.966,0.0056,0.9
0.0006552563618221208,0.5833062086410163,0.4632008774617918,1.0,2.713,0.532,1.0,0.966,0.0056,0.9
0.0005585934197351066,0.6304574225442557,0.4642203817536185,1.0,2.713,0.532,1.0,0.966,0.0056,0.9
0.000368374835757261,0.6266830074046104,0.4641315519426237,1.0,2.713,0.532,1.0,0.966,0.0056,0.9
0.0006450316044992738,0.6121363370504886,0.4636721503316821,1.0,2.713,0.532,1.0,0.966,0.0056,0.9
0.0004576989094104747,0.5908466517892244,0.46338359703979404,1.0,2.713,0.532,1.0,0.966,0.0056,0.9
0.00043299667470984144,0.5963752747663524,0.46352297896048106,1.0,2.713,0.532,1.0,0.966,0.0056,0.9
0.0008818848988712672,0.5767734826857442,0.4630194291431785,1.0,2.713,0.532,1.0,0.966,0.0056,0.9
0.0005098763247149298,0.5847902495044269,0.4631870333980677,1.0,2.713,0.532,1.0,0.966,0.0056,0.9
0.00012391178012064515,0.6176526181967288,0.46393598932261415,1.0,2.713,0.532,1.0,0.966,0.0056,0.9
0.00080399034296656,0.580203010065377,0.4631347633943298,1.0,2.713,0.532,1.0,0.966,0.0056,0.9
0.00043500394809197385,0.5979247089507239,0.46339558500950007,1.0,2.713,0.532,1.0,0.966,0.0056,0.9
0.000672607439550588,0.584472694296179,0.4632412547089755,1.0,2.713,0.532,1.0,0.966,0.0056,0.9
0.0003333151730603432,0.5936344367980531,0.4634356830329488,1.0,2.713,0.532,1.0,0.966,0.0056,0.9
0.0004835033803658335,0.5854914846535814,0.46321195483439065,1.0,2.713,0.532,1.0,0.966,0.0056,0.9
0.0008223149277640334,0.5781710153973492,0.46302479325262236,1.0,2.713,0.532,1.0,0.966,0.0056,0.9
0.00032366483298877635,0.6235664544275827,0.4640772267021457,1.0,2.713,0.532,1.0,0.966,0.0056,0.9
0.00011696081098718037,0.5998031405258816,0.46354707725508637,1.0,2.713,0.532,1.0,0.966,0.0056,0.9
0.0003038491849571032,0.5907600932316148,0.463334663127004,1.0,2.713,0.532,1.0,0.966,0.0056,0.9
0.0003138068328002781,0.6186063289642334,0.4638553619384766,1.0,2.713,0.532,1.0,0.966,0.0056,0.9
0.0006764963444323509,0.6155471453170587,0.46397007637989574,1.0,2.713,0.532,1.0,0.966,0.0056,0.9
0.0007332608938923084,0.5893221140936318,0.4633831345670313,1.0,2.713,0.532,1.0,0.966,0.0056,0.9
0.000557772829647327,0.6113640111005634,0.4638738362765721,1.0,2.713,0.532,1.0,0.966,0.0056,0.9
0.0009274881105264049,0.5976918956676132,0.46360493803360175,1.0,2.713,0.532,1.0,0.966,0.0056,0.9
1.0083300372680282,0.0,0.45907516396005443,1.0,2.713,0.532,1.0,0.966,0.0056,0.9
0.0009719116886333869,0.5750929261180027,0.4629831235131852,1.0,2.713,0.532,1.0,0.966,0.0056,0.9
8.689908358339673e-6,0.6103285075213498,0.4637583001011831,1.0,2.713,0.532,1.0,0.966,0.0056,0.9
0.00021096751281389256,0.6064582359390892,0.46372751826504444,1.0,2.713,0.532,1.0,0.966,0.0056,0.9
0.00032358034706548867,0.6135491163619265,0.46389302973198127,1.0,2.713,0.532,1.0,0.966,0.0056,0.9
0.00017469501099106797,0.5993332472560216,0.4634657554605526,1.0,2.713,0.532,1.0,0.966,0.0056,0.9
0.0002228783158958653,0.6106059820262233,0.46368524398730077,1.0,2.713,0.532,1.0,0.966,0.0056,0.9
0.0006806090088467893,0.6138394752787131,0.46393597591389557,1.0,2.713,0.532,1.0,0.966,0.0056,0.9
0.00025159963136974525,0.6051858454861341,0.4637053280013873,1.0,2.713,0.532,1.0,0.966,0.0056,0.9
5.0916363882843784e-5,0.6157670438672004,0.46387734094491584,1.0,2.713,0.532,1.0,0.966,0.0056,0.9
0.000616957853367107,0.5971877947053708,0.4633602725886437,1.0,2.713,0.532,1.0,0.966,0.0056,0.9
0.0009692511776180011,0.6143857133621053,0.46397005519721,1.0,2.713,0.532,1.0,0.966,0.0056,0.9
0.0005312890013198274,0.5864073023354499,0.4631821464534636,1.0,2.713,0.532,1.0,0.966,0.0056,0.9
0.0005574836283105863,0.584977022004085,0.4632294571383827,1.0,2.713,0.532,1.0,0.966,0.0056,0.9
0.000813670688911137,0.6055472149197807,0.4635153124403363,1.0,2.713,0.532,1.0,0.966,0.0056,0.9
0.0005174894312138011,0.5860310918536384,0.4631817333287199,1.0,2.713,0.532,1.0,0.966,0.0056,0.9
0.0007073351075944632,0.6144312620162964,0.4637178421020506,1.0,2.713,0.532,1.0,0.966,0.0056,0.9
0.0008561003711428756,0.5994204324161889,0.4633835582650282,1.0,2.713,0.532,1.0,0.966,0.0056,0.9
0.0001787767248799022,0.6218042363109706,0.46401451256663145,1.0,2.713,0.532,1.0,0.966,0.0056,0.9
0.00044691170927130345,0.6102734145910647,0.46365020629004416,1.0,2.713,0.532,1.0,0.966,0.0056,0.9
8.44992715566884e-5,0.6056389332148806,0.4636064882188165,1.0,2.713,0.532,1.0,0.966,0.0056,0.9
0.00033181228131664263,0.597132686114447,0.463395251452334,1.0,2.713,0.532,1.0,0.966,0.0056,0.9
0.000627261602319779,0.6217811334619798,0.4638941391435231,1.0,2.713,0.532,1.0,0.966,0.0056,0.9
0.0004661035090765162,0.5878215821318123,0.46321696589065087,1.0,2.713,0.532,1.0,0.966,0.0056,0.9
0.0008250847470884171,0.5900873311317979,0.4634128653379378,1.0,2.713,0.532,1.0,0.966,0.0056,0.9
0.00010789783947016172,0.6034626830304706,0.4635580071144322,1.0,2.713,0.532,1.0,0.966,0.0056,0.9
0.0008076098117502583,0.5920652237072852,0.4634602339603815,1.0,2.713,0.532,1.0,0.966,0.0056,0.9
0.00035441090289401155,0.6027827684289038,0.4635024327472966,1.0,2.713,0.532,1.0,0.966,0.0056,0.9
0.0006038477455681241,0.6235433545909661,0.46393880703546875,1.0,2.713,0.532,1.0,0.966,0.0056,0.9
0.0006010289892562338,0.5887286858720054,0.46334971758706645,1.0,2.713,0.532,1.0,0.966,0.0056,0.9
0.00020555891809715047,0.6042065379137149,0.46367580241332973,1.0,2.713,0.532,1.0,0.966,0.0056,0.9
0.0001907678035698823,0.5950244340203598,0.463397847611265,1.0,2.713,0.532,1.0,0.966,0.0056,0.9
0.0009653753648534582,0.5901390906338516,0.4634279736123835,1.0,2.713,0.532,1.0,0.966,0.0056,0.9
0.0005555740167207116,0.5971840459624871,0.46336678123515246,1.0,2.713,0.532,1.0,0.966,0.0056,0.9
0.0005882895200547492,0.6272149698549279,0.46417680560313684,1.0,2.713,0.532,1.0,0.966,0.0056,0.9
0.000716860020360893,0.6301777933988233,0.46409283364960063,1.0,2.713,0.532,1.0,0.966,0.0056,0.9
0.0005404478670708945,0.5974092162667053,0.4635614383343476,1.0,2.713,0.532,1.0,0.966,0.0056,0.9
0.0006143512877014964,0.6047668719493258,0.46373768450181996,1.0,2.713,0.532,1.0,0.966,0.0056,0.9
0.00039453539525524976,0.6148071837731772,0.4637567979088093,1.0,2.713,0.532,1.0,0.966,0.0056,0.9
0.0003290479652804811,0.59213332419164,0.4633919761855214,1.0,2.713,0.532,1.0,0.966,0.0056,0.9
0.0004291814115763843,0.6251858251618354,0.4640020471573102,1.0,2.713,0.532,1.0,0.966,0.0056,0.9
0.00033437076094677517,0.5945782007283735,0.4633490804298121,1.0,2.713,0.532,1.0,0.966,0.0056,0.9
0.00031089608040040954,0.5926803619932339,0.46332408424506255,1.0,2.713,0.532,1.0,0.966,0.0056,0.9
0.0007853241757158379,0.5891154737046148,0.46318752627540943,1.0,2.713,0.532,1.0,0.966,0.0056,0.9
0.0005298054532447753,0.6224627923175139,0.46408787818566377,1.0,2.713,0.532,1.0,0.966,0.0056,0.9
0.00030588108518702896,0.5970680481490346,0.4635206950058838,1.0,2.713,0.532,1.0,0.966,0.0056,0.9
0.0009867623823001546,0.5886750815806928,0.4633935897018444,1.0,2.713,0.532,1.0,0.966,0.0056,0.9
0.0008450881282448144,0.634230797961415,0.46431678168272655,1.0,2.713,0.532,1.0,0.966,0.0056,0.9
1.0083279545406627,0.0,0.45907544720078874,1.0,2.713,0.532,1.0,0.966,0.0056,0.9
0.00015113224057810044,0.6080695367489152,0.4637527150920243,1.0,2.713,0.532,1.0,0.966,0.0056,0.9
0.0008618551998111924,0.5838609458563728,0.46308531817815635,1.0,2.713,0.532,1.0,0.966,0.0056,0.9
0.0002596561484367731,0.5925426231338379,0.4633797201658775,1.0,2.713,0.532,1.0,0.966,0.0056,0.9
0.0003359703970084715,0.61283563978624,0.46388013496738834,1.0,2.713,0.532,1.0,0.966,0.0056,0.9
0.0004003959541701468,0.5998132102226632,0.46343701278181715,1.0,2.713,0.532,1.0,0.966,0.0056,0.9
4.216600614439368e-6,0.6099846593942299,0.46372978713348884,1.0,2.713,0.532,1.0,0.966,0.0056,0.9
3.2034919804763807e-6,0.6092395856197934,0.4637144597960877,1.0,2.713,0.532,1.0,0.966,0.0056,0.9
6.2886873236046785e-6,0.6111590469488835,0.4637714630697928,1.0,2.713,0.532,1.0,0.966,0.0056,0.9
9.840213181056144e-6,0.6101987399223847,0.4637565993169778,1.0,2.713,0.532,1.0,0.966,0.0056,0.9
4.304855386754404e-6,0.6085101305481794,0.46369809423169717,1.0,2.713,0.532,1.0,0.966,0.0056,0.9
7.606768020242182e-6,0.607936476642928,0.46368348677555854,1.0,2.713,0.532,1.0,0.966,0.0056,0.9
6.023945860568308e-6,0.6116723054799095,0.46377853384529755,1.0,2.713,0.532,1.0,0.966,0.0056,0.9
4.7405387181474894e-6,0.6110959486765063,0.4637564460270822,1.0,2.713,0.532,1.0,0.966,0.0056,0.9
4.6822715111647705e-6,0.6070575253221695,0.46367335953220756,1.0,2.713,0.532,1.0,0.966,0.0056,0.9
4.74697527361691e-6,0.6069804668040444,0.46367424856342815,1.0,2.713,0.532,1.0,0.966,0.0056,0.9
4.719988665523434e-6,0.6070022156103799,0.46367327496052313,1.0,2.713,0.532,1.0,0.966,0.0056,0.9
2.4941736427314334e-6,0.6097866526836055,0.46372749864119645,1.0,2.713,0.532,1.0,0.966,0.0056,0.9
1.799677083095869e-6,0.6091686174634824,0.46372700819486223,1.0,2.713,0.532,1.0,0.966,0.0056,0.9
7.131038976834577e-6,0.6066525327085788,0.463671299404812,1.0,2.713,0.532,1.0,0.966,0.0056,0.9
2.011768930115473e-6,0.6104801298765649,0.4637528185911878,1.0,2.713,0.532,1.0,0.966,0.0056,0.9
8.859050969415511e-6,0.6064654029524741,0.46365688813065375,1.0,2.713,0.532,1.0,0.966,0.0056,0.9
7.481387978094337e-6,0.6087099040651673,0.4637232278392631,1.0,2.713,0.532,1.0,0.966,0.0056,0.9
4.9683068465436876e-6,0.6114052992917756,0.4637729588978609,1.0,2.713,0.532,1.0,0.966,0.0056,0.9
3.928720769727907e-6,0.6107969743220131,0.4637619293686393,1.0,2.713,0.532,1.0,0.966,0.0056,0.9
3.8810723150148955e-6,0.6108774743240641,0.46376316976047116,1.0,2.713,0.532,1.0,0.966,0.0056,0.9
8.597817184692118e-6,0.6083730041653392,0.4637165530423957,1.0,2.713,0.532,1.0,0.966,0.0056,0.9
4.387490307406328e-6,0.6095351885586551,0.463738205343682,1.0,2.713,0.532,1.0,0.966,0.0056,0.9
3.725923765718921e-6,0.607442083548015,0.46368766977841275,1.0,2.713,0.532,1.0,0.966,0.0056,0.9
7.074867285300214e-6,0.612025501343071,0.4637805201837271,1.0,2.713,0.532,1.0,0.966,0.0056,0.9
9.990455723321558e-6,0.6068512680417509,0.4636809987523013,1.0,2.713,0.532,1.0,0.966,0.0056,0.9
4.843540007926239e-6,0.608392871585774,0.4636951610675593,1.0,2.713,0.532,1.0,0.966,0.0056,0.9
9.556605504811907e-6,0.6124784988210283,0.4637902130322149,1.0,2.713,0.532,1.0,0.966,0.0056,0.9
3.7254232000312994e-6,0.6073186784211244,0.4636788740965991,1.0,2.713,0.532,1.0,0.966,0.0056,0.9
6.15480746760711e-6,0.6076015350918333,0.4636787271076131,1.0,2.713,0.532,1.0,0.966,0.0056,0.9
9.225355902681797e-6,0.6084486249089577,0.4636923106485841,1.0,2.713,0.532,1.0,0.966,0.0056,0.9
8.06877591799641e-6,0.6108897484458371,0.46374719940294185,1.0,2.713,0.532,1.0,0.966,0.0056,0.9
0.0006050897717208551,0.5828514099121094,0.463165283203125,1.0,2.713,0.532,1.0,0.966,0.0056,0.9
6.069726682067506e-6,0.608346565691884,0.46369297005728816,1.0,2.713,0.532,1.0,0.966,0.0056,0.9
8.885849246105092e-6,0.6081021890463711,0.4637105651106279,1.0,2.713,0.532,1.0,0.966,0.0056,0.9
6.279006366603253e-6,0.6091352141885475,0.4637315360552137,1.0,2.713,0.532,1.0,0.966,0.0056,0.9
4.16964906525846e-6,0.609996233416073,0.4637301076870569,1.0,2.713,0.532,1.0,0.966,0.0056,0.9
9.94544880698544e-6,0.6107542617025548,0.46376762596800625,1.0,2.713,0.532,1.0,0.966,0.0056,0.9
3.765764848629451e-6,0.6101670380959525,0.46373457516296207,1.0,2.713,0.532,1.0,0.966,0.0056,0.9
1.4668730551938127e-7,0.6095113811099468,0.4637297263935765,1.0,2.713,0.532,1.0,0.966,0.0056,0.9
6.162823962335952e-6,0.607857792212179,0.463683424711959,1.0,2.713,0.532,1.0,0.966,0.0056,0.9
1.8786997897969139e-6,0.6078583052267448,0.4636916681643821,1.0,2.713,0.532,1.0,0.966,0.0056,0.9
6.102060556311957e-6,0.6070134409346092,0.46368020673957405,1.0,2.713,0.532,1.0,0.966,0.0056,0.9
3.588507947167707e-6,0.6094700920561179,0.46371898031844927,1.0,2.713,0.532,1.0,0.966,0.0056,0.9
5.530968248520057e-6,0.6100419580799383,0.46374975724003986,1.0,2.713,0.532,1.0,0.966,0.0056,0.9
1.6278668191369516e-6,0.6105924761249691,0.4637506138115569,1.0,2.713,0.532,1.0,0.966,0.0056,0.9
7.234175661427777e-6,0.6119025731354368,0.46377530189495053,1.0,2.713,0.532,1.0,0.966,0.0056,0.9
8.481317332019442e-6,0.6062393785950889,0.463656028922966,1.0,2.713,0.532,1.0,0.966,0.0056,0.9
1.2045334819003489e-6,0.6087845614007735,0.46370826656063935,1.0,2.713,0.532,1.0,0.966,0.0056,0.9
3.4709346175349646e-6,0.6073924681579288,0.46368520445076217,1.0,2.713,0.532,1.0,0.966,0.0056,0.9
4.469835504606299e-6,0.6070538050168952,0.46367484142250426,1.0,2.713,0.532,1.0,0.966,0.0056,0.9
7.260089607849201e-6,0.6105352027560496,0.46376110477685495,1.0,2.713,0.532,1.0,0.966,0.0056,0.9
6.466394712171765e-6,0.6117065484386035,0.4637799522304806,1.0,2.713,0.532,1.0,0.966,0.0056,0.9
7.850050543015282e-6,0.6113415634799058,0.4637764488587319,1.0,2.713,0.532,1.0,0.966,0.0056,0.9
9.948611289339828e-6,0.6100120865452936,0.46375289340224296,1.0,2.713,0.532,1.0,0.966,0.0056,0.9
6.5710787735380316e-6,0.6116260169994692,0.4637681477938863,1.0,2.713,0.532,1.0,0.966,0.0056,0.9
9.604407495044601e-6,0.6060560849407235,0.4636516354554962,1.0,2.713,0.532,1.0,0.966,0.0056,0.9
8.578928559115588e-6,0.6122499112374267,0.46379002357261445,1.0,2.713,0.532,1.0,0.966,0.0056,0.9
5.781943572235355e-6,0.6072923817461249,0.46367391987893436,1.0,2.713,0.532,1.0,0.966,0.0056,0.9
7.85780365619304e-6,0.6119257406100453,0.46377473091564864,1.0,2.713,0.532,1.0,0.966,0.0056,0.9
4.566070184656884e-6,0.6070248734332874,0.4636752220151374,1.0,2.713,0.532,1.0,0.966,0.0056,0.9
5.822895204846106e-6,0.6068064691330514,0.4636676074592403,1.0,2.713,0.532,1.0,0.966,0.0056,0.9
2.4088207967372356e-6,0.6078420734942686,0.46368913087601427,1.0,2.713,0.532,1.0,0.966,0.0056,0.9
8.894041575772911e-6,0.609744554169949,0.46372009757476884,1.0,2.713,0.532,1.0,0.966,0.0056,0.9
5.650280073288149e-6,0.609255874309474,0.463733557640123,1.0,2.713,0.532,1.0,0.966,0.0056,0.9
4.797090971198645e-6,0.6086113538300919,0.4636995760071678,1.0,2.713,0.532,1.0,0.966,0.0056,0.9
9.670983568984527e-6,0.6121449878546561,0.463778240215315,1.0,2.713,0.532,1.0,0.966,0.0056,0.9
5.944690010037603e-6,0.606796289226641,0.4636729091234073,1.0,2.713,0.532,1.0,0.966,0.0056,0.9
7.2907662011790656e-6,0.6064308943615129,0.46366263664079005,1.0,2.713,0.532,1.0,0.966,0.0056,0.9
7.556199580346838e-6,0.6102651598560555,0.4637560916715544,1.0,2.713,0.532,1.0,0.966,0.0056,0.9
6.869874843419498e-6,0.6073851608902772,0.4636740459830996,1.0,2.713,0.532,1.0,0.966,0.0056,0.9
4.907939034451298e-6,0.6111778626785227,0.46376970941078743,1.0,2.713,0.532,1.0,0.966,0.0056,0.9
6.124033012584015e-6,0.6067633525984898,0.46367231030207356,1.0,2.713,0.532,1.0,0.966,0.0056,0.9
5.167901532889009e-6,0.6083084090122265,0.4636931442980686,1.0,2.713,0.532,1.0,0.966,0.0056,0.9
2.918331339381225e-6,0.6108357578817637,0.4637530025507486,1.0,2.713,0.532,1.0,0.966,0.0056,0.9
6.741429199925075e-6,0.6091284841032572,0.4637084614353574,1.0,2.713,0.532,1.0,0.966,0.0056,0.9
0.00011477535870037142,0.6191768646240234,0.4639556884765626,1.0,2.713,0.532,1.0,0.966,0.0056,0.9
8.943355513294143e-6,0.6119582576113464,0.4637875994767412,1.0,2.713,0.532,1.0,0.966,0.0056,0.9
6.257762127945448e-6,0.6118867908022363,0.4637788750116413,1.0,2.713,0.532,1.0,0.966,0.0056,0.9
8.27282913878831e-6,0.6070522723196272,0.46368435537780084,1.0,2.713,0.532,1.0,0.966,0.0056,0.9
8.718796558322582e-7,0.6098306636060984,0.46373863644263114,1.0,2.713,0.532,1.0,0.966,0.0056,0.9
8.994396587948007e-6,0.606152063031508,0.4636539933030864,1.0,2.713,0.532,1.0,0.966,0.0056,0.9
3.445319894714021e-6,0.6102907779092973,0.4637521526793942,1.0,2.713,0.532,1.0,0.966,0.0056,0.9
6.457049690552924e-6,0.6066212741818369,0.4636646893238001,1.0,2.713,0.532,1.0,0.966,0.0056,0.9
6.029211673511975e-6,0.6118399851813033,0.4637781645663017,1.0,2.713,0.532,1.0,0.966,0.0056,0.9
9.215177250919147e-6,0.6122494349756804,0.4637822905429065,1.0,2.713,0.532,1.0,0.966,0.0056,0.9
2.0364340946019727e-6,0.6084535977631065,0.46370025112878677,1.0,2.713,0.532,1.0,0.966,0.0056,0.9
9.585074115120813e-6,0.6099906308278147,0.4637521868535749,1.0,2.713,0.532,1.0,0.966,0.0056,0.9
9.971061439818927e-6,0.6122017439568121,0.4637924601508637,1.0,2.713,0.532,1.0,0.966,0.0056,0.9
2.322546166076489e-6,0.6076704049667533,0.4636887277714584,1.0,2.713,0.532,1.0,0.966,0.0056,0.9
5.799549394347861e-6,0.6094723136211297,0.46373830284549444,1.0,2.713,0.532,1.0,0.966,0.0056,0.9
2.275228292680235e-6,0.610411332364107,0.4637429405673283,1.0,2.713,0.532,1.0,0.966,0.0056,0.9
7.111527901466968e-6,0.606495623843818,0.4636617287466946,1.0,2.713,0.532,1.0,0.966,0.0056,0.9
4.105985516857843e-6,0.6111570482062667,0.4637677721678415,1.0,2.713,0.532,1.0,0.966,0.0056,0.9
8.503721392156748e-6,0.6097168826917658,0.4637197860589056,1.0,2.713,0.532,1.0,0.966,0.0056,0.9
4.830074300016668e-6,0.6079501572981839,0.4637029532984508,1.0,2.713,0.532,1.0,0.966,0.0056,0.9
4.830694166061304e-6,0.6070836195120046,0.46367298115485345,1.0,2.713,0.532,1.0,0.966,0.0056,0.9
2.203237774132054e-6,0.6086735482227238,0.4637165338662801,1.0,2.713,0.532,1.0,0.966,0.0056,0.9
2.6562564022554494e-6,0.6108368065530636,0.4637538264527675,1.0,2.713,0.532,1.0,0.966,0.0056,0.9
3.188483538677564e-6,0.6079264670585571,0.4636886983386953,1.0,2.713,0.532,1.0,0.966,0.0056,0.9
7.135641703364259e-6,0.6085919822464988,0.46372028961955525,1.0,2.713,0.532,1.0,0.966,0.0056,0.9
8.916959102688891e-6,0.6077609462492982,0.4636789451038309,1.0,2.713,0.532,1.0,0.966,0.0056,0.9
7.940939275604977e-6,0.608721864209149,0.4637238744181432,1.0,2.713,0.532,1.0,0.966,0.0056,0.9
2.507124655728626e-6,0.6091793573224735,0.4637283327521308,1.0,2.713,0.532,1.0,0.966,0.0056,0.9
6.607108056868942e-6,0.6081823829108155,0.46371042022759057,1.0,2.713,0.532,1.0,0.966,0.0056,0.9
3.7581204627485027e-6,0.6093234798599912,0.46373303034045843,1.0,2.713,0.532,1.0,0.966,0.0056,0.9
1.4056229657925077e-6,0.6082551194079304,0.4637044559475254,1.0,2.713,0.532,1.0,0.966,0.0056,0.9
9.262288457164239e-6,0.611701229539855,0.4637840580884656,1.0,2.713,0.532,1.0,0.966,0.0056,0.9
4.855956608034141e-6,0.6091846766698029,0.4637312436822098,1.0,2.713,0.532,1.0,0.966,0.0056,0.9
1.0956038941537582e-6,0.6090114447476691,0.4637221906993034,1.0,2.713,0.532,1.0,0.966,0.0056,0.9
1.3659602948010464e-6,0.6096469708405017,0.4637362527380161,1.0,2.713,0.532,1.0,0.966,0.0056,0.9
7.444102647473021e-6,0.6064947168984703,0.4636666759601067,1.0,2.713,0.532,1.0,0.966,0.0056,0.9
8.252831113965413e-6,0.6109910400525673,0.4637494888776398,1.0,2.713,0.532,1.0,0.966,0.0056,0.9
9.448906817956532e-6,0.6123381436394906,0.46379297223405436,1.0,2.713,0.532,1.0,0.966,0.0056,0.9
7.851850016574678e-6,0.6109385983048098,0.46374859386139766,1.0,2.713,0.532,1.0,0.966,0.0056,0.9
1.8285426050915382e-6,0.6105275812092976,0.4637473104504314,1.0,2.713,0.532,1.0,0.966,0.0056,0.9
3.7253311435509307e-6,0.6112732723466098,0.46376728146865087,1.0,2.713,0.532,1.0,0.966,0.0056,0.9
1.3024930848014663e-6,0.6092991734143274,0.4637186556994881,1.0,2.713,0.532,1.0,0.966,0.0056,0.9
5.268665219198475e-6,0.6100346273620587,0.4637297849802887,1.0,2.713,0.532,1.0,0.966,0.0056,0.9
9.966529039417858e-6,0.6061432041686031,0.46365109671295734,1.0,2.713,0.532,1.0,0.966,0.0056,0.9
7.422005956921365e-6,0.6096609509228452,0.46374368682249056,1.0,2.713,0.532,1.0,0.966,0.0056,0.9
1.8704538487818976e-6,0.6102801665054921,0.46374919109870427,1.0,2.713,0.532,1.0,0.966,0.0056,0.9
0.0006393355101121199,0.5837478637695312,0.46312255859374984,1.0,2.713,0.532,1.0,0.966,0.0056,0.9
5.7366332339264745e-6,0.6078698432308427,0.4637020731453271,1.0,2.713,0.532,1.0,0.966,0.0056,0.9
5.778219544826298e-6,0.6074975302042923,0.4636928235707231,1.0,2.713,0.532,1.0,0.966,0.0056,0.9
9.399230786083978e-6,0.6061275990293338,0.4636524349759783,1.0,2.713,0.532,1.0,0.966,0.0056,0.9
9.660600896934733e-6,0.6124912952349622,0.4637903245471169,1.0,2.713,0.532,1.0,0.966,0.0056,0.9
1.0083273976792841,0.0,0.45907552440550914,1.0,2.713,0.532,1.0,0.966,0.0056,0.9
6.322008593983174e-6,0.6066712118322657,0.4636694278609384,1.0,2.713,0.532,1.0,0.966,0.0056,0.9
8.104408388668349e-6,0.6120102436008824,0.4637868549073063,1.0,2.713,0.532,1.0,0.966,0.0056,0.9
5.956745600647844e-6,0.6106595339588923,0.46374375906886145,1.0,2.713,0.532,1.0,0.966,0.0056,0.9
3.0078386629712064e-6,0.6078402816970747,0.4636973020390645,1.0,2.713,0.532,1.0,0.966,0.0056,0.9
9.016872152262268e-6,0.6112923023684018,0.4637562020173719,1.0,2.713,0.532,1.0,0.966,0.0056,0.9
7.710076605122823e-6,0.6087162542765585,0.4636990042432848,1.0,2.713,0.532,1.0,0.966,0.0056,0.9
5.1426394924590175e-6,0.6080838069483447,0.4637065607868461,1.0,2.713,0.532,1.0,0.966,0.0056,0.9
6.218559640410123e-6,0.6086486821741689,0.4637207411119086,1.0,2.713,0.532,1.0,0.966,0.0056,0.9
1.2816200187851086e-6,0.6088672514324296,0.46370972735765453,1.0,2.713,0.532,1.0,0.966,0.0056,0.9
9.457146535353427e-6,0.6083107742143705,0.4637158112722826,1.0,2.713,0.532,1.0,0.966,0.0056,0.9
9.316628092073635e-6,0.6080694575433696,0.46368462656669407,1.0,2.713,0.532,1.0,0.966,0.0056,0.9
2.3730343229946295e-6,0.608465571294388,0.46371191192172523,1.0,2.713,0.532,1.0,0.966,0.0056,0.9
5.154801378625191e-6,0.6072397961594221,0.4636741613129121,1.0,2.713,0.532,1.0,0.966,0.0056,0.9
7.59036542952682e-6,0.6104574686408694,0.4637373541911558,1.0,2.713,0.532,1.0,0.966,0.0056,0.9
4.237578018229072e-6,0.609105994664791,0.46372888297685966,1.0,2.713,0.532,1.0,0.966,0.0056,0.9
5.569320655269818e-6,0.6073100893869381,0.463674530855654,1.0,2.713,0.532,1.0,0.966,0.0056,0.9
2.2201102483486104e-6,0.6101159377041262,0.4637469370811993,1.0,2.713,0.532,1.0,0.966,0.0056,0.9
4.653598834106071e-6,0.6071056463134308,0.4636737584060563,1.0,2.713,0.532,1.0,0.966,0.0056,0.9
4.424943071883e-6,0.6111555991503702,0.46376845999668703,1.0,2.713,0.532,1.0,0.966,0.0056,0.9
2.466281546459242e-6,0.6090467200149232,0.46372537445656686,1.0,2.713,0.532,1.0,0.966,0.0056,0.9
6.208890899350317e-6,0.610142437117324,0.46375242631179503,1.0,2.713,0.532,1.0,0.966,0.0056,0.9
2.858343173262932e-6,0.6102740733691516,0.4637384331554829,1.0,2.713,0.532,1.0,0.966,0.0056,0.9
7.1841701526282265e-6,0.6078811104853723,0.46370385830755334,1.0,2.713,0.532,1.0,0.966,0.0056,0.9
9.047494183753655e-6,0.6110771779037465,0.4637729460069201,1.0,2.713,0.532,1.0,0.966,0.0056,0.9
4.575156965862181e-6,0.6097287869817837,0.4637424194215057,1.0,2.713,0.532,1.0,0.966,0.0056,0.9
5.891461224600496e-6,0.607599944678106,0.46367901658700983,1.0,2.713,0.532,1.0,0.966,0.0056,0.9
5.9844297330515614e-6,0.6109119978542641,0.463749935953609,1.0,2.713,0.532,1.0,0.966,0.0056,0.9
8.52766943843031e-6,0.606348767623496,0.4636644841104423,1.0,2.713,0.532,1.0,0.966,0.0056,0.9
1.697069320110493e-6,0.609342089207722,0.4637305624854848,1.0,2.713,0.532,1.0,0.966,0.0056,0.9
6.1763840143710314e-6,0.609761591279771,0.46374468210666503,1.0,2.713,0.532,1.0,0.966,0.0056,0.9
5.593875606481134e-6,0.6092095624079825,0.4637325082187914,1.0,2.713,0.532,1.0,0.966,0.0056,0.9
2.077352360590371e-6,0.6087360008503326,0.4637177718177886,1.0,2.713,0.532,1.0,0.966,0.0056,0.9
4.8855443346878434e-6,0.6076838216015623,0.4636963807405109,1.0,2.713,0.532,1.0,0.966,0.0056,0.9
7.3663940516741925e-6,0.6111377203857049,0.46375402276947175,1.0,2.713,0.532,1.0,0.966,0.0056,0.9
2.889967547575267e-6,0.6077116280623027,0.4636934319108319,1.0,2.713,0.532,1.0,0.966,0.0056,0.9
5.237964330639307e-6,0.611010565210206,0.46376753235301577,1.0,2.713,0.532,1.0,0.966,0.0056,0.9
9.42943263891346e-6,0.6094685039696375,0.4637136436059527,1.0,2.713,0.532,1.0,0.966,0.0056,0.9
5.1686220874825785e-6,0.608692216922108,0.463700830102012,1.0,2.713,0.532,1.0,0.966,0.0056,0.9
6.28943143024564e-6,0.6075118691735317,0.4636938349600811,1.0,2.713,0.532,1.0,0.966,0.0056,0.9
1.5521898215392317e-6,0.6105774631061084,0.4637513120033243,1.0,2.713,0.532,1.0,0.966,0.0056,0.9
5.684054175525544e-6,0.6086983725468059,0.46370044332934335,1.0,2.713,0.532,1.0,0.966,0.0056,0.9
4.602270396678485e-7,0.6099798239596681,0.46373871653641574,1.0,2.713,0.532,1.0,0.966,0.0056,0.9
5.4741097725541765e-6,0.6068307867174618,0.4636693652966868,1.0,2.713,0.532,1.0,0.966,0.0056,0.9
6.814491935937025e-6,0.6100166187862162,0.46372789541917026,1.0,2.713,0.532,1.0,0.966,0.0056,0.9
9.016785334671505e-6,0.6061242530339642,0.4636541784380811,1.0,2.713,0.532,1.0,0.966,0.0056,0.9
9.587343858920216e-6,0.6066108951202189,0.4636579255619473,1.0,2.713,0.532,1.0,0.966,0.0056,0.9
1.0348349912710529e-6,0.6083754697048627,0.4637014685009976,1.0,2.713,0.532,1.0,0.966,0.0056,0.9
9.48701537687713e-6,0.6097904551328746,0.4637479953426782,1.0,2.713,0.532,1.0,0.966,0.0056,0.9
6.535134144877495e-6,0.6095053603240316,0.46371676384351806,1.0,2.713,0.532,1.0,0.966,0.0056,0.9
9.185039112648818e-6,0.6122593509159978,0.4637916944321826,1.0,2.713,0.532,1.0,0.966,0.0056,0.9
6.89832250673324e-6,0.6115912603305858,0.4637792064573273,1.0,2.713,0.532,1.0,0.966,0.0056,0.9
7.114115139361113e-6,0.607924866897319,0.4636837276125648,1.0,2.713,0.532,1.0,0.966,0.0056,0.9
3.2210129410286835e-6,0.6107244257334598,0.4637594550621013,1.0,2.713,0.532,1.0,0.966,0.0056,0.9
6.126413389838715e-6,0.6089405057756083,0.46370504272127855,1.0,2.713,0.532,1.0,0.966,0.0056,0.9
6.483542304847113e-6,0.6117498414305063,0.46377211513995137,1.0,2.713,0.532,1.0,0.966,0.0056,0.9
4.9849170721813265e-6,0.6092275050315763,0.4637322979908616,1.0,2.713,0.532,1.0,0.966,0.0056,0.9
4.458172803816349e-6,0.6097306655657434,0.46374233150449756,1.0,2.713,0.532,1.0,0.966,0.0056,0.9
4.9124464044107355e-6,0.6093180570102723,0.46371422778963856,1.0,2.713,0.532,1.0,0.966,0.0056,0.9
0.0006313120538149403,0.582793653011322,0.46317529678344704,1.0,2.713,0.532,1.0,0.966,0.0056,0.9
1.3803175623050694e-6,0.6103884759549186,0.4637493724398669,1.0,2.713,0.532,1.0,0.966,0.0056,0.9
2.1601511351700694e-6,0.6105247834425982,0.46375390333077415,1.0,2.713,0.532,1.0,0.966,0.0056,0.9
9.858914113020361e-6,0.6118882614422017,0.46378774352706786,1.0,2.713,0.532,1.0,0.966,0.0056,0.9
5.945626659040352e-6,0.6073117192676708,0.4636739940359399,1.0,2.713,0.532,1.0,0.966,0.0056,0.9
7.260560688151913e-6,0.6077459771564866,0.4637006822615156,1.0,2.713,0.532,1.0,0.966,0.0056,0.9
9.223263215934008e-6,0.6095329519586162,0.4637151997233089,1.0,2.713,0.532,1.0,0.966,0.0056,0.9
1.913062489530398e-6,0.6107171353015844,0.4637537193709501,1.0,2.713,0.532,1.0,0.966,0.0056,0.9
8.51209137530652e-6,0.6076054171887423,0.4636763555679951,1.0,2.713,0.532,1.0,0.966,0.0056,0.9
6.613842156859737e-6,0.6086904227340815,0.463699414022435,1.0,2.713,0.532,1.0,0.966,0.0056,0.9
7.306146311997743e-6,0.6115610440443892,0.46377936074789794,1.0,2.713,0.532,1.0,0.966,0.0056,0.9
6.039602200963966e-6,0.6067599005620014,0.46367187447688407,1.0,2.713,0.532,1.0,0.966,0.0056,0.9
4.647280136653734e-6,0.607015056110993,0.46367374697788794,1.0,2.713,0.532,1.0,0.966,0.0056,0.9
8.796782292727278e-6,0.606583698509204,0.4636722619979763,1.0,2.713,0.532,1.0,0.966,0.0056,0.9
5.037916480949694e-6,0.6110035643637964,0.463753518472259,1.0,2.713,0.532,1.0,0.966,0.0056,0.9
8.103371990571213e-6,0.6121741892385413,0.46378817862041977,1.0,2.713,0.532,1.0,0.966,0.0056,0.9
6.127982478405285e-6,0.6071692129654636,0.4636714323826133,1.0,2.713,0.532,1.0,0.966,0.0056,0.9
1.1191524431206755e-6,0.6091065160475345,0.4637243621266042,1.0,2.713,0.532,1.0,0.966,0.0056,0.9
8.905823428033897e-6,0.6064697908705758,0.46365686616707436,1.0,2.713,0.532,1.0,0.966,0.0056,0.9
8.04794717103164e-6,0.608430307334191,0.46369287624392164,1.0,2.713,0.532,1.0,0.966,0.0056,0.9
8.309001989877064e-6,0.6122700559279989,0.4637886875182077,1.0,2.713,0.532,1.0,0.966,0.0056,0.9
5.145906544600117e-6,0.6105497211119377,0.4637591848339725,1.0,2.713,0.532,1.0,0.966,0.0056,0.9
5.830614351742773e-6,0.6102839967048888,0.46373497300090905,1.0,2.713,0.532,1.0,0.966,0.0056,0.9
3.8307109112494655e-6,0.6098767843443328,0.463744583741179,1.0,2.713,0.532,1.0,0.966,0.0056,0.9
8.024268326520416e-6,0.6082394050806442,0.46371301973065787,1.0,2.713,0.532,1.0,0.966,0.0056,0.9
7.633867637104868e-7,0.6083999044026428,0.4637056992366953,1.0,2.713,0.532,1.0,0.966,0.0056,0.9
6.344222235289537e-6,0.6116647289400308,0.4637791935376858,1.0,2.713,0.532,1.0,0.966,0.0056,0.9
3.70250057594142e-6,0.6111256226161844,0.4637595556585975,1.0,2.713,0.532,1.0,0.966,0.0056,0.9
6.327850138461031e-6,0.6099973156796991,0.4637279005682314,1.0,2.713,0.532,1.0,0.966,0.0056,0.9
0.0007692207807861824,0.5915279388427734,0.46344299316406257,1.0,2.713,0.532,1.0,0.966,0.0056,0.9
7.883897469890688e-6,0.6087640325662238,0.46372476513731786,1.0,2.713,0.532,1.0,0.966,0.0056,0.9
7.526551397589161e-6,0.6081932598474782,0.4636885768413722,1.0,2.713,0.532,1.0,0.966,0.0056,0.9
4.0399283371210036e-6,0.6072161321789328,0.4636769227796535,1.0,2.713,0.532,1.0,0.966,0.0056,0.9
5.043806743974919e-6,0.6091624636788113,0.46371076260145794,1.0,2.713,0.532,1.0,0.966,0.0056,0.9
9.18563579050908e-6,0.612047827031206,0.46378920417522596,1.0,2.713,0.532,1.0,0.966,0.0056,0.9
4.18756073422943e-6,0.6083469291406498,0.46371167373224487,1.0,2.713,0.532,1.0,0.966,0.0056,0.9
1.326551394159995e-6,0.6080659981498923,0.4636977100503656,1.0,2.713,0.532,1.0,0.966,0.0056,0.9
8.427397675079103e-6,0.607423027776612,0.46369392721167857,1.0,2.713,0.532,1.0,0.966,0.0056,0.9
2.7822361643310896e-6,0.6104377008422619,0.4637537798598771,1.0,2.713,0.532,1.0,0.966,0.0056,0.9
4.019459128799219e-6,0.6095488523939709,0.4637202104957442,1.0,2.713,0.532,1.0,0.966,0.0056,0.9
7.92418772495016e-6,0.6073988031856602,0.4636928181839557,1.0,2.713,0.532,1.0,0.966,0.0056,0.9
8.160218029053551e-6,0.6076242922059238,0.46369860372746774,1.0,2.713,0.532,1.0,0.966,0.0056,0.9
5.328354747651866e-6,0.6084433868727458,0.46369564391978857,1.0,2.713,0.532,1.0,0.966,0.0056,0.9
4.919369303418514e-6,0.610446651548924,0.46375698327609305,1.0,2.713,0.532,1.0,0.966,0.0056,0.9
3.6578665375696964e-6,0.608727281654649,0.46370322482765847,1.0,2.713,0.532,1.0,0.966,0.0056,0.9
4.24519956964022e-6,0.6103186413560981,0.4637537412952283,1.0,2.713,0.532,1.0,0.966,0.0056,0.9
7.2798854870384425e-6,0.607809966055394,0.463681377541006,1.0,2.713,0.532,1.0,0.966,0.0056,0.9
2.6495183324889474e-6,0.6109309783320844,0.4637604472830893,1.0,2.713,0.532,1.0,0.966,0.0056,0.9
5.234954564258144e-6,0.6116606018298434,0.46377504258988633,1.0,2.713,0.532,1.0,0.966,0.0056,0.9
6.262079000730414e-6,0.6114670857781263,0.4637641342473896,1.0,2.713,0.532,1.0,0.966,0.0056,0.9
2.6127494077199434e-6,0.6077708670736193,0.46368755360591807,1.0,2.713,0.532,1.0,0.966,0.0056,0.9
7.222024627903198e-6,0.6085525942854652,0.4637194764395828,1.0,2.713,0.532,1.0,0.966,0.0056,0.9
5.574786086312121e-6,0.6099660131289302,0.4637482756495779,1.0,2.713,0.532,1.0,0.966,0.0056,0.9
1.4696887461551169e-6,0.609142789969377,0.46372586051628506,1.0,2.713,0.532,1.0,0.966,0.0056,0.9
3.7288751937809094e-6,0.6110046633576424,0.46375588122565453,1.0,2.713,0.532,1.0,0.966,0.0056,0.9
3.4067065559086644e-6,0.60945187805078,0.4637188012251693,1.0,2.713,0.532,1.0,0.966,0.0056,0.9
7.345439605683449e-6,0.6115438056209053,0.4637791475528139,1.0,2.713,0.532,1.0,0.966,0.0056,0.9
8.91464328906935e-6,0.6095356006145134,0.4637422444337064,1.0,2.713,0.532,1.0,0.966,0.0056,0.9
4.789727315689027e-6,0.6110369829139171,0.46376729351399704,1.0,2.713,0.532,1.0,0.966,0.0056,0.9
3.1158250451386292e-6,0.6105608033448231,0.46374515657822946,1.0,2.713,0.532,1.0,0.966,0.0056,0.9
9.561364291509084e-6,0.6118701924004023,0.46377063464055335,1.0,2.713,0.532,1.0,0.966,0.0056,0.9
3.84653785582117e-6,0.6113057392533936,0.46376798687282716,1.0,2.713,0.532,1.0,0.966,0.0056,0.9
4.405948309508463e-6,0.6088866143049183,0.4637242425429702,1.0,2.713,0.532,1.0,0.966,0.0056,0.9
4.590601096336363e-6,0.610182948088901,0.4637515373382589,1.0,2.713,0.532,1.0,0.966,0.0056,0.9
3.964882191509392e-6,0.6100768841230183,0.4637487214261051,1.0,2.713,0.532,1.0,0.966,0.0056,0.9
5.181777769760024e-6,0.6116438276087621,0.4637731098365252,1.0,2.713,0.532,1.0,0.966,0.0056,0.9
8.303237229286942e-6,0.6066873044529904,0.4636608389865323,1.0,2.713,0.532,1.0,0.966,0.0056,0.9
7.93334664358508e-6,0.6119878846926591,0.4637765135433902,1.0,2.713,0.532,1.0,0.966,0.0056,0.9
4.846390626893214e-6,0.6095237962050498,0.4637187698326712,1.0,2.713,0.532,1.0,0.966,0.0056,0.9
2.7512341792079606e-6,0.6101147719836515,0.4637477970907999,1.0,2.713,0.532,1.0,0.966,0.0056,0.9
3.8614618931233025e-6,0.6075586877739092,0.46368144923315313,1.0,2.713,0.532,1.0,0.966,0.0056,0.9
2.70391852596813e-6,0.6084981171471232,0.46369997074148545,1.0,2.713,0.532,1.0,0.966,0.0056,0.9
9.141710850640943e-6,0.61173135239204,0.463784406015349,1.0,2.713,0.532,1.0,0.966,0.0056,0.9
6.161731098301658e-6,0.6080706275205806,0.4636874751475012,1.0,2.713,0.532,1.0,0.966,0.0056,0.9
3.437994356155684e-6,0.6109000747859767,0.4637626366355021,1.0,2.713,0.532,1.0,0.966,0.0056,0.9
3.5861142243273454e-6,0.6077128137866087,0.46369503315617683,1.0,2.713,0.532,1.0,0.966,0.0056,0.9
3.13355073665558e-6,0.6111114539318704,0.46376360470797945,1.0,2.713,0.532,1.0,0.966,0.0056,0.9
2.60610210303986e-6,0.609957213138369,0.46374453536070026,1.0,2.713,0.532,1.0,0.966,0.0056,0.9
7.025668363019784e-6,0.6119274815727116,0.4637766954015651,1.0,2.713,0.532,1.0,0.966,0.0056,0.9
5.608509696528251e-6,0.6068114310811261,0.46367204096569836,1.0,2.713,0.532,1.0,0.966,0.0056,0.9
6.824466862479685e-6,0.6111722738715721,0.46377235231539476,1.0,2.713,0.532,1.0,0.966,0.0056,0.9
6.610704024935061e-6,0.6112537132071951,0.46377347098956156,1.0,2.713,0.532,1.0,0.966,0.0056,0.9
9.350686440409069e-6,0.6067409309405923,0.46367736438339696,1.0,2.713,0.532,1.0,0.966,0.0056,0.9
3.708789083817876e-6,0.6097088166800617,0.463741029551466,1.0,2.713,0.532,1.0,0.966,0.0056,0.9
3.564996940100272e-6,0.6097435618678617,0.4637415652067435,1.0,2.713,0.532,1.0,0.966,0.0056,0.9
8.162274620745975e-6,0.6112641457067565,0.46377544686267885,1.0,2.713,0.532,1.0,0.966,0.0056,0.9
8.851888529386118e-6,0.6089052824517338,0.46370203774693575,1.0,2.713,0.532,1.0,0.966,0.0056,0.9
5.280772840414283e-6,0.60750196767085,0.46369225216009563,1.0,2.713,0.532,1.0,0.966,0.0056,0.9
5.961183850390188e-6,0.6118252054787586,0.4637777256828932,1.0,2.713,0.532,1.0,0.966,0.0056,0.9
3.5330528955260973e-6,0.6089815980031767,0.463708605997198,1.0,2.713,0.532,1.0,0.966,0.0056,0.9
3.762554158033107e-6,0.610792799112001,0.46375003854313085,1.0,2.713,0.532,1.0,0.966,0.0056,0.9
3.82205405747108e-6,0.611309139879028,0.46376769202680646,1.0,2.713,0.532,1.0,0.966,0.0056,0.9
1.2369086376638096e-6,0.6083263492224605,0.46370584330822084,1.0,2.713,0.532,1.0,0.966,0.0056,0.9
4.303399726701873e-6,0.6106199462031632,0.4637448049974249,1.0,2.713,0.532,1.0,0.966,0.0056,0.9
2.3076888052838076e-6,0.6082583059180591,0.4636961545175194,1.0,2.713,0.532,1.0,0.966,0.0056,0.9
9.207006319119092e-6,0.6106445337290873,0.4637649130711492,1.0,2.713,0.532,1.0,0.966,0.0056,0.9
5.287613948554416e-6,0.6116273642897985,0.46377576662941317,1.0,2.713,0.532,1.0,0.966,0.0056,0.9
5.969352388094881e-6,0.6075280148661473,0.4636776477669199,1.0,2.713,0.532,1.0,0.966,0.0056,0.9
7.3469610278476296e-6,0.606544403636142,0.46366097641461484,1.0,2.713,0.532,1.0,0.966,0.0056,0.9
6.7902127224949866e-6,0.6107458555630212,0.4637646410041345,1.0,2.713,0.532,1.0,0.966,0.0056,0.9
6.744612664986927e-6,0.6116764569008285,0.46378013406634166,1.0,2.713,0.532,1.0,0.966,0.0056,0.9
2.9463520069743577e-6,0.6074680202687999,0.4636846672461723,1.0,2.713,0.532,1.0,0.966,0.0056,0.9
6.241895914120581e-6,0.6071889987357185,0.46367157278297566,1.0,2.713,0.532,1.0,0.966,0.0056,0.9
4.305901058441092e-6,0.6079601005636265,0.4636875589805505,1.0,2.713,0.532,1.0,0.966,0.0056,0.9
3.5644274748646182e-6,0.6074259863719709,0.4636866887553283,1.0,2.713,0.532,1.0,0.966,0.0056,0.9
9.351875654747946e-6,0.612230433526531,0.46379174732785305,1.0,2.713,0.532,1.0,0.966,0.0056,0.9
9.199998923231719e-6,0.6084600208751132,0.4636925622346181,1.0,2.713,0.532,1.0,0.966,0.0056,0.9
7.672435476402697e-6,0.6108626654154781,0.46374692079382784,1.0,2.713,0.532,1.0,0.966,0.0056,0.9
2.8011683101418983e-6,0.608194483900278,0.46369410928436083,1.0,2.713,0.532,1.0,0.966,0.0056,0.9
1.612755057105066e-6,0.608014282260493,0.4636942906397388,1.0,2.713,0.532,1.0,0.966,0.0056,0.9
6.6495862885502445e-6,0.6065804602052114,0.4636638331713472,1.0,2.713,0.532,1.0,0.966,0.0056,0.9
0.0004218712764491301,0.5885009765625,0.4633056640625001,1.0,2.713,0.532,1.0,0.966,0.0056,0.9
3.988469207021401e-6,0.6111183615785102,0.46375857771460993,1.0,2.713,0.532,1.0,0.966,0.0056,0.9
3.2632792974171497e-6,0.6084479535446219,0.4636981845467247,1.0,2.713,0.532,1.0,0.966,0.0056,0.9
3.2441855205603748e-6,0.6073951432622244,0.4636839782511353,1.0,2.713,0.532,1.0,0.966,0.0056,0.9
4.215713237921463e-6,0.6114113303401574,0.46376818676455644,1.0,2.713,0.532,1.0,0.966,0.0056,0.9
9.622316606111437e-6,0.6072890125531569,0.4636917417960067,1.0,2.713,0.532,1.0,0.966,0.0056,0.9
6.086878552562994e-6,0.608691584992542,0.4637215820385485,1.0,2.713,0.532,1.0,0.966,0.0056,0.9
5.183806644358156e-6,0.6105885607776593,0.46374291578141386,1.0,2.713,0.532,1.0,0.966,0.0056,0.9
3.984937170592923e-6,0.6071722483957995,0.46367812825191024,1.0,2.713,0.532,1.0,0.966,0.0056,0.9
5.732741155730279e-6,0.6080456265788832,0.46370630518422884,1.0,2.713,0.532,1.0,0.966,0.0056,0.9
7.259798232259774e-6,0.6115923902032964,0.4637797741252321,1.0,2.713,0.532,1.0,0.966,0.0056,0.9
0.0005836881078229753,0.6121673271151451,0.46389294117689045,1.0,2.713,0.532,1.0,0.966,0.0056,0.9
9.887044097414756e-6,0.6110975939568074,0.46375061290041797,1.0,2.713,0.532,1.0,0.966,0.0056,0.9
8.696736140320995e-6,0.6117788015635317,0.4637846023888794,1.0,2.713,0.532,1.0,0.966,0.0056,0.9
8.499882473316372e-6,0.609840067190643,0.4637225226139639,1.0,2.713,0.532,1.0,0.966,0.0056,0.9
7.040469569387107e-6,0.6089626742752926,0.4637047001453902,1.0,2.713,0.532,1.0,0.966,0.0056,0.9
3.3169136358425115e-6,0.6073913572115561,0.46368125590209647,1.0,2.713,0.532,1.0,0.966,0.0056,0.9
6.7551011736330985e-6,0.6108095077591363,0.4637657855174314,1.0,2.713,0.532,1.0,0.966,0.0056,0.9
2.0736438606688835e-6,0.6079747163472877,0.4636920075456904,1.0,2.713,0.532,1.0,0.966,0.0056,0.9
5.442882079830874e-6,0.6083905630436133,0.46371409764341387,1.0,2.713,0.532,1.0,0.966,0.0056,0.9
5.547429422394472e-6,0.6082138951656099,0.46371009080358516,1.0,2.713,0.532,1.0,0.966,0.0056,0.9
7.443856547984551e-6,0.6103777215936749,0.46375821214968294,1.0,2.713,0.532,1.0,0.966,0.0056,0.9
2.423476125295476e-6,0.6104556092566366,0.4637533933028673,1.0,2.713,0.532,1.0,0.966,0.0056,0.9
8.16899080719875e-6,0.6111094382558195,0.46375248185474616,1.0,2.713,0.532,1.0,0.966,0.0056,0.9
7.788612376856183e-6,0.6065030816570856,0.46365946566526767,1.0,2.713,0.532,1.0,0.966,0.0056,0.9
5.43582626913152e-6,0.6102446457307276,0.46375366903089116,1.0,2.713,0.532,1.0,0.966,0.0056,0.9
4.0854584129447556e-6,0.6108151412826927,0.4637500804237522,1.0,2.713,0.532,1.0,0.966,0.0056,0.9
2.9215428740110447e-6,0.6096555388294609,0.46372392793670847,1.0,2.713,0.532,1.0,0.966,0.0056,0.9
6.273988220103378e-6,0.6112497753584812,0.4637582265518584,1.0,2.713,0.532,1.0,0.966,0.0056,0.9
9.873274328913952e-6,0.6104324083896353,0.4637348955288074,1.0,2.713,0.532,1.0,0.966,0.0056,0.9
5.367715938364009e-6,0.6108940728566927,0.4637502521940578,1.0,2.713,0.532,1.0,0.966,0.0056,0.9
5.682459466765859e-6,0.6069342030537993,0.46367688223814607,1.0,2.713,0.532,1.0,0.966,0.0056,0.9
2.940879669710276e-6,0.6105643319879538,0.4637562603920567,1.0,2.713,0.532,1.0,0.966,0.0056,0.9
3.971509304204662e-6,0.6071962983361902,0.4636773578123665,1.0,2.713,0.532,1.0,0.966,0.0056,0.9
6.109690537431822e-6,0.6071477694906475,0.46367112729400795,1.0,2.713,0.532,1.0,0.966,0.0056,0.9
8.126787693066927e-6,0.6077263559468329,0.46367899030629534,1.0,2.713,0.532,1.0,0.966,0.0056,0.9
6.752763180722371e-6,0.607839447109807,0.4636824605146067,1.0,2.713,0.532,1.0,0.966,0.0056,0.9
7.956038685619703e-6,0.6085026324506655,0.4636944202028431,1.0,2.713,0.532,1.0,0.966,0.0056,0.9
6.282252777237853e-6,0.6091623357907358,0.4637095869046523,1.0,2.713,0.532,1.0,0.966,0.0056,0.9
6.634416316452209e-6,0.6118704961947978,0.46378191007322106,1.0,2.713,0.532,1.0,0.966,0.0056,0.9
7.2159157240452e-6,0.6079862096638304,0.46368481110596815,1.0,2.713,0.532,1.0,0.966,0.0056,0.9
1.5790447326054948e-6,0.608108245240102,0.4636955457202311,1.0,2.713,0.532,1.0,0.966,0.0056,0.9
2.5646875262029716e-6,0.6107661413916652,0.4637585030088434,1.0,2.713,0.532,1.0,0.966,0.0056,0.9
2.9111889901459296e-6,0.608374420950792,0.4637105929478842,1.0,2.713,0.532,1.0,0.966,0.0056,0.9
8.108707289564645e-6,0.6081651255027152,0.46371137532919715,1.0,2.713,0.532,1.0,0.966,0.0056,0.9
4.4693546376583e-6,0.6113977227093089,0.46376613211619944,1.0,2.713,0.532,1.0,0.966,0.0056,0.9
1.9296082802039766e-6,0.6104498744380455,0.46375212604129706,1.0,2.713,0.532,1.0,0.966,0.0056,0.9
8.267385912946475e-6,0.607895161806109,0.4637051929472885,1.0,2.713,0.532,1.0,0.966,0.0056,0.9
9.13539412471684e-6,0.6061106811159332,0.463656892245105,1.0,2.713,0.532,1.0,0.966,0.0056,0.9
8.352530936611983e-6,0.6081901543523693,0.4637121601539335,1.0,2.713,0.532,1.0,0.966,0.0056,0.9
8.73970665949405e-6,0.606279648143615,0.4636551813990367,1.0,2.713,0.532,1.0,0.966,0.0056,0.9
4.770603686253841e-6,0.6114098313871537,0.4637655551626591,1.0,2.713,0.532,1.0,0.966,0.0056,0.9
4.964106787082434e-6,0.6080855832262317,0.46368907080069305,1.0,2.713,0.532,1.0,0.966,0.0056,0.9
1.7859529687799363e-6,0.6085248072833211,0.46371226242601044,1.0,2.713,0.532,1.0,0.966,0.0056,0.9
3.294541134326803e-6,0.6104656173985279,0.46374245610300247,1.0,2.713,0.532,1.0,0.966,0.0056,0.9
3.2839335446325593e-6,0.607366902879543,0.4636821035426162,1.0,2.713,0.532,1.0,0.966,0.0056,0.9
2.5446897601382634e-6,0.6076096541806929,0.46368844307936247,1.0,2.713,0.532,1.0,0.966,0.0056,0.9
7.1758213892781355e-6,0.6106800012149911,0.46376378800149076,1.0,2.713,0.532,1.0,0.966,0.0056,0.9
5.792637799742082e-6,0.6069124511194735,0.4636764618598159,1.0,2.713,0.532,1.0,0.966,0.0056,0.9
7.471684307061687e-6,0.6091605562633085,0.4637331106249811,1.0,2.713,0.532,1.0,0.966,0.0056,0.9
3.6454417155590613e-6,0.6073205344210628,0.4636792547080484,1.0,2.713,0.532,1.0,0.966,0.0056,0.9
3.5734604491697676e-6,0.607421474908936,0.4636865721655773,1.0,2.713,0.532,1.0,0.966,0.0056,0.9
3.101142231457287e-6,0.6100752011253088,0.46373330973978555,1.0,2.713,0.532,1.0,0.966,0.0056,0.9
7.83141181867578e-6,0.6112260553978447,0.46375574642230966,1.0,2.713,0.532,1.0,0.966,0.0056,0.9
5.922019641387104e-6,0.6116598623640891,0.4637705916768674,1.0,2.713,0.532,1.0,0.966,0.0056,0.9
6.308696978351047e-6,0.6092608464697593,0.46371166966167243,1.0,2.713,0.532,1.0,0.966,0.0056,0.9
5.931802799442106e-6,0.6113169184770182,0.46376051643209526,1.0,2.713,0.532,1.0,0.966,0.0056,0.9
7.0382748904436574e-6,0.6075121510918406,0.4636947042650532,1.0,2.713,0.532,1.0,0.966,0.0056,0.9
8.220753573324563e-6,0.6120005148968515,0.4637763436058461,1.0,2.713,0.532,1.0,0.966,0.0056,0.9
7.774340768517588e-6,0.6110698094253975,0.4637518968285023,1.0,2.713,0.532,1.0,0.966,0.0056,0.9
3.856979644849658e-6,0.6112054036828605,0.46376164855263935,1.0,2.713,0.532,1.0,0.966,0.0056,0.9
4.633389665036858e-6,0.6102128808728312,0.46375216945831704,1.0,2.713,0.532,1.0,0.966,0.0056,0.9
2.4337374930369527e-6,0.6107648667816801,0.4637523602643322,1.0,2.713,0.532,1.0,0.966,0.0056,0.9
5.758740616032524e-6,0.6101651276987439,0.4637524360831128,1.0,2.713,0.532,1.0,0.966,0.0056,0.9
9.07666657496253e-6,0.6076173791910716,0.46369927204631217,1.0,2.713,0.532,1.0,0.966,0.0056,0.9
7.222946076928836e-6,0.6069783352260486,0.4636668174091938,1.0,2.713,0.532,1.0,0.966,0.0056,0.9
2.3299915097804694e-6,0.6087287441413283,0.4637050788868349,1.0,2.713,0.532,1.0,0.966,0.0056,0.9
5.778104767273879e-6,0.611780212179414,0.4637762000946779,1.0,2.713,0.532,1.0,0.966,0.0056,0.9
4.928901664037389e-6,0.6083472539173951,0.46369416833014304,1.0,2.713,0.532,1.0,0.966,0.0056,0.9
1.0413578480230567e-6,0.6099533226743669,0.4637342807338879,1.0,2.713,0.532,1.0,0.966,0.0056,0.9
1.2500835844699486e-6,0.6097901298890115,0.46373882841382025,1.0,2.713,0.532,1.0,0.966,0.0056,0.9
7.505356013841586e-6,0.6115282702748883,0.46376398883115955,1.0,2.713,0.532,1.0,0.966,0.0056,0.9
9.580726395651301e-6,0.6080090185000607,0.46370895952229585,1.0,2.713,0.532,1.0,0.966,0.0056,0.9
2.0010012643651944e-6,0.6097165227146799,0.46373880853422905,1.0,2.713,0.532,1.0,0.966,0.0056,0.9
5.009101577716606e-6,0.6106931272548801,0.4637616586567617,1.0,2.713,0.532,1.0,0.966,0.0056,0.9
7.846054413306123e-6,0.6083284804010507,0.4637149148432667,1.0,2.713,0.532,1.0,0.966,0.0056,0.9
7.645554233356622e-6,0.6118542385089379,0.46378409479793276,1.0,2.713,0.532,1.0,0.966,0.0056,0.9
6.185696578230647e-6,0.6109206299240253,0.4637671789229908,1.0,2.713,0.532,1.0,0.966,0.0056,0.9
3.959416875176855e-6,0.607495620691528,0.46368979727266546,1.0,2.713,0.532,1.0,0.966,0.0056,0.9
9.21798240021585e-6,0.6099822167311051,0.4637251484214734,1.0,2.713,0.532,1.0,0.966,0.0056,0.9
4.339327189651214e-6,0.6078160252208683,0.463698959876612,1.0,2.713,0.532,1.0,0.966,0.0056,0.9
5.810214875070516e-6,0.607206213141764,0.4636725115023613,1.0,2.713,0.532,1.0,0.966,0.0056,0.9
7.320346818961298e-6,0.6117195476866438,0.46376956672977077,1.0,2.713,0.532,1.0,0.966,0.0056,0.9
2.8306983140952013e-6,0.6075047164612789,0.46368555630718067,1.0,2.713,0.532,1.0,0.966,0.0056,0.9
8.961530245993573e-6,0.6123189564749464,0.4637914994270786,1.0,2.713,0.532,1.0,0.966,0.0056,0.9
7.535021225199763e-6,0.6075310164309565,0.4636759273976315,1.0,2.713,0.532,1.0,0.966,0.0056,0.9
5.03504815687897e-6,0.6074988496720726,0.4636784361476726,1.0,2.713,0.532,1.0,0.966,0.0056,0.9
2.507331356712638e-6,0.6105804271366048,0.4637468882771256,1.0,2.713,0.532,1.0,0.966,0.0056,0.9
0.000611996867541477,0.6127677951008081,0.4636890739202504,1.0,2.713,0.532,1.0,0.966,0.0056,0.9
5.592206184975896e-6,0.6101179332607028,0.46375133320437834,1.0,2.713,0.532,1.0,0.966,0.0056,0.9
5.929804109490377e-6,0.6071251859036216,0.4636830897592017,1.0,2.713,0.532,1.0,0.966,0.0056,0.9
8.477241950695778e-7,0.6088331752437917,0.4637174797829784,1.0,2.713,0.532,1.0,0.966,0.0056,0.9
6.675584021658223e-6,0.6082567137286805,0.4636906081049863,1.0,2.713,0.532,1.0,0.966,0.0056,0.9
3.415462019396997e-6,0.6073289668396304,0.4636816402741675,1.0,2.713,0.532,1.0,0.966,0.0056,0.9
6.5023068628930235e-6,0.6071506004838958,0.4636705777737962,1.0,2.713,0.532,1.0,0.966,0.0056,0.9
7.657541552616681e-6,0.6067623538827551,0.46367563134710327,1.0,2.713,0.532,1.0,0.966,0.0056,0.9
4.681326845032562e-6,0.607251297015757,0.46368429265840255,1.0,2.713,0.532,1.0,0.966,0.0056,0.9
2.7578953338056573e-6,0.6083014032336778,0.4636961490879401,1.0,2.713,0.532,1.0,0.966,0.0056,0.9
4.3681081796931185e-6,0.6102128497555059,0.46373490810824614,1.0,2.713,0.532,1.0,0.966,0.0056,0.9
7.277709308758954e-6,0.6081933309986297,0.46368880080340025,1.0,2.713,0.532,1.0,0.966,0.0056,0.9
7.1524837276777454e-6,0.6073889520882704,0.4636917328581192,1.0,2.713,0.532,1.0,0.966,0.0056,0.9
0.0008812286271605916,0.6329413041967769,0.46430270373821225,1.0,2.713,0.532,1.0,0.966,0.0056,0.9
8.20868789284216e-6,0.6067102024121311,0.4636613151015341,1.0,2.713,0.532,1.0,0.966,0.0056,0.9
5.659760741563701e-6,0.6083342164422032,0.4637130162789468,1.0,2.713,0.532,1.0,0.966,0.0056,0.9
7.341421325181338e-6,0.6082300849987914,0.4636894707161596,1.0,2.713,0.532,1.0,0.966,0.0056,0.9
8.750642840940831e-6,0.6118781136899822,0.4637861682385285,1.0,2.713,0.532,1.0,0.966,0.0056,0.9
6.616172102028187e-6,0.6119594040313145,0.4637812425221892,1.0,2.713,0.532,1.0,0.966,0.0056,0.9
2.7065942558063937e-6,0.6096693441105824,0.46373892768419644,1.0,2.713,0.532,1.0,0.966,0.0056,0.9
1.807549604797772e-6,0.6080784088854589,0.46369433707003316,1.0,2.713,0.532,1.0,0.966,0.0056,0.9
4.938523196166025e-6,0.6105078068342292,0.46375815608655435,1.0,2.713,0.532,1.0,0.966,0.0056,0.9
8.515252316840306e-6,0.6122738999786508,0.46378980441423734,1.0,2.713,0.532,1.0,0.966,0.0056,0.9
2.3254080744321707e-6,0.6102796852607106,0.46375012984608666,1.0,2.713,0.532,1.0,0.966,0.0056,0.9
9.716676706184898e-6,0.6082551648978769,0.46368802049197894,1.0,2.713,0.532,1.0,0.966,0.0056,0.9
5.505724982968689e-6,0.6076680504583979,0.46369680664955804,1.0,2.713,0.532,1.0,0.966,0.0056,0.9
8.930229169236606e-6,0.610677351999951,0.46376531631290063,1.0,2.713,0.532,1.0,0.966,0.0056,0.9
8.127668149471607e-6,0.6065995189221466,0.463671645763152,1.0,2.713,0.532,1.0,0.966,0.0056,0.9
5.084830200444645e-6,0.6106991960227143,0.4637457439672463,1.0,2.713,0.532,1.0,0.966,0.0056,0.9
5.504226991512699e-6,0.6103382902512055,0.4637365825671693,1.0,2.713,0.532,1.0,0.966,0.0056,0.9
5.499549617004351e-6,0.6110598112370939,0.4637543215942086,1.0,2.713,0.532,1.0,0.966,0.0056,0.9
8.544287697750656e-6,0.607123120647575,0.4636675904441441,1.0,2.713,0.532,1.0,0.966,0.0056,0.9
9.098294694756323e-6,0.6121207981468643,0.46379000950121585,1.0,2.713,0.532,1.0,0.966,0.0056,0.9
1.7145918007549924e-6,0.6087701729868804,0.46370694600179363,1.0,2.713,0.532,1.0,0.966,0.0056,0.9
6.22024813538051e-6,0.6109170571746504,0.46374978545105033,1.0,2.713,0.532,1.0,0.966,0.0056,0.9
7.822523589787743e-6,0.610311603366429,0.46375724167197296,1.0,2.713,0.532,1.0,0.966,0.0056,0.9
9.142367475268293e-6,0.6061058875416613,0.46365362859308035,1.0,2.713,0.532,1.0,0.966,0.0056,0.9
9.680569897400942e-6,0.6107412766179159,0.4637671638179395,1.0,2.713,0.532,1.0,0.966,0.0056,0.9
8.617346617187171e-6,0.6087010709722708,0.4637239511717966,1.0,2.713,0.532,1.0,0.966,0.0056,0.9
8.968952704665917e-6,0.6074302327501973,0.46367267491720854,1.0,2.713,0.532,1.0,0.966,0.0056,0.9
3.110898004387896e-6,0.6083370778666395,0.4636962721145341,1.0,2.713,0.532,1.0,0.966,0.0056,0.9
7.055980556760574e-6,0.6117112432963194,0.46378116083079035,1.0,2.713,0.532,1.0,0.966,0.0056,0.9
8.627160845067871e-6,0.6113196016354844,0.46375727663626826,1.0,2.713,0.532,1.0,0.966,0.0056,0.9
3.3981161856064767e-6,0.6086717677828811,0.4637182177217668,1.0,2.713,0.532,1.0,0.966,0.0056,0.9
3.722452380948224e-6,0.6072758114956581,0.4636787591228824,1.0,2.713,0.532,1.0,0.966,0.0056,0.9
3.580020829623973e-6,0.6075241925644775,0.4636897441586254,1.0,2.713,0.532,1.0,0.966,0.0056,0.9
9.464803228718772e-6,0.6060850128897338,0.4636572377237863,1.0,2.713,0.532,1.0,0.966,0.0056,0.9
2.7901202674149514e-6,0.6101031622103991,0.4637344273860824,1.0,2.713,0.532,1.0,0.966,0.0056,0.9
5.9235775808224545e-6,0.6117178681534251,0.46377863181194673,1.0,2.713,0.532,1.0,0.966,0.0056,0.9
7.78594468684084e-6,0.6121656395347306,0.46378361711269683,1.0,2.713,0.532,1.0,0.966,0.0056,0.9
9.740369155697806e-6,0.6116910141177893,0.4637844167132344,1.0,2.713,0.532,1.0,0.966,0.0056,0.9
1.988379477248763e-6,0.6102598580456452,0.4637396782370417,1.0,2.713,0.532,1.0,0.966,0.0056,0.9
6.413499567788651e-6,0.6084071098940776,0.4636938479018907,1.0,2.713,0.532,1.0,0.966,0.0056,0.9
7.635421586300943e-6,0.6087354642454519,0.4636994632022714,1.0,2.713,0.532,1.0,0.966,0.0056,0.9
3.745193420854234e-6,0.6102447632345718,0.46373644161843197,1.0,2.713,0.532,1.0,0.966,0.0056,0.9
7.464466635314842e-6,0.6086884072672878,0.4636986342821512,1.0,2.713,0.532,1.0,0.966,0.0056,0.9
2.8989889588771967e-6,0.6091857551223272,0.4637290090418539,1.0,2.713,0.532,1.0,0.966,0.0056,0.9
6.766089500597801e-6,0.6065337535016495,0.4636641213526747,1.0,2.713,0.532,1.0,0.966,0.0056,0.9
7.812162583654968e-6,0.6117914326448473,0.4637708410693814,1.0,2.713,0.532,1.0,0.966,0.0056,0.9
4.01176804375341e-6,0.6101943744038563,0.4637510672568855,1.0,2.713,0.532,1.0,0.966,0.0056,0.9
2.0645165931025056e-6,0.6089560985611301,0.4637101022411517,1.0,2.713,0.532,1.0,0.966,0.0056,0.9
1.7009935969131953e-6,0.6087216679289007,0.46371677185927884,1.0,2.713,0.532,1.0,0.966,0.0056,0.9
6.8920167021936504e-6,0.609411895872277,0.4637144187876088,1.0,2.713,0.532,1.0,0.966,0.0056,0.9
6.960163808875367e-6,0.6107167860351518,0.4637642689555568,1.0,2.713,0.532,1.0,0.966,0.0056,0.9
9.654664057820443e-6,0.6080866579973846,0.4637108187554109,1.0,2.713,0.532,1.0,0.966,0.0056,0.9
9.77809127333282e-6,0.6095003504950579,0.463714083362099,1.0,2.713,0.532,1.0,0.966,0.0056,0.9
7.941924144999484e-6,0.6109715843259166,0.4637493120891596,1.0,2.713,0.532,1.0,0.966,0.0056,0.9
2.7249614456053456e-6,0.60758991894707,0.46368524761478747,1.0,2.713,0.532,1.0,0.966,0.0056,0.9
7.381751142899674e-6,0.6103530705885282,0.4637576729582935,1.0,2.713,0.532,1.0,0.966,0.0056,0.9
8.746657548391659e-6,0.6061848128750184,0.46365864723567524,1.0,2.713,0.532,1.0,0.966,0.0056,0.9
5.798450488547485e-6,0.6071041521525382,0.46368226320564787,1.0,2.713,0.532,1.0,0.966,0.0056,0.9
8.579477728774451e-6,0.6123241335851191,0.46378757364631557,1.0,2.713,0.532,1.0,0.966,0.0056,0.9
5.341670211910007e-6,0.6116338701135082,0.4637715967448979,1.0,2.713,0.532,1.0,0.966,0.0056,0.9
3.6540575196860844e-6,0.6074010695482628,0.4636798610464776,1.0,2.713,0.532,1.0,0.966,0.0056,0.9
2.926446221517517e-6,0.6083001836062433,0.46370882850522843,1.0,2.713,0.532,1.0,0.966,0.0056,0.9
8.690348957921246e-6,0.6061984783962042,0.46365904758945364,1.0,2.713,0.532,1.0,0.966,0.0056,0.9
6.25274511786938e-6,0.6066707861368873,0.46366903936925463,1.0,2.713,0.532,1.0,0.966,0.0056,0.9
6.698037122780736e-6,0.6109308760820394,0.4637679416705237,1.0,2.713,0.532,1.0,0.966,0.0056,0.9
4.071767471082421e-6,0.6098035216016051,0.4637433866633555,1.0,2.713,0.532,1.0,0.966,0.0056,0.9
7.917578634475759e-6,0.6119702363732262,0.463786025553886,1.0,2.713,0.532,1.0,0.966,0.0056,0.9
8.492151162920894e-6,0.6070990131613606,0.4636672303781189,1.0,2.713,0.532,1.0,0.966,0.0056,0.9
5.1396918564950435e-6,0.6081535062634199,0.4636901668937109,1.0,2.713,0.532,1.0,0.966,0.0056,0.9
9.495672781132786e-6,0.6062438550370155,0.4636631416267741,1.0,2.713,0.532,1.0,0.966,0.0056,0.9
8.759542393471666e-6,0.606863320480173,0.463679938851195,1.0,2.713,0.532,1.0,0.966,0.0056,0.9
5.883700747387682e-6,0.6089003075270771,0.46370442764567876,1.0,2.713,0.532,1.0,0.966,0.0056,0.9
5.589767629208008e-6,0.6073730231234097,0.46368930930060315,1.0,2.713,0.532,1.0,0.966,0.0056,0.9
7.182584859342973e-6,0.611990163255179,0.46378434764933907,1.0,2.713,0.532,1.0,0.966,0.0056,0.9
2.6422036015617994e-6,0.6079419836885382,0.46369004580124595,1.0,2.713,0.532,1.0,0.966,0.0056,0.9
9.930029091113827e-6,0.6121550663558778,0.4637917756276615,1.0,2.713,0.532,1.0,0.966,0.0056,0.9
6.7301954752324396e-6,0.6081885646076756,0.4637106818931906,1.0,2.713,0.532,1.0,0.966,0.0056,0.9
4.18147998522116e-6,0.6104428280522802,0.4637406246194453,1.0,2.713,0.532,1.0,0.966,0.0056,0.9
3.5969700072815467e-6,0.6106866330675522,0.46375950796548915,1.0,2.713,0.532,1.0,0.966,0.0056,0.9
5.219670917557022e-7,0.6086183197387783,0.46370752785414326,1.0,2.713,0.532,1.0,0.966,0.0056,0.9
9.837454621906941e-6,0.608441930341823,0.46369171250774843,1.0,2.713,0.532,1.0,0.966,0.0056,0.9
6.342990663574005e-6,0.6106297336544175,0.46374262932526755,1.0,2.713,0.532,1.0,0.966,0.0056,0.9
7.913330468834222e-6,0.6113094718737111,0.46375777617156727,1.0,2.713,0.532,1.0,0.966,0.0056,0.9
5.9627550081119584e-6,0.6077578462286518,0.4636995895105648,1.0,2.713,0.532,1.0,0.966,0.0056,0.9
9.126859881121897e-6,0.6071406857595107,0.46368754983215227,1.0,2.713,0.532,1.0,0.966,0.0056,0.9
2.9589408239858004e-6,0.6092796075593194,0.46373110920325816,1.0,2.713,0.532,1.0,0.966,0.0056,0.9
5.254706791110674e-6,0.6072933250085344,0.4636866180990522,1.0,2.713,0.532,1.0,0.966,0.0056,0.9
6.257278409259849e-6,0.6112131788794744,0.4637572881861742,1.0,2.713,0.532,1.0,0.966,0.0056,0.9
5.298712899050545e-6,0.6114536380864659,0.4637655852965859,1.0,2.713,0.532,1.0,0.966,0.0056,0.9
4.015551504223329e-6,0.6074694312934249,0.46367980197961955,1.0,2.713,0.532,1.0,0.966,0.0056,0.9
1.9383130576341625e-6,0.6078317448717959,0.46369337472836997,1.0,2.713,0.532,1.0,0.966,0.0056,0.9
