0.0002721789807836984,0.61138916015625,0.475927734375,1.0,2.3855,0.536,1.0,0.966,0.0056,0.9
0.00023454954324422615,0.6181025414261967,0.47620849609374993,1.0,2.3855,0.536,1.0,0.966,0.0056,0.9
0.0009437412497634277,0.61383056640625,0.4761962890625,1.0,2.3855,0.536,1.0,0.966,0.0056,0.9
0.00043836765707514337,0.5869598388671875,0.47545166015625007,1.0,2.3855,0.536,1.0,0.966,0.0056,0.9
0.0005087026451418334,0.5852070941389229,0.47542698383331233,1.0,2.3855,0.536,1.0,0.966,0.0056,0.9
0.0006494459389964492,0.6202583312988281,0.47609252929687496,1.0,2.3855,0.536,1.0,0.966,0.0056,0.9
0.00029963616012635064,0.5919876098632812,0.4755981445312498,1.0,2.3855,0.536,1.0,0.966,0.0056,0.9
0.0007031284780835999,0.5807861125337155,0.47530464380979315,1.0,2.3855,0.536,1.0,0.966,0.0056,0.9
0.0007190631281188533,0.5890514850616455,0.4755962371826172,1.0,2.3855,0.536,1.0,0.966,0.0056,0.9
0.0007098275966455629,0.6237590312957764,0.47637519836425773,1.0,2.3855,0.536,1.0,0.966,0.0056,0.9
0.0008642682656208791,0.623765230178833,0.47615776062011694,1.0,2.3855,0.536,1.0,0.966,0.0056,0.9
0.0008265511124826333,0.588942840521689,0.4753991272300481,1.0,2.3855,0.536,1.0,0.966,0.0056,0.9
0.0003213636614748402,0.5931199714541435,0.47555218935012833,1.0,2.3855,0.536,1.0,0.966,0.0056,0.9
0.000460905978414987,0.5993762649595737,0.47564639449119606,1.0,2.3855,0.536,1.0,0.966,0.0056,0.9
0.00013894206172739292,0.6082839965820312,0.4759887695312499,1.0,2.3855,0.536,1.0,0.966,0.0056,0.9
0.0006755506805947289,0.6074604988098145,0.47603683471679703,1.0,2.3855,0.536,1.0,0.966,0.0056,0.9
0.00010828748699120047,0.6017901522593547,0.47582519054412886,1.0,2.3855,0.536,1.0,0.966,0.0056,0.9
0.0008764303447917144,0.5851360360819398,0.4755097133769543,1.0,2.3855,0.536,1.0,0.966,0.0056,0.9
0.0003379354794545087,0.6036720275878906,0.475750732421875,1.0,2.3855,0.536,1.0,0.966,0.0056,0.9
0.0002505757604826599,0.6244349893585381,0.4762593322666376,1.0,2.3855,0.536,1.0,0.966,0.0056,0.9
0.000862290575050226,0.5808988213539124,0.47525548934936523,1.0,2.3855,0.536,1.0,0.966,0.0056,0.9
0.0003015460808946226,0.5926656441408402,0.4756214014727407,1.0,2.3855,0.536,1.0,0.966,0.0056,0.9
0.0005720681280235537,0.5901069641113281,0.47560424804687507,1.0,2.3855,0.536,1.0,0.966,0.0056,0.9
0.0009872159394862363,0.60003662109375,0.4756103515625001,1.0,2.3855,0.536,1.0,0.966,0.0056,0.9
0.0007697460317859801,0.5809488296508789,0.47536468505859375,1.0,2.3855,0.536,1.0,0.966,0.0056,0.9
0.0008190690042940836,0.6143646240234375,0.47593994140625007,1.0,2.3855,0.536,1.0,0.966,0.0056,0.9
0.00017346479743955682,0.6231002807617188,0.4762573242187501,1.0,2.3855,0.536,1.0,0.966,0.0056,0.9
0.0005976183243999646,0.5902321338653564,0.47561149597167973,1.0,2.3855,0.536,1.0,0.966,0.0056,0.9
0.0008395747313157088,0.5955104827880859,0.47552795410156246,1.0,2.3855,0.536,1.0,0.966,0.0056,0.9
0.0006536599383529462,0.594792366027832,0.47573699951171877,1.0,2.3855,0.536,1.0,0.966,0.0056,0.9
3.5287235885981175e-5,0.6106827855110168,0.4760142326354982,1.0,2.3855,0.536,1.0,0.966,0.0056,0.9
0.0005671489729334464,0.6316623687744141,0.47648620605468756,1.0,2.3855,0.536,1.0,0.966,0.0056,0.9
0.0004253894130531502,0.5927508411923554,0.4756525516509995,1.0,2.3855,0.536,1.0,0.966,0.0056,0.9
0.0003000361072802108,0.6089104557177052,0.4760284423828124,1.0,2.3855,0.536,1.0,0.966,0.0056,0.9
0.00018798749635557345,0.5961342245822683,0.4756902247143448,1.0,2.3855,0.536,1.0,0.966,0.0056,0.9
0.0006546904570074644,0.5863056182861328,0.47537536621093746,1.0,2.3855,0.536,1.0,0.966,0.0056,0.9
0.0002358074411059039,0.6230850219726562,0.4762939453125,1.0,2.3855,0.536,1.0,0.966,0.0056,0.9
0.0005341696552019562,0.5857109427452087,0.47546319961547845,1.0,2.3855,0.536,1.0,0.966,0.0056,0.9
5.9302513417202445e-5,0.6175403678935254,0.4761367797851561,1.0,2.3855,0.536,1.0,0.966,0.0056,0.9
0.00033351646931748495,0.5910234451293945,0.4755783081054688,1.0,2.3855,0.536,1.0,0.966,0.0056,0.9
0.0007049753371951563,0.592026816013913,0.4754719495773315,1.0,2.3855,0.536,1.0,0.966,0.0056,0.9
0.000615806914067678,0.6170310974121094,0.476019287109375,1.0,2.3855,0.536,1.0,0.966,0.0056,0.9
0.0004917549890462189,0.5889212712645531,0.4754479050636292,1.0,2.3855,0.536,1.0,0.966,0.0056,0.9
0.00017588308174289218,0.5999397626029435,0.47570371776818876,1.0,2.3855,0.536,1.0,0.966,0.0056,0.9
0.0007394382101765804,0.586164016965995,0.4753595352172847,1.0,2.3855,0.536,1.0,0.966,0.0056,0.9
0.0008262373525788789,0.5873475074768066,0.4755638122558594,1.0,2.3855,0.536,1.0,0.966,0.0056,0.9
0.0008723127435264088,0.5890145025296079,0.4756132125854495,1.0,2.3855,0.536,1.0,0.966,0.0056,0.9
0.00031453133181108935,0.5919990539550781,0.4756042480468751,1.0,2.3855,0.536,1.0,0.966,0.0056,0.9
0.00040230875790289435,0.6076292991638184,0.4758277893066407,1.0,2.3855,0.536,1.0,0.966,0.0056,0.9
0.00010528637508183993,0.6147947311401367,0.4761184692382813,1.0,2.3855,0.536,1.0,0.966,0.0056,0.9
0.0007925521010272163,0.596779873109855,0.47580002632458007,1.0,2.3855,0.536,1.0,0.966,0.0056,0.9
0.0005129749553209692,0.6193084716796875,0.47626953125000004,1.0,2.3855,0.536,1.0,0.966,0.0056,0.9
0.0003176354297955602,0.6031696287695922,0.4758998155593864,1.0,2.3855,0.536,1.0,0.966,0.0056,0.9
0.00014516691872080498,0.6219534873962402,0.47623672485351565,1.0,2.3855,0.536,1.0,0.966,0.0056,0.9
0.0008389208818092128,0.590802774816222,0.47543365589996783,1.0,2.3855,0.536,1.0,0.966,0.0056,0.9
0.0006633210687814998,0.6167221069335938,0.47623291015625,1.0,2.3855,0.536,1.0,0.966,0.0056,0.9
0.00013238412394036954,0.6093003226094496,0.47601004764437627,1.0,2.3855,0.536,1.0,0.966,0.0056,0.9
0.0009842987992231145,0.5937957763671875,0.47574462890625,1.0,2.3855,0.536,1.0,0.966,0.0056,0.9
0.0005291948132156791,0.6218919415307584,0.47632093545980647,1.0,2.3855,0.536,1.0,0.966,0.0056,0.9
0.0007668606425037008,0.5895624201803003,0.4756156921386719,1.0,2.3855,0.536,1.0,0.966,0.0056,0.9
0.0005876161278304405,0.6063165664672852,0.47577972412109376,1.0,2.3855,0.536,1.0,0.966,0.0056,0.9
0.00044012921036461395,0.6306877136230469,0.476409912109375,1.0,2.3855,0.536,1.0,0.966,0.0056,0.9
0.0008376225663716789,0.5838088989257812,0.47530517578125014,1.0,2.3855,0.536,1.0,0.966,0.0056,0.9
0.00060688541972161,0.5828836560249329,0.4753542900085447,1.0,2.3855,0.536,1.0,0.966,0.0056,0.9
0.0008602259139997745,0.6142800673816948,0.47619923846795986,1.0,2.3855,0.536,1.0,0.966,0.0056,0.9
2.0666990897204694e-5,0.604827880859375,0.4758544921875,1.0,2.3855,0.536,1.0,0.966,0.0056,0.9
0.0009561764685710952,0.6051540374755859,0.4757232666015625,1.0,2.3855,0.536,1.0,0.966,0.0056,0.9
0.0005449890702019807,0.5900421142578125,0.47559814453125,1.0,2.3855,0.536,1.0,0.966,0.0056,0.9
0.00047876901171617955,0.6069908142089844,0.476007080078125,1.0,2.3855,0.536,1.0,0.966,0.0056,0.9
0.0003940194164799798,0.6288719177246094,0.47640991210937506,1.0,2.3855,0.536,1.0,0.966,0.0056,0.9
0.00020124294276231263,0.594428071854054,0.47562026977539074,1.0,2.3855,0.536,1.0,0.966,0.0056,0.9
0.0002507023503025417,0.6254656910896301,0.47632398605346704,1.0,2.3855,0.536,1.0,0.966,0.0056,0.9
0.0009281287835666042,0.5767933101897287,0.4752541529273979,1.0,2.3855,0.536,1.0,0.966,0.0056,0.9
0.00020490231857234827,0.6164841662311007,0.4761722606340272,1.0,2.3855,0.536,1.0,0.966,0.0056,0.9
0.0009576501856876122,0.5860423459220693,0.4755439969260883,1.0,2.3855,0.536,1.0,0.966,0.0056,0.9
0.0002541754935141777,0.6241130828857422,0.4762481689453125,1.0,2.3855,0.536,1.0,0.966,0.0056,0.9
0.0008801341255009246,0.6367939710617065,0.47660694122314423,1.0,2.3855,0.536,1.0,0.966,0.0056,0.9
0.0009550597626850639,0.612060546875,0.47615966796875,1.0,2.3855,0.536,1.0,0.966,0.0056,0.9
0.0003632953177269871,0.6153665451927282,0.47600744962692115,1.0,2.3855,0.536,1.0,0.966,0.0056,0.9
0.0007545582619956108,0.5886917114257812,0.47540283203125006,1.0,2.3855,0.536,1.0,0.966,0.0056,0.9
0.0009603937808232832,0.5787087082862854,0.4753325462341308,1.0,2.3855,0.536,1.0,0.966,0.0056,0.9
0.0005172820286503404,0.6048648953437805,0.47596311569213867,1.0,2.3855,0.536,1.0,0.966,0.0056,0.9
0.0005850702630629544,0.5976295471191406,0.4757995605468751,1.0,2.3855,0.536,1.0,0.966,0.0056,0.9
0.0007261745770155265,0.5847173301590374,0.47533760070800873,1.0,2.3855,0.536,1.0,0.966,0.0056,0.9
0.0008183769590240478,0.6217224464926403,0.4761123657226562,1.0,2.3855,0.536,1.0,0.966,0.0056,0.9
0.0001822459623343223,0.5996163271900414,0.47569626886397687,1.0,2.3855,0.536,1.0,0.966,0.0056,0.9
0.0006242182673502224,0.6314054393733386,0.47638244628906257,1.0,2.3855,0.536,1.0,0.966,0.0056,0.9
0.0006789512953246804,0.6117851659337248,0.47589292526244886,1.0,2.3855,0.536,1.0,0.966,0.0056,0.9
0.000204104410447862,0.5962123870849609,0.47569885253906236,1.0,2.3855,0.536,1.0,0.966,0.0056,0.9
0.0006952747253078922,0.5828952527968112,0.4754123635822902,1.0,2.3855,0.536,1.0,0.966,0.0056,0.9
0.00023887257003025688,0.5947527885437012,0.4756660461425783,1.0,2.3855,0.536,1.0,0.966,0.0056,0.9
0.00010086858834865873,0.6120176315307617,0.4759719848632813,1.0,2.3855,0.536,1.0,0.966,0.0056,0.9
0.0003595752727891675,0.6132092475891113,0.4761283874511719,1.0,2.3855,0.536,1.0,0.966,0.0056,0.9
0.0007759556166282356,0.6000382900238037,0.475876235961914,1.0,2.3855,0.536,1.0,0.966,0.0056,0.9
0.00012119638940075963,0.6095476259943098,0.47601318359375006,1.0,2.3855,0.536,1.0,0.966,0.0056,0.9
0.0003347544206420257,0.6114168167114258,0.4759201049804689,1.0,2.3855,0.536,1.0,0.966,0.0056,0.9
0.0005623996911408857,0.5877403251213731,0.47541516553464813,1.0,2.3855,0.536,1.0,0.966,0.0056,0.9
0.0009798901627811063,0.5877494812011719,0.47536010742187507,1.0,2.3855,0.536,1.0,0.966,0.0056,0.9
0.0002603381200953619,0.6026507229544222,0.47587890624999996,1.0,2.3855,0.536,1.0,0.966,0.0056,0.9
0.0008064831083544117,0.6122091781134031,0.4761511921882631,1.0,2.3855,0.536,1.0,0.966,0.0056,0.9
0.00025298898049534474,0.6236428723062937,0.4762345043009247,1.0,2.3855,0.536,1.0,0.966,0.0056,0.9
0.00021353613215658947,0.6243574023246765,0.47627534866333,1.0,2.3855,0.536,1.0,0.966,0.0056,0.9
0.0001413359444333066,0.621310571412323,0.4762046813964844,1.0,2.3855,0.536,1.0,0.966,0.0056,0.9
0.0009722154412337072,0.575484037399292,0.47520942687988277,1.0,2.3855,0.536,1.0,0.966,0.0056,0.9
0.0009934094721967734,0.6021027565002441,0.47594223022460946,1.0,2.3855,0.536,1.0,0.966,0.0056,0.9
0.00041001045699388396,0.5987880497283935,0.4758066322998047,1.0,2.3855,0.536,1.0,0.966,0.0056,0.9
0.0002131226433040052,0.5963181404902116,0.47563181519508335,1.0,2.3855,0.536,1.0,0.966,0.0056,0.9
1.7498113893163283e-5,0.607576847076416,0.47593612670898433,1.0,2.3855,0.536,1.0,0.966,0.0056,0.9
0.0001875015299190708,0.5950644957241857,0.475649517795242,1.0,2.3855,0.536,1.0,0.966,0.0056,0.9
0.0005210776655771498,0.5927942991256714,0.47550983428955085,1.0,2.3855,0.536,1.0,0.966,0.0056,0.9
0.00045982786843295326,0.6116886138916016,0.47610778808593757,1.0,2.3855,0.536,1.0,0.966,0.0056,0.9
0.00027902380464053713,0.5930646998925209,0.4756264708702087,1.0,2.3855,0.536,1.0,0.966,0.0056,0.9
0.0004897421898611998,0.6088743783073425,0.4758456853332522,1.0,2.3855,0.536,1.0,0.966,0.0056,0.9
0.00021394522680995423,0.6032310450393981,0.47588509383544897,1.0,2.3855,0.536,1.0,0.966,0.0056,0.9
0.00029505923333703374,0.6241308107209206,0.4763243932029725,1.0,2.3855,0.536,1.0,0.966,0.0056,0.9
0.0008546975591306567,0.6231335719886263,0.47637669270210103,1.0,2.3855,0.536,1.0,0.966,0.0056,0.9
0.0008500168917663501,0.5781508648223809,0.4752317486789973,1.0,2.3855,0.536,1.0,0.966,0.0056,0.9
0.0008950497309054631,0.6281462587833404,0.476473396835327,1.0,2.3855,0.536,1.0,0.966,0.0056,0.9
0.0009479478826498869,0.5779402955121609,0.4751994054298889,1.0,2.3855,0.536,1.0,0.966,0.0056,0.9
0.0003487745980126981,0.6147281806969642,0.4761585052940366,1.0,2.3855,0.536,1.0,0.966,0.0056,0.9
0.000771259115847214,0.5855613609388168,0.47550729328940766,1.0,2.3855,0.536,1.0,0.966,0.0056,0.9
0.00014595252485860151,0.611274182927708,0.4760554433208213,1.0,2.3855,0.536,1.0,0.966,0.0056,0.9
0.0006932762738705501,0.6304117560880185,0.4763442525760645,1.0,2.3855,0.536,1.0,0.966,0.0056,0.9
0.0005321352869328246,0.6193209245697714,0.47627186575143055,1.0,2.3855,0.536,1.0,0.966,0.0056,0.9
0.0006563485078645557,0.6100868844185164,0.47609269489135336,1.0,2.3855,0.536,1.0,0.966,0.0056,0.9
2.8136330474769457e-5,0.6050988964853445,0.47587890539321914,1.0,2.3855,0.536,1.0,0.966,0.0056,0.9
0.0008019333821282966,0.5791670883513962,0.47530577726183054,1.0,2.3855,0.536,1.0,0.966,0.0056,0.9
0.0003905617348413936,0.597300912594619,0.4756143916992831,1.0,2.3855,0.536,1.0,0.966,0.0056,0.9
0.0006836811886351035,0.6231840619413531,0.47616010295867994,1.0,2.3855,0.536,1.0,0.966,0.0056,0.9
0.000866825030033512,0.5836770954993922,0.47546741194997627,1.0,2.3855,0.536,1.0,0.966,0.0056,0.9
0.0004636856943846164,0.6301229372620583,0.476377809047699,1.0,2.3855,0.536,1.0,0.966,0.0056,0.9
0.0008547290093840068,0.5888195037841797,0.47539367675781247,1.0,2.3855,0.536,1.0,0.966,0.0056,0.9
0.0003627621590688499,0.600615375901058,0.4758449104275573,1.0,2.3855,0.536,1.0,0.966,0.0056,0.9
0.00013158342180288383,0.5989956855773926,0.4757011413574219,1.0,2.3855,0.536,1.0,0.966,0.0056,0.9
9.89045855457887e-5,0.6139219309082031,0.4760173683593749,1.0,2.3855,0.536,1.0,0.966,0.0056,0.9
0.0007041447850080892,0.5958441500926296,0.4757685108860016,1.0,2.3855,0.536,1.0,0.966,0.0056,0.9
0.0005446428955531431,0.589944551572227,0.47545490778580013,1.0,2.3855,0.536,1.0,0.966,0.0056,0.9
0.0008521876328650927,0.594403772096713,0.47574762406398274,1.0,2.3855,0.536,1.0,0.966,0.0056,0.9
0.00019126516792343967,0.604420795492649,0.47578870520248423,1.0,2.3855,0.536,1.0,0.966,0.0056,0.9
0.0003088185121194166,0.5906725609630017,0.47554515986824086,1.0,2.3855,0.536,1.0,0.966,0.0056,0.9
0.0009611424950037049,0.5822558273835182,0.4754397979515075,1.0,2.3855,0.536,1.0,0.966,0.0056,0.9
0.0007588987907013935,0.6039022665444608,0.47596419919746136,1.0,2.3855,0.536,1.0,0.966,0.0056,0.9
0.0007297800528210644,0.617963476875719,0.47626407344789534,1.0,2.3855,0.536,1.0,0.966,0.0056,0.9
0.0001844773301271636,0.6194170134201049,0.4762223619262695,1.0,2.3855,0.536,1.0,0.966,0.0056,0.9
0.0009117264235178205,0.5916841308236123,0.47544389074325555,1.0,2.3855,0.536,1.0,0.966,0.0056,0.9
0.00024357221570080585,0.5942609609928131,0.4756521451263427,1.0,2.3855,0.536,1.0,0.966,0.0056,0.9
0.0004992266277782094,0.5903210730538367,0.47559809612655646,1.0,2.3855,0.536,1.0,0.966,0.0056,0.9
0.0002761833239011203,0.6095160796266405,0.47588519292002673,1.0,2.3855,0.536,1.0,0.966,0.0056,0.9
0.00024299167105962445,0.6155909803643227,0.47616107200546204,1.0,2.3855,0.536,1.0,0.966,0.0056,0.9
0.0005393941232946372,0.6146794620361328,0.47617899746093745,1.0,2.3855,0.536,1.0,0.966,0.0056,0.9
0.00034063541081485977,0.6170945461386929,0.47620512640548646,1.0,2.3855,0.536,1.0,0.966,0.0056,0.9
0.00061816830289373,0.5888079156954884,0.47542349426832275,1.0,2.3855,0.536,1.0,0.966,0.0056,0.9
0.0002992657557282496,0.6195812686557769,0.4762469958343506,1.0,2.3855,0.536,1.0,0.966,0.0056,0.9
0.0005161630347712812,0.5902399687808298,0.4755988060542558,1.0,2.3855,0.536,1.0,0.966,0.0056,0.9
0.00013716815778307652,0.6022036183000535,0.47584397118659616,1.0,2.3855,0.536,1.0,0.966,0.0056,0.9
0.0006159352001146826,0.628768516778946,0.47631018638610845,1.0,2.3855,0.536,1.0,0.966,0.0056,0.9
0.000327949127507109,0.627096235561205,0.4763710801740638,1.0,2.3855,0.536,1.0,0.966,0.0056,0.9
0.00015297177517419416,0.6031349713673566,0.47587089037933494,1.0,2.3855,0.536,1.0,0.966,0.0056,0.9
0.0001795394804932471,0.6222958833929908,0.47626439582138097,1.0,2.3855,0.536,1.0,0.966,0.0056,0.9
0.0007429526420722149,0.580548096388272,0.4753404991207058,1.0,2.3855,0.536,1.0,0.966,0.0056,0.9
0.0008922477567604392,0.6142452811584472,0.47620103217773446,1.0,2.3855,0.536,1.0,0.966,0.0056,0.9
0.0008647805619924971,0.5898031979331728,0.47563288573173634,1.0,2.3855,0.536,1.0,0.966,0.0056,0.9
0.00029194826997203213,0.6080627543582916,0.47600856163024907,1.0,2.3855,0.536,1.0,0.966,0.0056,0.9
0.0009477739113026207,0.5846869753037424,0.47530619283568976,1.0,2.3855,0.536,1.0,0.966,0.0056,0.9
0.00048510068329388125,0.5965290828645209,0.4755863333580034,1.0,2.3855,0.536,1.0,0.966,0.0056,0.9
0.00027789369229365955,0.6173410810317993,0.47620098792724624,1.0,2.3855,0.536,1.0,0.966,0.0056,0.9
0.0009356953473410631,0.630670778042103,0.4765215743141175,1.0,2.3855,0.536,1.0,0.966,0.0056,0.9
0.000725449357101841,0.636636190023899,0.47655891780014037,1.0,2.3855,0.536,1.0,0.966,0.0056,0.9
0.00019942916715254814,0.6072607305504729,0.47597665299835223,1.0,2.3855,0.536,1.0,0.966,0.0056,0.9
0.0004090781087931127,0.625948429107666,0.4763755798339844,1.0,2.3855,0.536,1.0,0.966,0.0056,0.9
0.0004980172509589341,0.6209011440442385,0.47629857539785725,1.0,2.3855,0.536,1.0,0.966,0.0056,0.9
0.0006659730296500887,0.6283887166147232,0.476293664427185,1.0,2.3855,0.536,1.0,0.966,0.0056,0.9
0.0007976483057953298,0.5818689120051265,0.475281677074146,1.0,2.3855,0.536,1.0,0.966,0.0056,0.9
0.000710537898523456,0.5815537139248719,0.47530015363388045,1.0,2.3855,0.536,1.0,0.966,0.0056,0.9
5.6343366384699244e-5,0.6018055728165234,0.4757987010837312,1.0,2.3855,0.536,1.0,0.966,0.0056,0.9
0.000636508037088875,0.5937572522299722,0.4755134867095918,1.0,2.3855,0.536,1.0,0.966,0.0056,0.9
1.031544935474438,0.0,0.4681781853669712,1.0,2.3855,0.536,1.0,0.966,0.0056,0.9
0.000775310271290009,0.5908080500939645,0.4756491606956479,1.0,2.3855,0.536,1.0,0.966,0.0056,0.9
0.0006325270280839337,0.5938032953784457,0.4757096249437324,1.0,2.3855,0.536,1.0,0.966,0.0056,0.9
0.0005425415988747172,0.5922883803991078,0.4756587185386652,1.0,2.3855,0.536,1.0,0.966,0.0056,0.9
0.0003710955153182622,0.6254635804354232,0.476259277374506,1.0,2.3855,0.536,1.0,0.966,0.0056,0.9
0.00025464738897259474,0.592548536157608,0.4755924617767334,1.0,2.3855,0.536,1.0,0.966,0.0056,0.9
0.00035045153604052506,0.5895805942017134,0.47552910451354974,1.0,2.3855,0.536,1.0,0.966,0.0056,0.9
0.0008534080269333604,0.5865166666291146,0.4753507544340824,1.0,2.3855,0.536,1.0,0.966,0.0056,0.9
0.00044752697939276406,0.5899087378907204,0.4754727212669371,1.0,2.3855,0.536,1.0,0.966,0.0056,0.9
0.0009273490501929142,0.5906126825500615,0.47565997470016486,1.0,2.3855,0.536,1.0,0.966,0.0056,0.9
0.0002199815851667068,0.5937509380596165,0.4756035396850572,1.0,2.3855,0.536,1.0,0.966,0.0056,0.9
0.00020906497009492877,0.6014122083835602,0.4758397161468506,1.0,2.3855,0.536,1.0,0.966,0.0056,0.9
0.0004909419055100603,0.6306690043065701,0.47645649747738417,1.0,2.3855,0.536,1.0,0.966,0.0056,0.9
2.537821962049664e-6,0.6104214480052669,0.4759878565022546,1.0,2.3855,0.536,1.0,0.966,0.0056,0.9
0.000775732561388726,0.5863478347420692,0.4755299820518494,1.0,2.3855,0.536,1.0,0.966,0.0056,0.9
0.0008518897325199497,0.6142597319845335,0.47619814833605856,1.0,2.3855,0.536,1.0,0.966,0.0056,0.9
0.00014865652010549754,0.6169871760994938,0.4761704607188235,1.0,2.3855,0.536,1.0,0.966,0.0056,0.9
0.0008589918719542513,0.5776452414188384,0.4752594436614989,1.0,2.3855,0.536,1.0,0.966,0.0056,0.9
0.0005212386849894828,0.6144008636474609,0.47596740722656256,1.0,2.3855,0.536,1.0,0.966,0.0056,0.9
0.0007136553847063053,0.6091442108154297,0.47607727050781257,1.0,2.3855,0.536,1.0,0.966,0.0056,0.9
0.00010968747572438128,0.61773681640625,0.4761108398437499,1.0,2.3855,0.536,1.0,0.966,0.0056,0.9
0.000252806398007468,0.6247083138050787,0.4763199550690209,1.0,2.3855,0.536,1.0,0.966,0.0056,0.9
0.0004974659920780528,0.5967471436315843,0.47576737256522816,1.0,2.3855,0.536,1.0,0.966,0.0056,0.9
0.0006304699667761149,0.6065005477190017,0.475779713786316,1.0,2.3855,0.536,1.0,0.966,0.0056,0.9
0.00042731325613073627,0.5926118021197798,0.47552141985968976,1.0,2.3855,0.536,1.0,0.966,0.0056,0.9
0.000540307624452491,0.6324552372055051,0.47648509044192827,1.0,2.3855,0.536,1.0,0.966,0.0056,0.9
0.00015012330436359878,0.5984240884800769,0.4756853247093469,1.0,2.3855,0.536,1.0,0.966,0.0056,0.9
0.00013320645178177922,0.608439889311414,0.4758848590657032,1.0,2.3855,0.536,1.0,0.966,0.0056,0.9
0.00017883835410726568,0.6218050696867234,0.4762581663379917,1.0,2.3855,0.536,1.0,0.966,0.0056,0.9
0.00013158714651156632,0.6212679997433427,0.47622627426300534,1.0,2.3855,0.536,1.0,0.966,0.0056,0.9
0.0005836425479057696,0.5973057057337312,0.4757914706020956,1.0,2.3855,0.536,1.0,0.966,0.0056,0.9
0.0002918494871602807,0.6013436600322616,0.475852244283979,1.0,2.3855,0.536,1.0,0.966,0.0056,0.9
5.152923934531684e-5,0.6169978135869627,0.47612750181742997,1.0,2.3855,0.536,1.0,0.966,0.0056,0.9
0.0001632862132980408,0.6222256069015326,0.4762242533539921,1.0,2.3855,0.536,1.0,0.966,0.0056,0.9
0.0005668053223562487,0.5958792487726433,0.47575419458669166,1.0,2.3855,0.536,1.0,0.966,0.0056,0.9
0.00041429777909457086,0.5906114662952635,0.47558915778695515,1.0,2.3855,0.536,1.0,0.966,0.0056,0.9
0.0004842092763693033,0.6315311561683747,0.47645862387750876,1.0,2.3855,0.536,1.0,0.966,0.0056,0.9
0.0008521930075973775,0.6050831710915974,0.4759988038108714,1.0,2.3855,0.536,1.0,0.966,0.0056,0.9
0.0006434177898298744,0.5940131873624315,0.4755177131105694,1.0,2.3855,0.536,1.0,0.966,0.0056,0.9
0.0001501833723809501,0.6180561315764186,0.4761902346197648,1.0,2.3855,0.536,1.0,0.966,0.0056,0.9
0.0006761492945556107,0.6354706026211973,0.47650715215842987,1.0,2.3855,0.536,1.0,0.966,0.0056,0.9
0.0006982593737182748,0.6241069314566652,0.4761813713222344,1.0,2.3855,0.536,1.0,0.966,0.0056,0.9
0.00018657624033120593,0.5961421120997584,0.4756898610885069,1.0,2.3855,0.536,1.0,0.966,0.0056,0.9
0.0003970318106005757,0.6041367674537458,0.47593279246871956,1.0,2.3855,0.536,1.0,0.966,0.0056,0.9
0.00024608956254076246,0.6054794078885074,0.4758018577294143,1.0,2.3855,0.536,1.0,0.966,0.0056,0.9
0.0001489863658366166,0.6220039234003532,0.4762427547279946,1.0,2.3855,0.536,1.0,0.966,0.0056,0.9
0.0009612459175106408,0.5868963772832805,0.4755671191282954,1.0,2.3855,0.536,1.0,0.966,0.0056,0.9
0.0008376279146039712,0.5779236875810151,0.4752571844839212,1.0,2.3855,0.536,1.0,0.966,0.0056,0.9
0.0006184261769827452,0.5937030917007121,0.4755145487246514,1.0,2.3855,0.536,1.0,0.966,0.0056,0.9
0.0005143037697992042,0.6100373207326407,0.47607795935316066,1.0,2.3855,0.536,1.0,0.966,0.0056,0.9
0.0005759145925889783,0.6191452237893902,0.4762730214549029,1.0,2.3855,0.536,1.0,0.966,0.0056,0.9
0.0001768755053232133,0.6080159972483836,0.47598982284839997,1.0,2.3855,0.536,1.0,0.966,0.0056,0.9
0.0008916217603905698,0.5795695596456916,0.4753467785830763,1.0,2.3855,0.536,1.0,0.966,0.0056,0.9
0.0006302401249600735,0.5915264110044032,0.4756505105337039,1.0,2.3855,0.536,1.0,0.966,0.0056,0.9
0.0007000672579954537,0.6184403121880873,0.47627099011184604,1.0,2.3855,0.536,1.0,0.966,0.0056,0.9
0.0008297348540984418,0.5869093951612313,0.47555240422916417,1.0,2.3855,0.536,1.0,0.966,0.0056,0.9
0.0004260727903664394,0.5885597856867597,0.47546053154717605,1.0,2.3855,0.536,1.0,0.966,0.0056,0.9
0.00011599408129526052,0.5996784949173974,0.4757178587777011,1.0,2.3855,0.536,1.0,0.966,0.0056,0.9
0.00032703103649544564,0.6026677405324077,0.47588923898665403,1.0,2.3855,0.536,1.0,0.966,0.0056,0.9
0.0002985679084594875,0.5936984562022223,0.475567052976943,1.0,2.3855,0.536,1.0,0.966,0.0056,0.9
3.865939984604037e-5,0.6158209189881386,0.47610710593525235,1.0,2.3855,0.536,1.0,0.966,0.0056,0.9
0.0009635673870029518,0.6406468995153327,0.4766322505785204,1.0,2.3855,0.536,1.0,0.966,0.0056,0.9
0.0008153510698030627,0.5851863132890109,0.47550298892230636,1.0,2.3855,0.536,1.0,0.966,0.0056,0.9
0.0003675879096273018,0.6146027005756542,0.475989096736546,1.0,2.3855,0.536,1.0,0.966,0.0056,0.9
4.000138077894984e-5,0.6030143090401163,0.4758115880705339,1.0,2.3855,0.536,1.0,0.966,0.0056,0.9
0.0005922699162230845,0.5862850641763531,0.47549747593966174,1.0,2.3855,0.536,1.0,0.966,0.0056,0.9
0.0006891957638613069,0.5914829806341626,0.475656709071618,1.0,2.3855,0.536,1.0,0.966,0.0056,0.9
0.00035284033104812987,0.5899231721366421,0.47554621699937244,1.0,2.3855,0.536,1.0,0.966,0.0056,0.9
0.0004781628160995514,0.6056326795789599,0.475775943538744,1.0,2.3855,0.536,1.0,0.966,0.0056,0.9
0.00031552422598403197,0.601814285689847,0.47586719178999115,1.0,2.3855,0.536,1.0,0.966,0.0056,0.9
3.0029854079648557e-5,0.6048361002625069,0.47587289742363387,1.0,2.3855,0.536,1.0,0.966,0.0056,0.9
0.0009718749326175168,0.6013716591873892,0.4756400936745705,1.0,2.3855,0.536,1.0,0.966,0.0056,0.9
0.0009596515063150595,0.5812115640132871,0.4752444084127154,1.0,2.3855,0.536,1.0,0.966,0.0056,0.9
0.00012773725915405366,0.608466624121904,0.47588654881949505,1.0,2.3855,0.536,1.0,0.966,0.0056,0.9
0.00016907811941930674,0.6074357435876029,0.4758563189242815,1.0,2.3855,0.536,1.0,0.966,0.0056,0.9
0.000835035227979931,0.5792068806971888,0.475319818519478,1.0,2.3855,0.536,1.0,0.966,0.0056,0.9
0.0004212504568575242,0.5953605195868616,0.4755726185205795,1.0,2.3855,0.536,1.0,0.966,0.0056,0.9
0.0008349032325735742,0.6255107806004727,0.4764197752315301,1.0,2.3855,0.536,1.0,0.966,0.0056,0.9
0.0007887818658122765,0.6359369518356253,0.47649086139752805,1.0,2.3855,0.536,1.0,0.966,0.0056,0.9
0.0007660458205336397,0.6029548345862005,0.4759431474341358,1.0,2.3855,0.536,1.0,0.966,0.0056,0.9
0.0006784616690195572,0.5867558752713847,0.47537887649572297,1.0,2.3855,0.536,1.0,0.966,0.0056,0.9
0.0004755561491019773,0.6095700570079345,0.47606374459007683,1.0,2.3855,0.536,1.0,0.966,0.0056,0.9
0.0003607109483185367,0.5965244880881162,0.4757421449280291,1.0,2.3855,0.536,1.0,0.966,0.0056,0.9
0.0003407050202258454,0.6036572464323702,0.47591444260469845,1.0,2.3855,0.536,1.0,0.966,0.0056,0.9
0.0005853854784219999,0.6043629438698805,0.4759586081058954,1.0,2.3855,0.536,1.0,0.966,0.0056,0.9
0.00030786569320942134,0.5919512907803183,0.47554030508005285,1.0,2.3855,0.536,1.0,0.966,0.0056,0.9
0.0007596198280615682,0.5796204166886725,0.47530360704612595,1.0,2.3855,0.536,1.0,0.966,0.0056,0.9
1.0315648767010035,0.0,0.46817547810838156,1.0,2.3855,0.536,1.0,0.966,0.0056,0.9
0.00040464071027160846,0.6189735709395229,0.47608820248700423,1.0,2.3855,0.536,1.0,0.966,0.0056,0.9
0.0005108897889545841,0.58763546858065,0.47552093744991275,1.0,2.3855,0.536,1.0,0.966,0.0056,0.9
0.000727990670205609,0.6139801301587683,0.47618200373112934,1.0,2.3855,0.536,1.0,0.966,0.0056,0.9
0.0002771732298576112,0.602231858545097,0.47572954727034406,1.0,2.3855,0.536,1.0,0.966,0.0056,0.9
0.000548822927805599,0.6327153017419835,0.47644350027507226,1.0,2.3855,0.536,1.0,0.966,0.0056,0.9
0.0007520162209600665,0.5989991384883516,0.4756081603364892,1.0,2.3855,0.536,1.0,0.966,0.0056,0.9
8.695996746961254e-5,0.6136026852860744,0.47609031959522785,1.0,2.3855,0.536,1.0,0.966,0.0056,0.9
0.0007634495596404424,0.5962752014001624,0.4755507198958374,1.0,2.3855,0.536,1.0,0.966,0.0056,0.9
0.0004676401751088602,0.6106338691816291,0.4758872336429751,1.0,2.3855,0.536,1.0,0.966,0.0056,0.9
0.0005279013777577679,0.6064516760898464,0.47600014747354985,1.0,2.3855,0.536,1.0,0.966,0.0056,0.9
0.00016369092800929745,0.5959582099755059,0.4756662028606281,1.0,2.3855,0.536,1.0,0.966,0.0056,0.9
0.0004825949255485248,0.5915794826521523,0.4754937416267616,1.0,2.3855,0.536,1.0,0.966,0.0056,0.9
0.0008163680286522074,0.6049238396018306,0.47599226224098223,1.0,2.3855,0.536,1.0,0.966,0.0056,0.9
0.0008265373077640518,0.5826392863974652,0.47543083586880874,1.0,2.3855,0.536,1.0,0.966,0.0056,0.9
0.000343269883830637,0.6121445922262959,0.47610393475025053,1.0,2.3855,0.536,1.0,0.966,0.0056,0.9
2.7195989606038486e-5,0.6103348714750642,0.47600345393012433,1.0,2.3855,0.536,1.0,0.966,0.0056,0.9
0.0007188423593045605,0.5918241064821728,0.4756689997714206,1.0,2.3855,0.536,1.0,0.966,0.0056,0.9
0.0009066841476761541,0.6106393529170204,0.4758486171053373,1.0,2.3855,0.536,1.0,0.966,0.0056,0.9
0.0008506454959021595,0.5901587433804585,0.47541989454463196,1.0,2.3855,0.536,1.0,0.966,0.0056,0.9
5.203107556157506e-6,0.608690769304933,0.4759532449155077,1.0,2.3855,0.536,1.0,0.966,0.0056,0.9
0.00012120501207763508,0.6204430481300388,0.4762152892079276,1.0,2.3855,0.536,1.0,0.966,0.0056,0.9
6.614807815333042e-5,0.6091162812700919,0.4759903521077321,1.0,2.3855,0.536,1.0,0.966,0.0056,0.9
0.0001482048936234686,0.5975086413472727,0.4756736132616032,1.0,2.3855,0.536,1.0,0.966,0.0056,0.9
0.00037510902671589717,0.5988090492719111,0.4758022859012294,1.0,2.3855,0.536,1.0,0.966,0.0056,0.9
1.0315566064120785,0.0,0.4681765995480032,1.0,2.3855,0.536,1.0,0.966,0.0056,0.9
0.00097149159658863,0.5790317291362614,0.4753449394162451,1.0,2.3855,0.536,1.0,0.966,0.0056,0.9
0.00019166143646704836,0.6235849309437022,0.4762796688408897,1.0,2.3855,0.536,1.0,0.966,0.0056,0.9
0.0009562628544497377,0.5808556202688495,0.4752391487514208,1.0,2.3855,0.536,1.0,0.966,0.0056,0.9
0.0001274986415795107,0.5988298439449866,0.4757005456146528,1.0,2.3855,0.536,1.0,0.966,0.0056,0.9
0.000708242483480824,0.5840622816584653,0.4753307888405051,1.0,2.3855,0.536,1.0,0.966,0.0056,0.9
0.00018262794085844612,0.6077629884459151,0.4759851399053433,1.0,2.3855,0.536,1.0,0.966,0.0056,0.9
0.0006245916230978421,0.5878717855476856,0.4755501890134264,1.0,2.3855,0.536,1.0,0.966,0.0056,0.9
0.000977080183573488,0.6171615298699319,0.47599232919944834,1.0,2.3855,0.536,1.0,0.966,0.0056,0.9
0.0003736402889145954,0.5947053809009295,0.4756963895353016,1.0,2.3855,0.536,1.0,0.966,0.0056,0.9
0.0008421565746214002,0.5891073429883753,0.4754005403272261,1.0,2.3855,0.536,1.0,0.966,0.0056,0.9
0.0006038750680798955,0.5903831105138222,0.4756164867691136,1.0,2.3855,0.536,1.0,0.966,0.0056,0.9
0.0009893452608564519,0.6041353851985927,0.47569854471748296,1.0,2.3855,0.536,1.0,0.966,0.0056,0.9
0.0005043479310370991,0.5912617834591698,0.4756251820242411,1.0,2.3855,0.536,1.0,0.966,0.0056,0.9
0.0008549063333282165,0.6075245255643912,0.4760534745496423,1.0,2.3855,0.536,1.0,0.966,0.0056,0.9
0.0006502916935831308,0.5818988828286125,0.47535255256011405,1.0,2.3855,0.536,1.0,0.966,0.0056,0.9
0.0007506242369434363,0.5825936505549951,0.47530130828550887,1.0,2.3855,0.536,1.0,0.966,0.0056,0.9
0.0005125747182094807,0.6146904204560912,0.47617647434646343,1.0,2.3855,0.536,1.0,0.966,0.0056,0.9
0.00037439420878833293,0.6005480951116056,0.4756812978024546,1.0,2.3855,0.536,1.0,0.966,0.0056,0.9
0.0007847993423559788,0.5948757133174587,0.47552016226267013,1.0,2.3855,0.536,1.0,0.966,0.0056,0.9
0.0008431185137428603,0.6136294341397535,0.4761842179916387,1.0,2.3855,0.536,1.0,0.966,0.0056,0.9
0.00015044245077027222,0.6003159699046012,0.47579839642904304,1.0,2.3855,0.536,1.0,0.966,0.0056,0.9
0.0005299546543192675,0.5893694860299012,0.4754476402562199,1.0,2.3855,0.536,1.0,0.966,0.0056,0.9
0.0003073694002467925,0.5996374515770373,0.4756727720974395,1.0,2.3855,0.536,1.0,0.966,0.0056,0.9
0.00042169196070740623,0.6301205233151388,0.476394282661222,1.0,2.3855,0.536,1.0,0.966,0.0056,0.9
0.0006725938365404269,0.621408687100688,0.47611798328207755,1.0,2.3855,0.536,1.0,0.966,0.0056,0.9
0.0007285876263126295,0.5814684425853501,0.47537149202423545,1.0,2.3855,0.536,1.0,0.966,0.0056,0.9
0.0006795575049815475,0.6114912008327225,0.47612503926660604,1.0,2.3855,0.536,1.0,0.966,0.0056,0.9
0.000987137452413535,0.6007004903327862,0.4756245367995601,1.0,2.3855,0.536,1.0,0.966,0.0056,0.9
0.00033086291544007787,0.6094028733929142,0.4760432927865542,1.0,2.3855,0.536,1.0,0.966,0.0056,0.9
0.00028542601824097424,0.5985203145113169,0.47578075336427506,1.0,2.3855,0.536,1.0,0.966,0.0056,0.9
5.0681162022445975e-5,0.6066409515575504,0.47592859567858903,1.0,2.3855,0.536,1.0,0.966,0.0056,0.9
0.0008952740884314519,0.6221313518315714,0.4763607663498023,1.0,2.3855,0.536,1.0,0.966,0.0056,0.9
0.0003906851883703563,0.6124123612960741,0.47593595309806136,1.0,2.3855,0.536,1.0,0.966,0.0056,0.9
0.0006791397149449044,0.6003815837634557,0.475875302102605,1.0,2.3855,0.536,1.0,0.966,0.0056,0.9
2.4160841517886247e-5,0.6106835787993814,0.4759652995964424,1.0,2.3855,0.536,1.0,0.966,0.0056,0.9
0.00023903720597126188,0.6118337303835922,0.47608306528821753,1.0,2.3855,0.536,1.0,0.966,0.0056,0.9
0.00032510243131860075,0.6026266113606957,0.4757306720389754,1.0,2.3855,0.536,1.0,0.966,0.0056,0.9
0.0007873170153902538,0.610397081616013,0.4761107481146175,1.0,2.3855,0.536,1.0,0.966,0.0056,0.9
0.0009433376756354037,0.5777278410901925,0.4752956389277059,1.0,2.3855,0.536,1.0,0.966,0.0056,0.9
0.0007668651296488132,0.5885821489510717,0.4755896821162952,1.0,2.3855,0.536,1.0,0.966,0.0056,0.9
4.159462756972188e-5,0.6130385043111974,0.4760138810019223,1.0,2.3855,0.536,1.0,0.966,0.0056,0.9
0.0008890229852100457,0.6183726907391254,0.4762857099881291,1.0,2.3855,0.536,1.0,0.966,0.0056,0.9
0.000789106283998952,0.6242504997979442,0.47639201884583227,1.0,2.3855,0.536,1.0,0.966,0.0056,0.9
0.0004902224670960877,0.6238326326875197,0.47619785298199313,1.0,2.3855,0.536,1.0,0.966,0.0056,0.9
0.0008895990792871589,0.5813764282002525,0.47540328687423106,1.0,2.3855,0.536,1.0,0.966,0.0056,0.9
0.0008398841811041947,0.5845971065750765,0.47548978785417406,1.0,2.3855,0.536,1.0,0.966,0.0056,0.9
0.0007371311883082284,0.5851180249036783,0.4754893416978043,1.0,2.3855,0.536,1.0,0.966,0.0056,0.9
0.0008332553638751297,0.5871731103363504,0.47536522621527,1.0,2.3855,0.536,1.0,0.966,0.0056,0.9
1.200527661748988e-5,0.6126187372158933,0.4760383784738236,1.0,2.3855,0.536,1.0,0.966,0.0056,0.9
0.0009188366165899593,0.5771096181965283,0.475201049316897,1.0,2.3855,0.536,1.0,0.966,0.0056,0.9
0.00035294795040040263,0.5899478625762541,0.4755472603045279,1.0,2.3855,0.536,1.0,0.966,0.0056,0.9
0.00048355329190154944,0.5910281932191206,0.47561516813464777,1.0,2.3855,0.536,1.0,0.966,0.0056,0.9
0.000811868414026113,0.5790865369094622,0.475306609036167,1.0,2.3855,0.536,1.0,0.966,0.0056,0.9
7.556221727826159e-5,0.6043952590479896,0.47588194199627165,1.0,2.3855,0.536,1.0,0.966,0.0056,0.9
0.0004030510661638893,0.5927731898423054,0.4755286841570608,1.0,2.3855,0.536,1.0,0.966,0.0056,0.9
0.000249875406308381,0.6239170825921873,0.47624354515653,1.0,2.3855,0.536,1.0,0.966,0.0056,0.9
0.0005840008702222304,0.6068912279622763,0.4760155979951044,1.0,2.3855,0.536,1.0,0.966,0.0056,0.9
0.00013930509478445548,0.6054246911835766,0.47592310736871923,1.0,2.3855,0.536,1.0,0.966,0.0056,0.9
0.00022047259025207528,0.6203314854784803,0.4761510805191844,1.0,2.3855,0.536,1.0,0.966,0.0056,0.9
0.0001942012012197185,0.6237550036994429,0.47628108803735436,1.0,2.3855,0.536,1.0,0.966,0.0056,0.9
0.0008869861994871048,0.5946311976903444,0.4757564394308472,1.0,2.3855,0.536,1.0,0.966,0.0056,0.9
0.000986181297153544,0.5938685432419479,0.4754814081257232,1.0,2.3855,0.536,1.0,0.966,0.0056,0.9
0.0002135320544916433,0.5957795918669047,0.47568895103401765,1.0,2.3855,0.536,1.0,0.966,0.0056,0.9
0.000279043777557951,0.5995179681339814,0.4756750732576367,1.0,2.3855,0.536,1.0,0.966,0.0056,0.9
0.0002310872844225149,0.6071385340957096,0.4759789752451068,1.0,2.3855,0.536,1.0,0.966,0.0056,0.9
0.00047727702665331553,0.6086688686249289,0.47604417541435035,1.0,2.3855,0.536,1.0,0.966,0.0056,0.9
0.00028015726680725924,0.6020027004176915,0.4758664137905712,1.0,2.3855,0.536,1.0,0.966,0.0056,0.9
0.00011618160376542288,0.5981185114662707,0.4757128162085161,1.0,2.3855,0.536,1.0,0.966,0.0056,0.9
0.0009023710174698818,0.6396882562744676,0.4766190397579161,1.0,2.3855,0.536,1.0,0.966,0.0056,0.9
0.00012634504161461424,0.6153077888217471,0.4761335160399214,1.0,2.3855,0.536,1.0,0.966,0.0056,0.9
1.0315345931967193,0.0,0.46817959122257324,1.0,2.3855,0.536,1.0,0.966,0.0056,0.9
4.370869843926447e-6,0.6112867602945936,0.4759947299676241,1.0,2.3855,0.536,1.0,0.966,0.0056,0.9
0.0006518683110248845,0.5817672257332258,0.47533872268441285,1.0,2.3855,0.536,1.0,0.966,0.0056,0.9
8.02794952851048e-5,0.600525649242083,0.4757755381783618,1.0,2.3855,0.536,1.0,0.966,0.0056,0.9
0.0009724546406725611,0.5940389585525077,0.4757495571047272,1.0,2.3855,0.536,1.0,0.966,0.0056,0.9
4.2523698971091936e-5,0.6143089316351098,0.47608828323844615,1.0,2.3855,0.536,1.0,0.966,0.0056,0.9
0.0007678755836063505,0.6152638215903605,0.47596478330679437,1.0,2.3855,0.536,1.0,0.966,0.0056,0.9
0.0005318276358804742,0.5976090622574323,0.47579295542361305,1.0,2.3855,0.536,1.0,0.966,0.0056,0.9
0.0004209888189152082,0.6112027362081134,0.4759050928530829,1.0,2.3855,0.536,1.0,0.966,0.0056,0.9
0.0003030269820232495,0.6224494320426737,0.47629892081529984,1.0,2.3855,0.536,1.0,0.966,0.0056,0.9
0.0003931500537039638,0.6189352881582233,0.47608872525879553,1.0,2.3855,0.536,1.0,0.966,0.0056,0.9
0.0004569570691266309,0.5927330730497635,0.4755185048885755,1.0,2.3855,0.536,1.0,0.966,0.0056,0.9
6.238357555514265e-6,0.611113612462565,0.47600604553564063,1.0,2.3855,0.536,1.0,0.966,0.0056,0.9
0.0006012945721611439,0.6094889547680468,0.47607458948388737,1.0,2.3855,0.536,1.0,0.966,0.0056,0.9
0.0008857872024002359,0.5775515744795336,0.4752701692851712,1.0,2.3855,0.536,1.0,0.966,0.0056,0.9
0.0007496071540388159,0.581001957120765,0.4753607424028386,1.0,2.3855,0.536,1.0,0.966,0.0056,0.9
0.00059788658891192,0.6285451393248745,0.47630665246112974,1.0,2.3855,0.536,1.0,0.966,0.0056,0.9
0.0009674438599792408,0.5901025588207358,0.4754072402413885,1.0,2.3855,0.536,1.0,0.966,0.0056,0.9
0.0003694649372209888,0.6160886177634383,0.47618878234563666,1.0,2.3855,0.536,1.0,0.966,0.0056,0.9
0.00019568782924557062,0.6133716906222992,0.4761083195287151,1.0,2.3855,0.536,1.0,0.966,0.0056,0.9
0.00023439548484502096,0.5935047907285566,0.4755900960902837,1.0,2.3855,0.536,1.0,0.966,0.0056,0.9
0.0002539189639079084,0.6224633161323148,0.4762009185314362,1.0,2.3855,0.536,1.0,0.966,0.0056,0.9
0.0009631325671799238,0.6296435224621242,0.47650633533397624,1.0,2.3855,0.536,1.0,0.966,0.0056,0.9
4.028868566193705e-5,0.6133938260074415,0.47607060148542024,1.0,2.3855,0.536,1.0,0.966,0.0056,0.9
0.00013589108148877375,0.6212854708678909,0.4762078182644335,1.0,2.3855,0.536,1.0,0.966,0.0056,0.9
0.0006610031969260413,0.5825092913404963,0.47538807606507394,1.0,2.3855,0.536,1.0,0.966,0.0056,0.9
3.483961211398938e-5,0.6139497686634031,0.4760780120581029,1.0,2.3855,0.536,1.0,0.966,0.0056,0.9
0.0006899078776194005,0.6318992616202271,0.47638605175692983,1.0,2.3855,0.536,1.0,0.966,0.0056,0.9
0.0007663013763363149,0.584966674996529,0.4753352084780557,1.0,2.3855,0.536,1.0,0.966,0.0056,0.9
0.0005327800701026005,0.5874458314093847,0.47541688651922187,1.0,2.3855,0.536,1.0,0.966,0.0056,0.9
0.0008815118201121182,0.5770606207906255,0.4752265766088162,1.0,2.3855,0.536,1.0,0.966,0.0056,0.9
0.000684288347432739,0.6337212859004404,0.47644122991497,1.0,2.3855,0.536,1.0,0.966,0.0056,0.9
0.00045503306902404893,0.5959168520360784,0.4755783850140022,1.0,2.3855,0.536,1.0,0.966,0.0056,0.9
0.000353347075680886,0.6018314275992771,0.47571039619535194,1.0,2.3855,0.536,1.0,0.966,0.0056,0.9
0.0007801004291127792,0.5796425465853532,0.4753172297033346,1.0,2.3855,0.536,1.0,0.966,0.0056,0.9
0.00018613844660772012,0.5999166596548946,0.4757008699115709,1.0,2.3855,0.536,1.0,0.966,0.0056,0.9
0.00035660686901196,0.6053151830832744,0.47595492743425083,1.0,2.3855,0.536,1.0,0.966,0.0056,0.9
0.00041556985469083337,0.6007176706237783,0.4756794156739632,1.0,2.3855,0.536,1.0,0.966,0.0056,0.9
0.0008958500985275194,0.6171608067703036,0.47626163236852415,1.0,2.3855,0.536,1.0,0.966,0.0056,0.9
0.00033880169050564193,0.6133412908396043,0.4761285411539028,1.0,2.3855,0.536,1.0,0.966,0.0056,0.9
0.00035029784001157924,0.6064222411541084,0.4759793587608708,1.0,2.3855,0.536,1.0,0.966,0.0056,0.9
0.0006656217022285621,0.597595346186086,0.475587376301875,1.0,2.3855,0.536,1.0,0.966,0.0056,0.9
7.417568081416596e-5,0.6040400876219287,0.47580858130144493,1.0,2.3855,0.536,1.0,0.966,0.0056,0.9
0.0008605460315067877,0.578812061948597,0.47531266619744506,1.0,2.3855,0.536,1.0,0.966,0.0056,0.9
0.0006492815984110144,0.582801004683903,0.4753951146110262,1.0,2.3855,0.536,1.0,0.966,0.0056,0.9
0.0005714785565283226,0.633711225409282,0.476480953797614,1.0,2.3855,0.536,1.0,0.966,0.0056,0.9
0.0001726914118713369,0.6068453976964909,0.4758430031380778,1.0,2.3855,0.536,1.0,0.966,0.0056,0.9
0.00010689381149498581,0.5996059380116132,0.47572119985223443,1.0,2.3855,0.536,1.0,0.966,0.0056,0.9
0.000915476515545682,0.5796716578006385,0.475228181756721,1.0,2.3855,0.536,1.0,0.966,0.0056,0.9
0.000541934098530631,0.5852457867876368,0.4754487142714661,1.0,2.3855,0.536,1.0,0.966,0.0056,0.9
0.0007787700241163844,0.6213587551437789,0.47633573181780886,1.0,2.3855,0.536,1.0,0.966,0.0056,0.9
0.0005485677233095174,0.5991710132111103,0.47583292615897554,1.0,2.3855,0.536,1.0,0.966,0.0056,0.9
0.0006423048712939544,0.6191110009640921,0.4762789476613344,1.0,2.3855,0.536,1.0,0.966,0.0056,0.9
0.0006939971710357108,0.5993774694176114,0.4756214817636969,1.0,2.3855,0.536,1.0,0.966,0.0056,0.9
0.0009201620615587445,0.5777726976163167,0.47520478380973885,1.0,2.3855,0.536,1.0,0.966,0.0056,0.9
1.0315320523169706,0.0,0.468179936524944,1.0,2.3855,0.536,1.0,0.966,0.0056,0.9
0.00014197999847577594,0.6016309773516761,0.4758305557564127,1.0,2.3855,0.536,1.0,0.966,0.0056,0.9
0.0001003507993187535,0.6199092916865339,0.47618910136968456,1.0,2.3855,0.536,1.0,0.966,0.0056,0.9
0.0008004176701287855,0.5984597923922111,0.4758410785857708,1.0,2.3855,0.536,1.0,0.966,0.0056,0.9
1.031528693875216,0.0,0.4681803929538973,1.0,2.3855,0.536,1.0,0.966,0.0056,0.9
0.0012968351373485315,0.6212532653087368,0.47606591150305333,1.0,2.3855,0.536,1.0,0.966,0.0056,0.9
0.0008454965978568439,0.5817389197473142,0.4754067704478417,1.0,2.3855,0.536,1.0,0.966,0.0056,0.9
0.00096704203829315,0.6262665065659399,0.47644546692396883,1.0,2.3855,0.536,1.0,0.966,0.0056,0.9
0.000939703665070978,0.5883729937471415,0.47537617930904835,1.0,2.3855,0.536,1.0,0.966,0.0056,0.9
9.480167056889815e-5,0.6176518854188014,0.47611381206321357,1.0,2.3855,0.536,1.0,0.966,0.0056,0.9
0.0009381661252308969,0.5891681828502204,0.47562405978828304,1.0,2.3855,0.536,1.0,0.966,0.0056,0.9
0.0003636151403935601,0.6154244998136231,0.47617460114337173,1.0,2.3855,0.536,1.0,0.966,0.0056,0.9
0.0004429863629979696,0.6030129076003837,0.47572389607753895,1.0,2.3855,0.536,1.0,0.966,0.0056,0.9
0.0003749256028406842,0.5928341418397972,0.4756451345390895,1.0,2.3855,0.536,1.0,0.966,0.0056,0.9
0.0007342059276667144,0.586545481243796,0.4753668903094185,1.0,2.3855,0.536,1.0,0.966,0.0056,0.9
0.0007677481306092072,0.6105619452832078,0.47611267797053214,1.0,2.3855,0.536,1.0,0.966,0.0056,0.9
0.0007743708316011325,0.5829553809385747,0.47543123040666424,1.0,2.3855,0.536,1.0,0.966,0.0056,0.9
0.0008280797331247303,0.5835981185142985,0.47530309001572635,1.0,2.3855,0.536,1.0,0.966,0.0056,0.9
6.090900629423895e-5,0.6019352045414355,0.4757795764824717,1.0,2.3855,0.536,1.0,0.966,0.0056,0.9
0.0008132879245761782,0.6018719415710854,0.47566356907677043,1.0,2.3855,0.536,1.0,0.966,0.0056,0.9
0.00061804218230927,0.5922683403524558,0.4754869621948837,1.0,2.3855,0.536,1.0,0.966,0.0056,0.9
0.11328477679005523,0.10788613697647084,0.4502608560293475,1.0,2.3855,0.536,1.0,0.966,0.0056,0.9
0.00011024466829298411,0.613469443515567,0.4760038167351739,1.0,2.3855,0.536,1.0,0.966,0.0056,0.9
0.0009996540512939025,0.5765716327554687,0.4752682970510553,1.0,2.3855,0.536,1.0,0.966,0.0056,0.9
0.00043708005366413407,0.5897088716158343,0.4754721663898891,1.0,2.3855,0.536,1.0,0.966,0.0056,0.9
3.703703152986432e-7,0.6095594694410923,0.47595977636957976,1.0,2.3855,0.536,1.0,0.966,0.0056,0.9
7.217911410132956e-5,0.6162628240658414,0.4761349063854573,1.0,2.3855,0.536,1.0,0.966,0.0056,0.9
0.0007893603092976547,0.5998612669219099,0.4756229163256268,1.0,2.3855,0.536,1.0,0.966,0.0056,0.9
0.0005998530229529449,0.624005479959352,0.4763682220680097,1.0,2.3855,0.536,1.0,0.966,0.0056,0.9
0.0005325940973173101,0.59352838063991,0.4755220309064049,1.0,2.3855,0.536,1.0,0.966,0.0056,0.9
0.0003061308165469872,0.6179533438203899,0.47607670651496503,1.0,2.3855,0.536,1.0,0.966,0.0056,0.9
0.00026308564629723104,0.6259658255296905,0.4763321432462859,1.0,2.3855,0.536,1.0,0.966,0.0056,0.9
0.0005625172903431437,0.5838540506248838,0.47539345696364493,1.0,2.3855,0.536,1.0,0.966,0.0056,0.9
0.0007595166352564588,0.5817710926463414,0.47539035411773467,1.0,2.3855,0.536,1.0,0.966,0.0056,0.9
6.799250296692357e-5,0.6181010520702026,0.47615017339718446,1.0,2.3855,0.536,1.0,0.966,0.0056,0.9
0.00038869533437021933,0.6246952463706424,0.47635178493200114,1.0,2.3855,0.536,1.0,0.966,0.0056,0.9
0.0007185175314698057,0.5999995537004766,0.47587003713257825,1.0,2.3855,0.536,1.0,0.966,0.0056,0.9
0.00037211910355139605,0.6212150069269684,0.47628822020279604,1.0,2.3855,0.536,1.0,0.966,0.0056,0.9
0.00030187464249334086,0.6201207783300093,0.47625740265316724,1.0,2.3855,0.536,1.0,0.966,0.0056,0.9
0.00014727338754017322,0.6174622970074506,0.476093274547897,1.0,2.3855,0.536,1.0,0.966,0.0056,0.9
0.00044669640263496444,0.6294313499125865,0.4763598150544035,1.0,2.3855,0.536,1.0,0.966,0.0056,0.9
0.000679725562151606,0.5860543363795554,0.47550709837002425,1.0,2.3855,0.536,1.0,0.966,0.0056,0.9
0.00018132838275592875,0.6053613148275776,0.47581005702038204,1.0,2.3855,0.536,1.0,0.966,0.0056,0.9
0.0006871878225714934,0.6079235108817628,0.4758058984658866,1.0,2.3855,0.536,1.0,0.966,0.0056,0.9
0.00036647588199811165,0.5957753082478563,0.4755890995878866,1.0,2.3855,0.536,1.0,0.966,0.0056,0.9
0.0009433166338270464,0.582870770895475,0.47545494505753927,1.0,2.3855,0.536,1.0,0.966,0.0056,0.9
0.0004043352871969373,0.6180882705038883,0.4760669055717416,1.0,2.3855,0.536,1.0,0.966,0.0056,0.9
0.0008132194170028189,0.6378391091280832,0.47655524372342006,1.0,2.3855,0.536,1.0,0.966,0.0056,0.9
0.00036349463390869145,0.6178675446172635,0.47622338411685045,1.0,2.3855,0.536,1.0,0.966,0.0056,0.9
0.0007443634327674763,0.6196473537140494,0.4762990365630818,1.0,2.3855,0.536,1.0,0.966,0.0056,0.9
0.0008786830293350096,0.6023955822134294,0.47593983744345,1.0,2.3855,0.536,1.0,0.966,0.0056,0.9
0.0009801780528327112,0.5761289252984895,0.4751748456903727,1.0,2.3855,0.536,1.0,0.966,0.0056,0.9
0.0009243159280262495,0.6009528927004671,0.47591025018664723,1.0,2.3855,0.536,1.0,0.966,0.0056,0.9
0.00015822682187048025,0.5965528272342075,0.4756883903545796,1.0,2.3855,0.536,1.0,0.966,0.0056,0.9
0.00010291126180896004,0.6095822699362075,0.47600994305430894,1.0,2.3855,0.536,1.0,0.966,0.0056,0.9
0.0006665207974341446,0.5843697851810502,0.4753437255295968,1.0,2.3855,0.536,1.0,0.966,0.0056,0.9
0.0005278409369215681,0.5909595309427509,0.4756206957349127,1.0,2.3855,0.536,1.0,0.966,0.0056,0.9
4.960146692574706e-5,0.6021781834375154,0.4757943813361385,1.0,2.3855,0.536,1.0,0.966,0.0056,0.9
0.0003116002968395441,0.619145017160335,0.476240710882609,1.0,2.3855,0.536,1.0,0.966,0.0056,0.9
0.0007747309944259622,0.6365108222548372,0.4765813836907071,1.0,2.3855,0.536,1.0,0.966,0.0056,0.9
0.00041275886675250397,0.6040656697129599,0.4759330453867946,1.0,2.3855,0.536,1.0,0.966,0.0056,0.9
0.00014997110691462423,0.6091249775405959,0.4760096122020073,1.0,2.3855,0.536,1.0,0.966,0.0056,0.9
0.0003771877557987331,0.5992429165067195,0.4758133277614231,1.0,2.3855,0.536,1.0,0.966,0.0056,0.9
0.0009655263514783849,0.5786672663846081,0.4753321954410652,1.0,2.3855,0.536,1.0,0.966,0.0056,0.9
0.0007332209938319082,0.6309268851700425,0.4763530489905955,1.0,2.3855,0.536,1.0,0.966,0.0056,0.9
0.00011183479814315136,0.6177372078769069,0.47617392700785943,1.0,2.3855,0.536,1.0,0.966,0.0056,0.9
1.0315524821045028,0.0,0.4681771649948696,1.0,2.3855,0.536,1.0,0.966,0.0056,0.9
0.00028969534495937907,0.5914989612829138,0.4755471266826824,1.0,2.3855,0.536,1.0,0.966,0.0056,0.9
0.0008473557529182246,0.5779262466063549,0.4752348307250073,1.0,2.3855,0.536,1.0,0.966,0.0056,0.9
0.00017534864061383287,0.6082906963497434,0.47587374395533905,1.0,2.3855,0.536,1.0,0.966,0.0056,0.9
0.0005061654443706571,0.5873811729180458,0.4755116407563483,1.0,2.3855,0.536,1.0,0.966,0.0056,0.9
0.0005395026519511902,0.6290467091656256,0.47644577869974236,1.0,2.3855,0.536,1.0,0.966,0.0056,0.9
0.0007616261847589155,0.624870697664385,0.4761940840779316,1.0,2.3855,0.536,1.0,0.966,0.0056,0.9
0.002099590776036273,0.5959535892093715,0.475870865189852,1.0,2.3855,0.536,1.0,0.966,0.0056,0.9
0.0007073632944754764,0.5939971591458935,0.47551036510039607,1.0,2.3855,0.536,1.0,0.966,0.0056,0.9
0.00047695131102581544,0.6314797617867871,0.47645454850578894,1.0,2.3855,0.536,1.0,0.966,0.0056,0.9
0.000818106401419657,0.580175609802595,0.47535028060457396,1.0,2.3855,0.536,1.0,0.966,0.0056,0.9
0.0005920126069627235,0.625121902547258,0.476387557790136,1.0,2.3855,0.536,1.0,0.966,0.0056,0.9
0.0009569361808762332,0.6197101420148583,0.4763179328707612,1.0,2.3855,0.536,1.0,0.966,0.0056,0.9
9.221337649998708e-6,0.6114734344205215,0.47601586208405866,1.0,2.3855,0.536,1.0,0.966,0.0056,0.9
0.0005742294018380687,0.6234715876124854,0.4761786927457891,1.0,2.3855,0.536,1.0,0.966,0.0056,0.9
0.0009020678467359172,0.6015689267786997,0.4756497982813868,1.0,2.3855,0.536,1.0,0.966,0.0056,0.9
0.00028950547108720225,0.5990418286558952,0.47566405026119635,1.0,2.3855,0.536,1.0,0.966,0.0056,0.9
0.0001140865509589044,0.6169848414608436,0.476089646898623,1.0,2.3855,0.536,1.0,0.966,0.0056,0.9
0.00037720107065780987,0.6153706972208277,0.47600583823864223,1.0,2.3855,0.536,1.0,0.966,0.0056,0.9
0.0009388837356419388,0.5770300362302475,0.4752681664295286,1.0,2.3855,0.536,1.0,0.966,0.0056,0.9
1.0310232638420025,0.0,0.46824753291552634,1.0,2.3855,0.536,1.0,0.966,0.0056,0.9
8.848030811046353e-5,0.604105623617448,0.4758053099389988,1.0,2.3855,0.536,1.0,0.966,0.0056,0.9
0.0008613909666687014,0.5774449494874683,0.4752361314385268,1.0,2.3855,0.536,1.0,0.966,0.0056,0.9
0.00029201525169798945,0.5975016470956385,0.4757556067717593,1.0,2.3855,0.536,1.0,0.966,0.0056,0.9
0.00015324581357848078,0.5963726098916131,0.475665652624235,1.0,2.3855,0.536,1.0,0.966,0.0056,0.9
0.0008526523629805214,0.5783723918397551,0.47529249687911335,1.0,2.3855,0.536,1.0,0.966,0.0056,0.9
0.0005717619456820602,0.5950756431281543,0.47554697462776796,1.0,2.3855,0.536,1.0,0.966,0.0056,0.9
0.0004225511650791805,0.5874104126351776,0.47547505474009893,1.0,2.3855,0.536,1.0,0.966,0.0056,0.9
0.0002160805094093757,0.6205618607839343,0.4762492122295463,1.0,2.3855,0.536,1.0,0.966,0.0056,0.9
0.0002286119140135243,0.5957796727222512,0.4756188022158724,1.0,2.3855,0.536,1.0,0.966,0.0056,0.9
0.000982814704837603,0.6372781813063602,0.4764992425077519,1.0,2.3855,0.536,1.0,0.966,0.0056,0.9
0.0007386875491217721,0.6205668226617354,0.47631665316201566,1.0,2.3855,0.536,1.0,0.966,0.0056,0.9
0.00030121754833659683,0.6240945731232251,0.4763252415120435,1.0,2.3855,0.536,1.0,0.966,0.0056,0.9
1.0315405698437803,0.0,0.46817877892673765,1.0,2.3855,0.536,1.0,0.966,0.0056,0.9
0.0009809252298717001,0.6082905753271631,0.4760800777314872,1.0,2.3855,0.536,1.0,0.966,0.0056,0.9
0.0007593001090144094,0.5823350911681449,0.4752959586502016,1.0,2.3855,0.536,1.0,0.966,0.0056,0.9
0.0003136301904681801,0.5999749316680181,0.4758220248451357,1.0,2.3855,0.536,1.0,0.966,0.0056,0.9
0.0008798862356871145,0.6165266043114945,0.4762473792368518,1.0,2.3855,0.536,1.0,0.966,0.0056,0.9
0.0007511655118366185,0.581086507172881,0.47536433036432996,1.0,2.3855,0.536,1.0,0.966,0.0056,0.9
0.000966563010294672,0.5754440536688776,0.4751916167958068,1.0,2.3855,0.536,1.0,0.966,0.0056,0.9
1.0315423480429367,0.0,0.46817853870129256,1.0,2.3855,0.536,1.0,0.966,0.0056,0.9
0.0005402746386256798,0.5859065864246822,0.4753950461893254,1.0,2.3855,0.536,1.0,0.966,0.0056,0.9
5.458112827171559e-5,0.6098221414499971,0.4760024442820564,1.0,2.3855,0.536,1.0,0.966,0.0056,0.9
0.00043357246862894274,0.6153863424224868,0.4761821973343926,1.0,2.3855,0.536,1.0,0.966,0.0056,0.9
0.0005530949654618828,0.5951664193882054,0.4755510209663092,1.0,2.3855,0.536,1.0,0.966,0.0056,0.9
0.000639514809948276,0.5904502214857823,0.47545006892521613,1.0,2.3855,0.536,1.0,0.966,0.0056,0.9
0.09506519671803812,0.1504726912767157,0.4565811026967269,1.0,2.3855,0.536,1.0,0.966,0.0056,0.9
0.00074957169122139,0.6308860355754867,0.476504593201859,1.0,2.3855,0.536,1.0,0.966,0.0056,0.9
0.0006612525577464078,0.581676659403992,0.47532595473129907,1.0,2.3855,0.536,1.0,0.966,0.0056,0.9
0.0005673531569196404,0.6034402680370302,0.47593560518371475,1.0,2.3855,0.536,1.0,0.966,0.0056,0.9
0.000262726807239611,0.5926738430784444,0.47560507331975677,1.0,2.3855,0.536,1.0,0.966,0.0056,0.9
0.00026745712393535023,0.6213052799691969,0.4762725775524681,1.0,2.3855,0.536,1.0,0.966,0.0056,0.9
0.00012464994322662095,0.5979444931264013,0.47571610148579946,1.0,2.3855,0.536,1.0,0.966,0.0056,0.9
0.0005270922684746225,0.5941452375860085,0.47553452923165124,1.0,2.3855,0.536,1.0,0.966,0.0056,0.9
1.0315313259954282,0.0,0.4681800333988763,1.0,2.3855,0.536,1.0,0.966,0.0056,0.9
0.00026324280681483067,0.6128160746018241,0.47610732787909077,1.0,2.3855,0.536,1.0,0.966,0.0056,0.9
0.00024196644137569183,0.6043954493624673,0.4757796841687657,1.0,2.3855,0.536,1.0,0.966,0.0056,0.9
0.0004143941933023789,0.6158118403593247,0.47601174975706684,1.0,2.3855,0.536,1.0,0.966,0.0056,0.9
0.0005598540326265623,0.6141505982112365,0.47617005278751356,1.0,2.3855,0.536,1.0,0.966,0.0056,0.9
0.0003874521497715289,0.6010370806780214,0.4756895605480052,1.0,2.3855,0.536,1.0,0.966,0.0056,0.9
0.0009496941126971734,0.6167625256350335,0.4762576543915276,1.0,2.3855,0.536,1.0,0.966,0.0056,0.9
0.0005749285337837551,0.5840258488778031,0.47541337978418885,1.0,2.3855,0.536,1.0,0.966,0.0056,0.9
0.0005894315150825251,0.6281204336377015,0.47629641771669845,1.0,2.3855,0.536,1.0,0.966,0.0056,0.9
0.0004606279065125161,0.5895778687164297,0.4754647417460217,1.0,2.3855,0.536,1.0,0.966,0.0056,0.9
1.295272722294693e-5,0.6132290870481331,0.4760467890238757,1.0,2.3855,0.536,1.0,0.966,0.0056,0.9
0.0009502613173331033,0.6337373791774847,0.4765736902562106,1.0,2.3855,0.536,1.0,0.966,0.0056,0.9
0.0005088833164467419,0.6080571780811026,0.47603399141057195,1.0,2.3855,0.536,1.0,0.966,0.0056,0.9
8.52411201484566e-5,0.6128838766109765,0.4759961141674445,1.0,2.3855,0.536,1.0,0.966,0.0056,0.9
0.00036159427566839373,0.5915848073318923,0.47560540749542174,1.0,2.3855,0.536,1.0,0.966,0.0056,0.9
0.0005889954184686361,0.5975444811979045,0.47559438893761363,1.0,2.3855,0.536,1.0,0.966,0.0056,0.9
0.0009657395436428292,0.5805890640445552,0.47523346035153885,1.0,2.3855,0.536,1.0,0.966,0.0056,0.9
0.0007160239154986713,0.6209699378260094,0.4763224505084531,1.0,2.3855,0.536,1.0,0.966,0.0056,0.9
0.0009516342604771548,0.5928890578489054,0.4757193774607027,1.0,2.3855,0.536,1.0,0.966,0.0056,0.9
0.00045013220306931246,0.5875293027581369,0.4754420209006446,1.0,2.3855,0.536,1.0,0.966,0.0056,0.9
0.00018499947799031737,0.597437380229375,0.4756580869394198,1.0,2.3855,0.536,1.0,0.966,0.0056,0.9
0.00030905065802929235,0.5931336610009126,0.4756381346106675,1.0,2.3855,0.536,1.0,0.966,0.0056,0.9
0.0008198677962609092,0.5903881822104369,0.4756432023718373,1.0,2.3855,0.536,1.0,0.966,0.0056,0.9
0.00016799400723349926,0.6097933942191651,0.4760275990669022,1.0,2.3855,0.536,1.0,0.966,0.0056,0.9
0.0002613078214134126,0.5957145669148876,0.47560892847355696,1.0,2.3855,0.536,1.0,0.966,0.0056,0.9
0.00018727990911437243,0.6215203339703445,0.47619189739719925,1.0,2.3855,0.536,1.0,0.966,0.0056,0.9
0.0006892090690737398,0.5832765957064816,0.4753240195895573,1.0,2.3855,0.536,1.0,0.966,0.0056,0.9
0.0009820437411471252,0.6369574038890786,0.4764898851989165,1.0,2.3855,0.536,1.0,0.966,0.0056,0.9
0.0002704656187710258,0.5961283790744297,0.47571449688129813,1.0,2.3855,0.536,1.0,0.966,0.0056,0.9
0.000791109616019556,0.5917404939659715,0.4756748209732798,1.0,2.3855,0.536,1.0,0.966,0.0056,0.9
0.0005027592653104255,0.6261716359451028,0.4762567123258084,1.0,2.3855,0.536,1.0,0.966,0.0056,0.9
0.0007266625358544564,0.5812106945553284,0.4753611158054748,1.0,2.3855,0.536,1.0,0.966,0.0056,0.9
0.0006334829539185439,0.5943769339672327,0.475526006319841,1.0,2.3855,0.536,1.0,0.966,0.0056,0.9
0.0005418831279965104,0.6313185895204914,0.47639630464183713,1.0,2.3855,0.536,1.0,0.966,0.0056,0.9
0.0005738988260810141,0.62292767272107,0.47616522278262574,1.0,2.3855,0.536,1.0,0.966,0.0056,0.9
0.0007320443709454011,0.6080105731904195,0.47605398370602225,1.0,2.3855,0.536,1.0,0.966,0.0056,0.9
0.00011947416399411003,0.6089092851875278,0.4758979382078595,1.0,2.3855,0.536,1.0,0.966,0.0056,0.9
0.0003141230908099134,0.5966753061809953,0.47573801577101676,1.0,2.3855,0.536,1.0,0.966,0.0056,0.9
0.0005560635927476107,0.5967739737752644,0.4755825457377236,1.0,2.3855,0.536,1.0,0.966,0.0056,0.9
1.0315238359902636,0.0,0.4681810551502418,1.0,2.3855,0.536,1.0,0.966,0.0056,0.9
0.00018848170236987813,0.5974042763588742,0.4756564723655823,1.0,2.3855,0.536,1.0,0.966,0.0056,0.9
5.9095105883784585e-5,0.609161132727766,0.47591840650842787,1.0,2.3855,0.536,1.0,0.966,0.0056,0.9
0.000820003497153678,0.5987800417643946,0.47559749497876763,1.0,2.3855,0.536,1.0,0.966,0.0056,0.9
0.0006097107694926953,0.586510750524357,0.4753868451214398,1.0,2.3855,0.536,1.0,0.966,0.0056,0.9
0.0004960755638904358,0.5932250305840575,0.47552146018895725,1.0,2.3855,0.536,1.0,0.966,0.0056,0.9
0.000981368718488805,0.6334669976195921,0.4765727969320587,1.0,2.3855,0.536,1.0,0.966,0.0056,0.9
9.490743228810617e-5,0.6194878698781332,0.47618757798150724,1.0,2.3855,0.536,1.0,0.966,0.0056,0.9
0.00023741673729868955,0.5941660235837003,0.4755936238981243,1.0,2.3855,0.536,1.0,0.966,0.0056,0.9
0.00017474493969193083,0.6195245192367396,0.4761402524940672,1.0,2.3855,0.536,1.0,0.966,0.0056,0.9
0.0004915087239821153,0.6271094826064554,0.47640793830920247,1.0,2.3855,0.536,1.0,0.966,0.0056,0.9
0.00047750554184041946,0.5899330680484952,0.47558285902133124,1.0,2.3855,0.536,1.0,0.966,0.0056,0.9
0.0006868400601782465,0.5816740429035369,0.4753100149531508,1.0,2.3855,0.536,1.0,0.966,0.0056,0.9
0.0004243340238005914,0.5888718935156128,0.47546455579312896,1.0,2.3855,0.536,1.0,0.966,0.0056,0.9
0.0006292319168096023,0.6034189203923718,0.4759412503175631,1.0,2.3855,0.536,1.0,0.966,0.0056,0.9
0.0007481922123922017,0.5922202440346187,0.4756824279559093,1.0,2.3855,0.536,1.0,0.966,0.0056,0.9
0.0009606715986864472,0.5794853025019575,0.4752173430078205,1.0,2.3855,0.536,1.0,0.966,0.0056,0.9
0.0002670349671714015,0.5948814409166734,0.4756784435127289,1.0,2.3855,0.536,1.0,0.966,0.0056,0.9
0.0007022181391150019,0.5819123349707553,0.4753057092701206,1.0,2.3855,0.536,1.0,0.966,0.0056,0.9
0.00018644543031584273,0.597638204328769,0.475660857762502,1.0,2.3855,0.536,1.0,0.966,0.0056,0.9
8.569053166973827e-5,0.615445653347586,0.47605859908128334,1.0,2.3855,0.536,1.0,0.966,0.0056,0.9
0.00031125070064782855,0.6253332066919958,0.4763456327938893,1.0,2.3855,0.536,1.0,0.966,0.0056,0.9
0.0007781247166750346,0.6137450343430396,0.476181331066428,1.0,2.3855,0.536,1.0,0.966,0.0056,0.9
0.0005192340289578237,0.6053873695946291,0.47576632854067413,1.0,2.3855,0.536,1.0,0.966,0.0056,0.9
0.00017696317897765597,0.6040568544063377,0.47578385816699287,1.0,2.3855,0.536,1.0,0.966,0.0056,0.9
0.0006643303912092665,0.6347351527375973,0.4765386419992491,1.0,2.3855,0.536,1.0,0.966,0.0056,0.9
0.0007986982107836472,0.5906246670597094,0.47564700613232175,1.0,2.3855,0.536,1.0,0.966,0.0056,0.9
0.0008339425146876738,0.6240127143742736,0.47616641003433835,1.0,2.3855,0.536,1.0,0.966,0.0056,0.9
5.8029165585366487e-5,0.6086006214559715,0.4759764252828525,1.0,2.3855,0.536,1.0,0.966,0.0056,0.9
0.0003612920387615397,0.6281852698329846,0.476392386211523,1.0,2.3855,0.536,1.0,0.966,0.0056,0.9
7.002979294952699e-5,0.6022684611670517,0.47582345517836155,1.0,2.3855,0.536,1.0,0.966,0.0056,0.9
0.0009559666154969754,0.6032974785729985,0.47596663066685585,1.0,2.3855,0.536,1.0,0.966,0.0056,0.9
1.8709452756074283e-5,0.6139734076143241,0.4760636422216338,1.0,2.3855,0.536,1.0,0.966,0.0056,0.9
0.0007556708992284444,0.5859482776760674,0.4755159569255889,1.0,2.3855,0.536,1.0,0.966,0.0056,0.9
0.00022194729501146993,0.5956428853440084,0.4756188339599124,1.0,2.3855,0.536,1.0,0.966,0.0056,0.9
0.0007131460535119738,0.5820019629206569,0.47530320326730474,1.0,2.3855,0.536,1.0,0.966,0.0056,0.9
0.0006293543906966874,0.5986955774641076,0.47561370090026944,1.0,2.3855,0.536,1.0,0.966,0.0056,0.9
0.00041535139150165277,0.6091853584524661,0.47604870064581173,1.0,2.3855,0.536,1.0,0.966,0.0056,0.9
0.00012041324703048363,0.6189844266319009,0.4761968721897908,1.0,2.3855,0.536,1.0,0.966,0.0056,0.9
0.00018222626508258228,0.6020665346799264,0.4758506615410506,1.0,2.3855,0.536,1.0,0.966,0.0056,0.9
0.0009365695643187825,0.5870737955360452,0.47535169794977156,1.0,2.3855,0.536,1.0,0.966,0.0056,0.9
0.0002672084740558598,0.6000453362868537,0.4758161786541949,1.0,2.3855,0.536,1.0,0.966,0.0056,0.9
0.000529884245757752,0.5845945694007859,0.4754035567358488,1.0,2.3855,0.536,1.0,0.966,0.0056,0.9
7.36696277166909e-5,0.6011462550967215,0.4757607791936471,1.0,2.3855,0.536,1.0,0.966,0.0056,0.9
0.07028119671941192,0.22142649410757154,0.4625173880720453,1.0,2.3855,0.536,1.0,0.966,0.0056,0.9
0.0005257515123317644,0.5979751843779759,0.4756102506894937,1.0,2.3855,0.536,1.0,0.966,0.0056,0.9
5.241083219389453e-5,0.6109836002463804,0.4760266773788258,1.0,2.3855,0.536,1.0,0.966,0.0056,0.9
0.0009449718098797109,0.5766906428331816,0.4751897780978239,1.0,2.3855,0.536,1.0,0.966,0.0056,0.9
0.0001256582576563928,0.599044919494675,0.47575428578750945,1.0,2.3855,0.536,1.0,0.966,0.0056,0.9
0.00087775587351952,0.5965450304808426,0.4758021262207701,1.0,2.3855,0.536,1.0,0.966,0.0056,0.9
0.0005104744482003435,0.6093129223312326,0.4760617825549275,1.0,2.3855,0.536,1.0,0.966,0.0056,0.9
0.000939963961088984,0.6382840292369083,0.4765375686777881,1.0,2.3855,0.536,1.0,0.966,0.0056,0.9
1.0315786660909,0.0,0.4681736110812392,1.0,2.3855,0.536,1.0,0.966,0.0056,0.9
0.000416271720561327,0.6147615736603593,0.47616738619792925,1.0,2.3855,0.536,1.0,0.966,0.0056,0.9
0.0005977683023090789,0.58562072958778,0.4754779110145525,1.0,2.3855,0.536,1.0,0.966,0.0056,0.9
1.031521927535564,0.0,0.4681813161997625,1.0,2.3855,0.536,1.0,0.966,0.0056,0.9
0.00075231822043954,0.5951013562544295,0.4757551101406343,1.0,2.3855,0.536,1.0,0.966,0.0056,0.9
0.00011479583598284762,0.598518284309114,0.47573024247879125,1.0,2.3855,0.536,1.0,0.966,0.0056,0.9
0.0009003581340030355,0.5903572520084622,0.47541872978212274,1.0,2.3855,0.536,1.0,0.966,0.0056,0.9
0.0004683725133232594,0.6237867818497157,0.4761995513005328,1.0,2.3855,0.536,1.0,0.966,0.0056,0.9
0.0009213097815202874,0.6348457914238791,0.4764373689931758,1.0,2.3855,0.536,1.0,0.966,0.0056,0.9
0.0007688286040015938,0.5844214907824057,0.475325803329394,1.0,2.3855,0.536,1.0,0.966,0.0056,0.9
0.00046531459499889584,0.6293008196141846,0.47635106668854477,1.0,2.3855,0.536,1.0,0.966,0.0056,0.9
0.0009205339790310855,0.5946464751325473,0.4757598418231167,1.0,2.3855,0.536,1.0,0.966,0.0056,0.9
0.0006208278975747078,0.622407957820795,0.47634071141293116,1.0,2.3855,0.536,1.0,0.966,0.0056,0.9
0.0006263558053735457,0.5824424229985775,0.4753441072976221,1.0,2.3855,0.536,1.0,0.966,0.0056,0.9
0.00020457213175262656,0.6003608304985159,0.47581232881681734,1.0,2.3855,0.536,1.0,0.966,0.0056,0.9
0.0008049946395875429,0.5998548398737493,0.475874512103044,1.0,2.3855,0.536,1.0,0.966,0.0056,0.9
0.0009396980138854433,0.5940392873428317,0.4757466770606673,1.0,2.3855,0.536,1.0,0.966,0.0056,0.9
0.0005975496898804215,0.584106982386876,0.47535907727967797,1.0,2.3855,0.536,1.0,0.966,0.0056,0.9
0.0003214279372213868,0.604500124148992,0.47593150576351806,1.0,2.3855,0.536,1.0,0.966,0.0056,0.9
5.806817004252354e-5,0.6014939932562979,0.4757859361493064,1.0,2.3855,0.536,1.0,0.966,0.0056,0.9
0.0002746385519626268,0.5991459767964121,0.47566862796537734,1.0,2.3855,0.536,1.0,0.966,0.0056,0.9
0.0007041331198669879,0.6043052726176872,0.4759685204226877,1.0,2.3855,0.536,1.0,0.966,0.0056,0.9
0.0009540345050046726,0.5905859712585967,0.47566187395034476,1.0,2.3855,0.536,1.0,0.966,0.0056,0.9
0.000905143308009849,0.6162937717898249,0.47597763045107067,1.0,2.3855,0.536,1.0,0.966,0.0056,0.9
0.00020003528856204266,0.6204996557252629,0.4762444487492643,1.0,2.3855,0.536,1.0,0.966,0.0056,0.9
0.0005051783940082054,0.6071096832686409,0.4760125359982368,1.0,2.3855,0.536,1.0,0.966,0.0056,0.9
1.3657813623613178e-5,0.6117615812378611,0.4760250085840031,1.0,2.3855,0.536,1.0,0.966,0.0056,0.9
0.0003829060416979111,0.624445594189409,0.4762294603367129,1.0,2.3855,0.536,1.0,0.966,0.0056,0.9
0.0004906689053717088,0.6243787738277973,0.4763616501344268,1.0,2.3855,0.536,1.0,0.966,0.0056,0.9
0.0008507339689721615,0.5940900800203116,0.4754979808582436,1.0,2.3855,0.536,1.0,0.966,0.0056,0.9
0.0008004825896160599,0.5803807328914621,0.47535287821297,1.0,2.3855,0.536,1.0,0.966,0.0056,0.9
4.4987634283973504e-5,0.6042497889556433,0.47582445913472904,1.0,2.3855,0.536,1.0,0.966,0.0056,0.9
0.0006242754647347947,0.6198864924705552,0.4762924719466239,1.0,2.3855,0.536,1.0,0.966,0.0056,0.9
0.0006176285508624974,0.6231633009193102,0.47616632506251344,1.0,2.3855,0.536,1.0,0.966,0.0056,0.9
0.00018739015934352666,0.6231331103054143,0.47624324355325676,1.0,2.3855,0.536,1.0,0.966,0.0056,0.9
0.00028083125845431936,0.5989941643101855,0.4757920337424727,1.0,2.3855,0.536,1.0,0.966,0.0056,0.9
0.0004049716117458291,0.597695572063432,0.47577873531396797,1.0,2.3855,0.536,1.0,0.966,0.0056,0.9
0.0006236669155806173,0.6117764313595816,0.4758976747131818,1.0,2.3855,0.536,1.0,0.966,0.0056,0.9
0.0002335813053007515,0.5934307238023214,0.47559075458573546,1.0,2.3855,0.536,1.0,0.966,0.0056,0.9
0.000303824047264377,0.6273705652774215,0.47634982058535075,1.0,2.3855,0.536,1.0,0.966,0.0056,0.9
0.00023090968327082654,0.5963575761145834,0.47571119899988823,1.0,2.3855,0.536,1.0,0.966,0.0056,0.9
0.0001461043666113331,0.6200796375787725,0.47622244238660827,1.0,2.3855,0.536,1.0,0.966,0.0056,0.9
0.00014746218652964287,0.6139736086098293,0.47600776795566824,1.0,2.3855,0.536,1.0,0.966,0.0056,0.9
0.0009985080147715288,0.6248925010860282,0.4764222523165883,1.0,2.3855,0.536,1.0,0.966,0.0056,0.9
0.0002608214666388497,0.6017708411167926,0.4758577024956545,1.0,2.3855,0.536,1.0,0.966,0.0056,0.9
0.0003073225362510662,0.5948824719499013,0.47558426378449803,1.0,2.3855,0.536,1.0,0.966,0.0056,0.9
0.0006606443307403296,0.6172945989567593,0.47624428900461313,1.0,2.3855,0.536,1.0,0.966,0.0056,0.9
0.0009737113334929761,0.5833484700835933,0.47527906908617545,1.0,2.3855,0.536,1.0,0.966,0.0056,0.9
0.00035754290487047773,0.6169025129390769,0.47620355344010457,1.0,2.3855,0.536,1.0,0.966,0.0056,0.9
0.00038582555213896233,0.6234639192744542,0.47633047114864047,1.0,2.3855,0.536,1.0,0.966,0.0056,0.9
0.0006170247256850886,0.5959212432472069,0.4755585537920991,1.0,2.3855,0.536,1.0,0.966,0.0056,0.9
0.00037343188358484507,0.6282981277709224,0.47639793061681135,1.0,2.3855,0.536,1.0,0.966,0.0056,0.9
0.0003243473771337608,0.5943195994207826,0.47557099577199774,1.0,2.3855,0.536,1.0,0.966,0.0056,0.9
6.0935724390726465e-5,0.6012816240445104,0.4757792846579454,1.0,2.3855,0.536,1.0,0.966,0.0056,0.9
0.0007465415192697445,0.5828764291622253,0.47530608036629696,1.0,2.3855,0.536,1.0,0.966,0.0056,0.9
0.0009555621107261762,0.6340528215381893,0.47641138153378526,1.0,2.3855,0.536,1.0,0.966,0.0056,0.9
0.0008898888077346822,0.6117720520978019,0.4758754178114038,1.0,2.3855,0.536,1.0,0.966,0.0056,0.9
0.06204314573303005,0.2491851239166069,0.46405539875184865,1.0,2.3855,0.536,1.0,0.966,0.0056,0.9
0.00036756738261941457,0.6083946857843395,0.47602566113068234,1.0,2.3855,0.536,1.0,0.966,0.0056,0.9
0.000504980360839881,0.5901907475904182,0.47546589788613464,1.0,2.3855,0.536,1.0,0.966,0.0056,0.9
0.0009493377839559918,0.6337955483268307,0.4765745004582587,1.0,2.3855,0.536,1.0,0.966,0.0056,0.9
0.00033461121298482293,0.6237321141240002,0.47632625392378014,1.0,2.3855,0.536,1.0,0.966,0.0056,0.9
0.0007762636052033803,0.5951033713370212,0.4757575425036429,1.0,2.3855,0.536,1.0,0.966,0.0056,0.9
0.05990265000001979,0.2568906227319243,0.4644562114626678,1.0,2.3855,0.536,1.0,0.966,0.0056,0.9
0.0003619955005636318,0.6176796928862901,0.4760624430668861,1.0,2.3855,0.536,1.0,0.966,0.0056,0.9
0.0006599493370286967,0.5976296932565436,0.4758075785431207,1.0,2.3855,0.536,1.0,0.966,0.0056,0.9
0.0005128044964793231,0.5872857094574337,0.4755102997358678,1.0,2.3855,0.536,1.0,0.966,0.0056,0.9
0.0005283693110095435,0.5999860169530449,0.47585026148469106,1.0,2.3855,0.536,1.0,0.966,0.0056,0.9
0.0008285243747200086,0.6138296729649688,0.47592694552445347,1.0,2.3855,0.536,1.0,0.966,0.0056,0.9
0.0008436402568196071,0.5985377666666745,0.4755903628914132,1.0,2.3855,0.536,1.0,0.966,0.0056,0.9
0.0006072970797417075,0.6274804123703733,0.47627710672334317,1.0,2.3855,0.536,1.0,0.966,0.0056,0.9
0.0005507219063281086,0.5957372434464006,0.47556254508838414,1.0,2.3855,0.536,1.0,0.966,0.0056,0.9
0.00023830561252158352,0.593522147977575,0.47562370278445576,1.0,2.3855,0.536,1.0,0.966,0.0056,0.9
0.0005965568383359611,0.6336121782527845,0.47651045352882343,1.0,2.3855,0.536,1.0,0.966,0.0056,0.9
0.000707219505554328,0.5822650480301598,0.4753075850184978,1.0,2.3855,0.536,1.0,0.966,0.0056,0.9
8.206742588431994e-5,0.6189225617712653,0.47616976569166625,1.0,2.3855,0.536,1.0,0.966,0.0056,0.9
0.0004913980394056109,0.5911282743400506,0.47548435934634575,1.0,2.3855,0.536,1.0,0.966,0.0056,0.9
0.0005502711539436354,0.6302632664537605,0.47646512049109085,1.0,2.3855,0.536,1.0,0.966,0.0056,0.9
0.00011226545846013734,0.5982943416654167,0.4757152940465274,1.0,2.3855,0.536,1.0,0.966,0.0056,0.9
0.00033599745023071777,0.5986456863748548,0.47579234811714666,1.0,2.3855,0.536,1.0,0.966,0.0056,0.9
0.0005218874774035882,0.6263893185802278,0.4764006310516544,1.0,2.3855,0.536,1.0,0.966,0.0056,0.9
6.530255351745382e-6,0.611136469724761,0.47600680360360065,1.0,2.3855,0.536,1.0,0.966,0.0056,0.9
0.00019462060501817768,0.6104507996002655,0.47604645805621354,1.0,2.3855,0.536,1.0,0.966,0.0056,0.9
0.0009381087413914378,0.6348276495990337,0.47658898115750903,1.0,2.3855,0.536,1.0,0.966,0.0056,0.9
0.0001143582030389572,0.6079185587283658,0.475975421885237,1.0,2.3855,0.536,1.0,0.966,0.0056,0.9
5.659104002449778e-5,0.6126089045272944,0.47606147935544485,1.0,2.3855,0.536,1.0,0.966,0.0056,0.9
0.0002230514612524249,0.5965315151187185,0.47571400771644284,1.0,2.3855,0.536,1.0,0.966,0.0056,0.9
0.0009161061204068993,0.5872188992800829,0.4755707608045454,1.0,2.3855,0.536,1.0,0.966,0.0056,0.9
0.0002864996590687101,0.6098338035272851,0.47604684879960213,1.0,2.3855,0.536,1.0,0.966,0.0056,0.9
0.00018529051801089995,0.609133748415436,0.4760161410968614,1.0,2.3855,0.536,1.0,0.966,0.0056,0.9
4.5933819893482615e-6,0.611789795040758,0.47601073948165223,1.0,2.3855,0.536,1.0,0.966,0.0056,0.9
0.0006899697336833928,0.5900563319401025,0.4756193333869134,1.0,2.3855,0.536,1.0,0.966,0.0056,0.9
0.0007701732941332762,0.5795692335227808,0.47526970493468806,1.0,2.3855,0.536,1.0,0.966,0.0056,0.9
9.802228570383771e-6,0.6073475157357228,0.4759030149982227,1.0,2.3855,0.536,1.0,0.966,0.0056,0.9
0.0007182834479550553,0.6364221655954395,0.47655848156841074,1.0,2.3855,0.536,1.0,0.966,0.0056,0.9
3.1483092778451734e-6,0.6081960678196161,0.4759269103496757,1.0,2.3855,0.536,1.0,0.966,0.0056,0.9
0.0002686220088896333,0.6084541865516536,0.47601401625159645,1.0,2.3855,0.536,1.0,0.966,0.0056,0.9
6.3955179316724145e-6,0.6102994785377591,0.4759900739819191,1.0,2.3855,0.536,1.0,0.966,0.0056,0.9
1.2437785930250197e-6,0.6097542334427608,0.47597194593397196,1.0,2.3855,0.536,1.0,0.966,0.0056,0.9
5.370029105265781e-6,0.6119264442220161,0.4760124323394571,1.0,2.3855,0.536,1.0,0.966,0.0056,0.9
7.61475777572732e-6,0.6106107122212958,0.4759975748913268,1.0,2.3855,0.536,1.0,0.966,0.0056,0.9
0.0015040575962750639,0.566560334477898,0.4749977522894111,1.0,2.3855,0.536,1.0,0.966,0.0056,0.9
3.4194180195963337e-6,0.6114842375123906,0.47600412730537167,1.0,2.3855,0.536,1.0,0.966,0.0056,0.9
0.0007467210992223288,0.5798881167957044,0.4753097082106912,1.0,2.3855,0.536,1.0,0.966,0.0056,0.9
3.1642747427594154e-6,0.6113205949344459,0.4760040100679402,1.0,2.3855,0.536,1.0,0.966,0.0056,0.9
0.00042390850322750727,0.5981579182021862,0.475626587887656,1.0,2.3855,0.536,1.0,0.966,0.0056,0.9
3.1734911100897227e-6,0.6103067187571561,0.47597153406325116,1.0,2.3855,0.536,1.0,0.966,0.0056,0.9
9.105207668944373e-7,0.608974260218288,0.47595324976206976,1.0,2.3855,0.536,1.0,0.966,0.0056,0.9
1.3901474440269447e-6,0.6104411380510048,0.47597820761586596,1.0,2.3855,0.536,1.0,0.966,0.0056,0.9
1.4260524636813444e-6,0.6099607717981164,0.4759766406878539,1.0,2.3855,0.536,1.0,0.966,0.0056,0.9
9.957334152608949e-6,0.6087927986866861,0.47595985990766754,1.0,2.3855,0.536,1.0,0.966,0.0056,0.9
2.0890049140947565e-5,0.6047360277847539,0.4758559272574395,1.0,2.3855,0.536,1.0,0.966,0.0056,0.9
0.00012023755139047772,0.598904928151633,0.4757051212682126,1.0,2.3855,0.536,1.0,0.966,0.0056,0.9
3.2015470934198444e-6,0.6114254920296857,0.4760030296557156,1.0,2.3855,0.536,1.0,0.966,0.0056,0.9
6.251896973065208e-6,0.6074743181445893,0.4759236105547281,1.0,2.3855,0.536,1.0,0.966,0.0056,0.9
4.598520479641962e-6,0.608842652380079,0.475956163958869,1.0,2.3855,0.536,1.0,0.966,0.0056,0.9
2.374835103890082e-6,0.6110324609805201,0.4759921390750709,1.0,2.3855,0.536,1.0,0.966,0.0056,0.9
2.3888203582564086e-6,0.6079361312931124,0.4759267823237001,1.0,2.3855,0.536,1.0,0.966,0.0056,0.9
3.7342550982306898e-6,0.6108319861360976,0.4759837067729571,1.0,2.3855,0.536,1.0,0.966,0.0056,0.9
2.3273354093151471e-7,0.609057086719512,0.47595174576048005,1.0,2.3855,0.536,1.0,0.966,0.0056,0.9
8.166784941929368e-6,0.6125436243396599,0.476028102865097,1.0,2.3855,0.536,1.0,0.966,0.0056,0.9
3.336461524245961e-6,0.6109287486947238,0.47599860817014106,1.0,2.3855,0.536,1.0,0.966,0.0056,0.9
6.589651560633789e-5,0.6009473062376856,0.47577188773301393,1.0,2.3855,0.536,1.0,0.966,0.0056,0.9
9.907175114302384e-6,0.6127942420882075,0.47603628778960083,1.0,2.3855,0.536,1.0,0.966,0.0056,0.9
8.465371667650403e-6,0.6064987570447052,0.4758944951952838,1.0,2.3855,0.536,1.0,0.966,0.0056,0.9
4.148573023720954e-6,0.6111817807909898,0.4760043847545539,1.0,2.3855,0.536,1.0,0.966,0.0056,0.9
9.760970439343686e-6,0.6123469172860223,0.4760164863275611,1.0,2.3855,0.536,1.0,0.966,0.0056,0.9
7.792387622603682e-6,0.6066246930925904,0.4758971714125075,1.0,2.3855,0.536,1.0,0.966,0.0056,0.9
4.425561760952377e-6,0.6084707871147738,0.475930109479494,1.0,2.3855,0.536,1.0,0.966,0.0056,0.9
4.954887970401716e-6,0.609017860686014,0.4759406458587869,1.0,2.3855,0.536,1.0,0.966,0.0056,0.9
9.231857031716986e-7,0.6102587480420554,0.4759811770524686,1.0,2.3855,0.536,1.0,0.966,0.0056,0.9
4.101556900373443e-6,0.6105609459158151,0.47597643417713853,1.0,2.3855,0.536,1.0,0.966,0.0056,0.9
9.334923685819307e-6,0.6081874437120799,0.4759450909225752,1.0,2.3855,0.536,1.0,0.966,0.0056,0.9
1.81000885758171e-6,0.6107591924688338,0.4759922574622314,1.0,2.3855,0.536,1.0,0.966,0.0056,0.9
2.658844397929598e-6,0.6100631978796872,0.4759665076527486,1.0,2.3855,0.536,1.0,0.966,0.0056,0.9
8.518859776532884e-6,0.6086756577299705,0.4759560055908913,1.0,2.3855,0.536,1.0,0.966,0.0056,0.9
0.00010415698578844646,0.6201007435761103,0.47619387717111983,1.0,2.3855,0.536,1.0,0.966,0.0056,0.9
2.0136860567204563e-6,0.6104857542189835,0.47598810126773067,1.0,2.3855,0.536,1.0,0.966,0.0056,0.9
0.00010085989334875927,0.5988939625848985,0.4757230903845696,1.0,2.3855,0.536,1.0,0.966,0.0056,0.9
0.00034040290085962226,0.589709084354768,0.475515273723968,1.0,2.3855,0.536,1.0,0.966,0.0056,0.9
0.00011794160491106285,0.5979951775989838,0.4757072501606331,1.0,2.3855,0.536,1.0,0.966,0.0056,0.9
1.833624093688177e-6,0.6090752041184866,0.47594602939819747,1.0,2.3855,0.536,1.0,0.966,0.0056,0.9
7.820671965468469e-6,0.6066428990282343,0.4758999151324974,1.0,2.3855,0.536,1.0,0.966,0.0056,0.9
3.796906223729111e-6,0.6075222874500996,0.47591854332253275,1.0,2.3855,0.536,1.0,0.966,0.0056,0.9
1.536336689442265e-5,0.6136442723002874,0.4760518861235455,1.0,2.3855,0.536,1.0,0.966,0.0056,0.9
5.431892423976925e-6,0.6109313381488213,0.476001665644172,1.0,2.3855,0.536,1.0,0.966,0.0056,0.9
4.855587242573576e-6,0.6118007951331641,0.4760095902813574,1.0,2.3855,0.536,1.0,0.966,0.0056,0.9
9.332744803337926e-6,0.6067049021212549,0.47589302613425055,1.0,2.3855,0.536,1.0,0.966,0.0056,0.9
4.112775647168176e-7,0.6088872340020283,0.4759477612156032,1.0,2.3855,0.536,1.0,0.966,0.0056,0.9
4.354508263648301e-5,0.602574422294109,0.47580781662244925,1.0,2.3855,0.536,1.0,0.966,0.0056,0.9
3.858734108253724e-7,0.6099518082127818,0.4759689435508704,1.0,2.3855,0.536,1.0,0.966,0.0056,0.9
1.2727281602053327e-5,0.6058256294845275,0.47588200343521003,1.0,2.3855,0.536,1.0,0.966,0.0056,0.9
6.316756201322183e-6,0.6116491948304426,0.4760155929368581,1.0,2.3855,0.536,1.0,0.966,0.0056,0.9
3.233545583734155e-7,0.6096031954126461,0.47596093145277907,1.0,2.3855,0.536,1.0,0.966,0.0056,0.9
5.5507994436712354e-5,0.6016630215685314,0.4757876717455636,1.0,2.3855,0.536,1.0,0.966,0.0056,0.9
4.246073021885064e-6,0.6075862096479826,0.47592296196289213,1.0,2.3855,0.536,1.0,0.966,0.0056,0.9
1.136364299895583e-5,0.6130769905500222,0.4760400257740709,1.0,2.3855,0.536,1.0,0.966,0.0056,0.9
6.487032585065744e-7,0.6102781540373893,0.47597647224192524,1.0,2.3855,0.536,1.0,0.966,0.0056,0.9
1.3639761180674874e-7,0.6094796902909086,0.47596248983048367,1.0,2.3855,0.536,1.0,0.966,0.0056,0.9
1.5827197967682957e-6,0.6105970768270348,0.4759818738638484,1.0,2.3855,0.536,1.0,0.966,0.0056,0.9
2.9946025856208832e-6,0.6093286846718798,0.47594957722713327,1.0,2.3855,0.536,1.0,0.966,0.0056,0.9
3.903125545891196e-6,0.6110918372480104,0.47600243165486833,1.0,2.3855,0.536,1.0,0.966,0.0056,0.9
6.1175350373550485e-6,0.6110745610556744,0.47598673844905054,1.0,2.3855,0.536,1.0,0.966,0.0056,0.9
0.0003089372641048282,0.5906496337560182,0.4755407282176058,1.0,2.3855,0.536,1.0,0.966,0.0056,0.9
7.744797805035225e-7,0.610446215018381,0.4759832346622999,1.0,2.3855,0.536,1.0,0.966,0.0056,0.9
2.092753661963673e-6,0.6080932249683312,0.47592848173414676,1.0,2.3855,0.536,1.0,0.966,0.0056,0.9
2.45545157288592e-6,0.60795383507589,0.4759255598613301,1.0,2.3855,0.536,1.0,0.966,0.0056,0.9
0.0009532024640289578,0.5756906121094925,0.47519752028457235,1.0,2.3855,0.536,1.0,0.966,0.0056,0.9
6.955926135832708e-6,0.6067891124838727,0.47590069370087174,1.0,2.3855,0.536,1.0,0.966,0.0056,0.9
8.537400460746281e-5,0.599740499634001,0.47574499441523294,1.0,2.3855,0.536,1.0,0.966,0.0056,0.9
3.4152293967111738e-6,0.610214197250306,0.4759850223881702,1.0,2.3855,0.536,1.0,0.966,0.0056,0.9
4.6502039809273976e-8,0.6094927023000458,0.4759601614011712,1.0,2.3855,0.536,1.0,0.966,0.0056,0.9
6.205688213209341e-6,0.6102362751665596,0.475988580311944,1.0,2.3855,0.536,1.0,0.966,0.0056,0.9
5.936480002497684e-6,0.6120612568897326,0.4760197337321618,1.0,2.3855,0.536,1.0,0.966,0.0056,0.9
8.905699089817045e-5,0.5995279635820963,0.47574004690235044,1.0,2.3855,0.536,1.0,0.966,0.0056,0.9
9.617061154524472e-7,0.6104014948798822,0.47598372491486113,1.0,2.3855,0.536,1.0,0.966,0.0056,0.9
3.926826844631783e-6,0.6113818457540021,0.4759983758627592,1.0,2.3855,0.536,1.0,0.966,0.0056,0.9
8.297133490201586e-5,0.6189824503931219,0.47616972183043665,1.0,2.3855,0.536,1.0,0.966,0.0056,0.9
9.151311715404339e-6,0.606746242837424,0.47589389299687695,1.0,2.3855,0.536,1.0,0.966,0.0056,0.9
0.00019212698719168843,0.6237996169290547,0.4762736519452955,1.0,2.3855,0.536,1.0,0.966,0.0056,0.9
4.220832646412876e-6,0.6107785295253086,0.4759972256399742,1.0,2.3855,0.536,1.0,0.966,0.0056,0.9
2.489189686025391e-7,0.6096401130054527,0.4759666337001184,1.0,2.3855,0.536,1.0,0.966,0.0056,0.9
3.1413920050138585e-6,0.6114101845504895,0.47600383317619316,1.0,2.3855,0.536,1.0,0.966,0.0056,0.9
2.7076292978376273e-5,0.6052554071802384,0.47588248855517,1.0,2.3855,0.536,1.0,0.966,0.0056,0.9
4.0373288604547275e-6,0.6076699460204197,0.47592503260943675,1.0,2.3855,0.536,1.0,0.966,0.0056,0.9
8.876925117533121e-6,0.6123950601213664,0.4760193644312076,1.0,2.3855,0.536,1.0,0.966,0.0056,0.9
0.002963490660841147,0.547811427315149,0.47456023841732703,1.0,2.3855,0.536,1.0,0.966,0.0056,0.9
5.0666933885122675e-5,0.6020189586416205,0.47579550736468657,1.0,2.3855,0.536,1.0,0.966,0.0056,0.9
9.462751485028739e-7,0.6105660885724457,0.4759840587437853,1.0,2.3855,0.536,1.0,0.966,0.0056,0.9
5.194574699795216e-6,0.6086621784302396,0.4759525553414461,1.0,2.3855,0.536,1.0,0.966,0.0056,0.9
0.0001327328588442184,0.5972903589447237,0.47569281187527257,1.0,2.3855,0.536,1.0,0.966,0.0056,0.9
7.3748068031870404e-6,0.6111282438560441,0.47598673174619305,1.0,2.3855,0.536,1.0,0.966,0.0056,0.9
5.098267138921318e-6,0.6110121726305991,0.4760027702721774,1.0,2.3855,0.536,1.0,0.966,0.0056,0.9
5.807260452419013e-6,0.6070256824495025,0.47590694485729107,1.0,2.3855,0.536,1.0,0.966,0.0056,0.9
9.665412187913543e-7,0.6102198715476607,0.4759736596600947,1.0,2.3855,0.536,1.0,0.966,0.0056,0.9
7.060355184805512e-6,0.6118968375454981,0.47602062671829437,1.0,2.3855,0.536,1.0,0.966,0.0056,0.9
6.3827114662557e-6,0.6116785112803528,0.47601616550525805,1.0,2.3855,0.536,1.0,0.966,0.0056,0.9
8.484136403223881e-7,0.6104103678806106,0.4759833342988038,1.0,2.3855,0.536,1.0,0.966,0.0056,0.9
4.398985454330562e-6,0.6074730127369394,0.4759133912224176,1.0,2.3855,0.536,1.0,0.966,0.0056,0.9
4.608635024076846e-6,0.6109974207215666,0.4760018418010182,1.0,2.3855,0.536,1.0,0.966,0.0056,0.9
0.00016975898874272834,0.6229535714412328,0.47625760332213507,1.0,2.3855,0.536,1.0,0.966,0.0056,0.9
9.877764686756867e-6,0.6062755624655828,0.4758918566819416,1.0,2.3855,0.536,1.0,0.966,0.0056,0.9
1.0878028972182592e-5,0.6129921233662449,0.4760369934123871,1.0,2.3855,0.536,1.0,0.966,0.0056,0.9
9.131220646895169e-9,0.6096309191882419,0.47596384536781555,1.0,2.3855,0.536,1.0,0.966,0.0056,0.9
3.2210215448171517e-6,0.6105941583798176,0.4759922751544524,1.0,2.3855,0.536,1.0,0.966,0.0056,0.9
7.504339539189338e-7,0.6100551160334026,0.47597685125829703,1.0,2.3855,0.536,1.0,0.966,0.0056,0.9
2.927168259904802e-7,0.6098569934856893,0.47597126488769875,1.0,2.3855,0.536,1.0,0.966,0.0056,0.9
9.303192728352985e-6,0.6088540696722383,0.47596077236857043,1.0,2.3855,0.536,1.0,0.966,0.0056,0.9
3.0198671185082448e-6,0.6103491897861113,0.4759871948914041,1.0,2.3855,0.536,1.0,0.966,0.0056,0.9
3.976970253713647e-6,0.6115663011736084,0.47600427756197966,1.0,2.3855,0.536,1.0,0.966,0.0056,0.9
5.0209838983150155e-6,0.6105059051171438,0.4759740018223781,1.0,2.3855,0.536,1.0,0.966,0.0056,0.9
1.423210502046607e-6,0.6108030933711469,0.47598945397126935,1.0,2.3855,0.536,1.0,0.966,0.0056,0.9
4.083214754158049e-6,0.6114539275828856,0.4760084163688226,1.0,2.3855,0.536,1.0,0.966,0.0056,0.9
0.00020382885380327998,0.5942746209473732,0.4756229530098155,1.0,2.3855,0.536,1.0,0.966,0.0056,0.9
9.628733029877361e-6,0.6100223333246879,0.47598694059527447,1.0,2.3855,0.536,1.0,0.966,0.0056,0.9
5.910351247386125e-7,0.6095432598514164,0.4759657700575519,1.0,2.3855,0.536,1.0,0.966,0.0056,0.9
1.4074861461512822e-6,0.6107945580989042,0.4759903831723997,1.0,2.3855,0.536,1.0,0.966,0.0056,0.9
4.867004282809466e-6,0.6117960618544068,0.4760093508455951,1.0,2.3855,0.536,1.0,0.966,0.0056,0.9
0.0017141831565755858,0.5634253596142409,0.47491398206799174,1.0,2.3855,0.536,1.0,0.966,0.0056,0.9
9.378735322160231e-7,0.6088953426568923,0.4759513186955456,1.0,2.3855,0.536,1.0,0.966,0.0056,0.9
4.736685048643462e-6,0.6082170619881407,0.4759411125588079,1.0,2.3855,0.536,1.0,0.966,0.0056,0.9
3.0705420021606603e-6,0.6113911360021972,0.4760025902672572,1.0,2.3855,0.536,1.0,0.966,0.0056,0.9
1.8052395901090256e-6,0.6108510738609293,0.47598858518060533,1.0,2.3855,0.536,1.0,0.966,0.0056,0.9
3.2981043099249364e-6,0.609567265650663,0.47597113128674845,1.0,2.3855,0.536,1.0,0.966,0.0056,0.9
6.154705161447264e-6,0.6121118317046461,0.476016772595705,1.0,2.3855,0.536,1.0,0.966,0.0056,0.9
0.002051148572826044,0.5588055833425268,0.474808827879989,1.0,2.3855,0.536,1.0,0.966,0.0056,0.9
8.902277042300442e-8,0.6098588144159692,0.47596877197838616,1.0,2.3855,0.536,1.0,0.966,0.0056,0.9
4.659503616249582e-6,0.6117957355293057,0.476010484023122,1.0,2.3855,0.536,1.0,0.966,0.0056,0.9
8.263855217314345e-6,0.606540463826105,0.47589500909724114,1.0,2.3855,0.536,1.0,0.966,0.0056,0.9
2.885922125305204e-5,0.6151480317238036,0.4760855581947577,1.0,2.3855,0.536,1.0,0.966,0.0056,0.9
4.751121408106821e-5,0.6022616412512365,0.47580167913309945,1.0,2.3855,0.536,1.0,0.966,0.0056,0.9
2.943207121938771e-7,0.6091141214959989,0.47595431726201237,1.0,2.3855,0.536,1.0,0.966,0.0056,0.9
6.858643402869781e-6,0.6109643241098015,0.47598319210951384,1.0,2.3855,0.536,1.0,0.966,0.0056,0.9
3.2176127594746922e-6,0.6113707219625866,0.4760003136787426,1.0,2.3855,0.536,1.0,0.966,0.0056,0.9
9.918048779053924e-6,0.6062434091188508,0.47588914132345467,1.0,2.3855,0.536,1.0,0.966,0.0056,0.9
3.7204307460804465e-6,0.6088221501215233,0.47593802727447265,1.0,2.3855,0.536,1.0,0.966,0.0056,0.9
7.594760643048317e-6,0.6066602726780563,0.47589821098011936,1.0,2.3855,0.536,1.0,0.966,0.0056,0.9
3.419769751204972e-6,0.6112081013038372,0.4760033422180784,1.0,2.3855,0.536,1.0,0.966,0.0056,0.9
6.935666565665756e-6,0.6067934636088961,0.4759007695077757,1.0,2.3855,0.536,1.0,0.966,0.0056,0.9
5.028810344279492e-6,0.6106667756675432,0.4759778825917067,1.0,2.3855,0.536,1.0,0.966,0.0056,0.9
8.131586207572353e-7,0.6096077730987783,0.4759678004700392,1.0,2.3855,0.536,1.0,0.966,0.0056,0.9
2.4952337441726175e-6,0.6103368854515419,0.47597329369366137,1.0,2.3855,0.536,1.0,0.966,0.0056,0.9
1.7569744889361373e-6,0.610941198366142,0.4759924504364085,1.0,2.3855,0.536,1.0,0.966,0.0056,0.9
1.2157990901211869e-6,0.6085286671672058,0.4759375309569569,1.0,2.3855,0.536,1.0,0.966,0.0056,0.9
7.9534304181484e-6,0.609018065736469,0.4759378486935772,1.0,2.3855,0.536,1.0,0.966,0.0056,0.9
6.558415434342528e-6,0.611340222551473,0.4759930119537632,1.0,2.3855,0.536,1.0,0.966,0.0056,0.9
8.399506155794725e-6,0.6123592714335163,0.47601915138883294,1.0,2.3855,0.536,1.0,0.966,0.0056,0.9
0.0003538680356806024,0.5892842633817306,0.4755100298970568,1.0,2.3855,0.536,1.0,0.966,0.0056,0.9
3.49013861067703e-7,0.6101667030107475,0.475976505890485,1.0,2.3855,0.536,1.0,0.966,0.0056,0.9
1.8670615354636068e-5,0.6140610757613313,0.47606190270963433,1.0,2.3855,0.536,1.0,0.966,0.0056,0.9
3.598318639017907e-5,0.6157940342228714,0.47609966914461943,1.0,2.3855,0.536,1.0,0.966,0.0056,0.9
8.321705471712624e-5,0.599867782858136,0.47574823543922923,1.0,2.3855,0.536,1.0,0.966,0.0056,0.9
1.1396629495789922e-5,0.6130818088292773,0.47603988017077975,1.0,2.3855,0.536,1.0,0.966,0.0056,0.9
8.709014767640823e-6,0.6092754207377712,0.4759427662554656,1.0,2.3855,0.536,1.0,0.966,0.0056,0.9
6.933837017380864e-5,0.6007235078306848,0.4757661569696445,1.0,2.3855,0.536,1.0,0.966,0.0056,0.9
2.706027455968288e-7,0.6097405035373665,0.4759643099467475,1.0,2.3855,0.536,1.0,0.966,0.0056,0.9
7.036726300795728e-7,0.6094292237512994,0.4759558850219164,1.0,2.3855,0.536,1.0,0.966,0.0056,0.9
8.00836479702724e-6,0.6124416551591304,0.4760231393810401,1.0,2.3855,0.536,1.0,0.966,0.0056,0.9
0.00012159668332903968,0.6209352954429495,0.4762120890800648,1.0,2.3855,0.536,1.0,0.966,0.0056,0.9
6.402218371503828e-6,0.6082338352242227,0.47592319821657886,1.0,2.3855,0.536,1.0,0.966,0.0056,0.9
5.236702410804572e-6,0.6119331798432617,0.4760161333337532,1.0,2.3855,0.536,1.0,0.966,0.0056,0.9
1.2974073437665997e-6,0.6083738435813332,0.4759370992161069,1.0,2.3855,0.536,1.0,0.966,0.0056,0.9
6.747596404923285e-6,0.6104903113575243,0.4759943301209766,1.0,2.3855,0.536,1.0,0.966,0.0056,0.9
5.367550267375818e-6,0.6113561149285845,0.4759950067349813,1.0,2.3855,0.536,1.0,0.966,0.0056,0.9
5.272438160531968e-6,0.6089008439998944,0.4759582603009645,1.0,2.3855,0.536,1.0,0.966,0.0056,0.9
5.8552094506264635e-6,0.6098167492494043,0.47597935300726224,1.0,2.3855,0.536,1.0,0.966,0.0056,0.9
9.751917592322007e-6,0.6115003447689198,0.475993792193631,1.0,2.3855,0.536,1.0,0.966,0.0056,0.9
1.1587246632855422e-6,0.6089164456088163,0.4759524867611824,1.0,2.3855,0.536,1.0,0.966,0.0056,0.9
7.178872583471194e-6,0.6107592802907638,0.4759778786210216,1.0,2.3855,0.536,1.0,0.966,0.0056,0.9
4.992680264407071e-5,0.6020754123219999,0.4757964318313388,1.0,2.3855,0.536,1.0,0.966,0.0056,0.9
6.370099814149022e-6,0.6108766233153928,0.4759815395679458,1.0,2.3855,0.536,1.0,0.966,0.0056,0.9
4.3542371685736665e-6,0.6116823207190224,0.47601153788929845,1.0,2.3855,0.536,1.0,0.966,0.0056,0.9
8.408625241509486e-6,0.6125874855020618,0.4760292244187354,1.0,2.3855,0.536,1.0,0.966,0.0056,0.9
6.385725261476176e-6,0.6121907072947911,0.4760195369405466,1.0,2.3855,0.536,1.0,0.966,0.0056,0.9
5.467038145462762e-6,0.6071068130406946,0.47590765249010003,1.0,2.3855,0.536,1.0,0.966,0.0056,0.9
3.2727621995052476e-6,0.6099404856403412,0.47596281646167127,1.0,2.3855,0.536,1.0,0.966,0.0056,0.9
5.221876139279427e-7,0.6101542519350183,0.47597775303638346,1.0,2.3855,0.536,1.0,0.966,0.0056,0.9
3.9404383247060545e-7,0.6102173124483738,0.47597718404823564,1.0,2.3855,0.536,1.0,0.966,0.0056,0.9
2.4567440543358977e-6,0.6104729561528173,0.47597671582191386,1.0,2.3855,0.536,1.0,0.966,0.0056,0.9
2.686604389440327e-6,0.6107250988077438,0.4759937974764836,1.0,2.3855,0.536,1.0,0.966,0.0056,0.9
2.0322784116986943e-6,0.6102099082956581,0.47597100654783164,1.0,2.3855,0.536,1.0,0.966,0.0056,0.9
0.05826478427433056,0.26218590220276283,0.4648474511066151,1.0,2.3855,0.536,1.0,0.966,0.0056,0.9
3.2730033137312705e-5,0.6035447419927926,0.4758267211198319,1.0,2.3855,0.536,1.0,0.966,0.0056,0.9
9.875938467195227e-6,0.6128285581269024,0.4760333178634496,1.0,2.3855,0.536,1.0,0.966,0.0056,0.9
3.912326504883103e-6,0.6076643510238924,0.4759245183989279,1.0,2.3855,0.536,1.0,0.966,0.0056,0.9
1.5798073615995433e-6,0.6103528818876622,0.4759754465510193,1.0,2.3855,0.536,1.0,0.966,0.0056,0.9
5.627433498517507e-6,0.6120350431146063,0.47601648837197613,1.0,2.3855,0.536,1.0,0.966,0.0056,0.9
3.9092733719593225e-6,0.6074870517992228,0.47591752099162554,1.0,2.3855,0.536,1.0,0.966,0.0056,0.9
4.1062750005127835e-5,0.6162155707764015,0.476108640718648,1.0,2.3855,0.536,1.0,0.966,0.0056,0.9
5.865196430099177e-6,0.6097769634508948,0.47595625907597966,1.0,2.3855,0.536,1.0,0.966,0.0056,0.9
8.783767961771497e-6,0.6106200561485947,0.47599876968857285,1.0,2.3855,0.536,1.0,0.966,0.0056,0.9
1.578318832881433e-6,0.6088068243293802,0.47594122096611136,1.0,2.3855,0.536,1.0,0.966,0.0056,0.9
1.876689188028707e-5,0.6138152273937924,0.4760627842789334,1.0,2.3855,0.536,1.0,0.966,0.0056,0.9
3.0067104277949296e-6,0.6110620482181027,0.4759912079987011,1.0,2.3855,0.536,1.0,0.966,0.0056,0.9
7.218781060784766e-6,0.6123555456506129,0.4760230566624829,1.0,2.3855,0.536,1.0,0.966,0.0056,0.9
8.545248415043194e-5,0.6164770600703375,0.47614359915637583,1.0,2.3855,0.536,1.0,0.966,0.0056,0.9
4.46590679406295e-7,0.6097957211291118,0.47596488941100623,1.0,2.3855,0.536,1.0,0.966,0.0056,0.9
4.0825516498002894e-7,0.6090275544503344,0.4759490614306314,1.0,2.3855,0.536,1.0,0.966,0.0056,0.9
4.808892953078935e-6,0.6110198218618137,0.4760025281323838,1.0,2.3855,0.536,1.0,0.966,0.0056,0.9
3.544358625238878e-6,0.6075836876006949,0.47591943131946834,1.0,2.3855,0.536,1.0,0.966,0.0056,0.9
7.502792208937175e-6,0.6123786090063145,0.4760224846359984,1.0,2.3855,0.536,1.0,0.966,0.0056,0.9
1.5044580630354125e-6,0.6108409208364497,0.47599119389906286,1.0,2.3855,0.536,1.0,0.966,0.0056,0.9
2.097598184623702e-6,0.6100125296263798,0.47597893796511564,1.0,2.3855,0.536,1.0,0.966,0.0056,0.9
5.834686854521449e-6,0.6111646060525254,0.47600651246693354,1.0,2.3855,0.536,1.0,0.966,0.0056,0.9
5.058635909440706e-6,0.6103687390028155,0.47597069365906197,1.0,2.3855,0.536,1.0,0.966,0.0056,0.9
1.930586261613869e-6,0.6084996150859966,0.47594361336050117,1.0,2.3855,0.536,1.0,0.966,0.0056,0.9
4.9232757718778355e-6,0.611868897568637,0.4760143736154359,1.0,2.3855,0.536,1.0,0.966,0.0056,0.9
0.00032250588350262377,0.5902279538406795,0.4755311779008211,1.0,2.3855,0.536,1.0,0.966,0.0056,0.9
0.012595823482411901,0.4709890297160001,0.4725864191973055,1.0,2.3855,0.536,1.0,0.966,0.0056,0.9
8.053606251469469e-6,0.6067554644532726,0.4759051934498392,1.0,2.3855,0.536,1.0,0.966,0.0056,0.9
2.9663026057042756e-6,0.6077676613785362,0.47592415060946724,1.0,2.3855,0.536,1.0,0.966,0.0056,0.9
6.877564423508258e-6,0.6122372424099205,0.47602406852565426,1.0,2.3855,0.536,1.0,0.966,0.0056,0.9
1.8502222876831064e-7,0.6099041049071295,0.4759714600936999,1.0,2.3855,0.536,1.0,0.966,0.0056,0.9
7.98452286321178e-6,0.6125103180878148,0.4760276564987879,1.0,2.3855,0.536,1.0,0.966,0.0056,0.9
0.009521050417070066,0.4917177562294023,0.47316723871623667,1.0,2.3855,0.536,1.0,0.966,0.0056,0.9
2.60698917670038e-6,0.6099989782899737,0.47597945488335924,1.0,2.3855,0.536,1.0,0.966,0.0056,0.9
3.4174945518444595e-5,0.6033782924798272,0.4758258058670004,1.0,2.3855,0.536,1.0,0.966,0.0056,0.9
0.00011343394113984188,0.5987157280194237,0.4757073356724177,1.0,2.3855,0.536,1.0,0.966,0.0056,0.9
7.835370415643046e-7,0.6097087067424417,0.4759618447628838,1.0,2.3855,0.536,1.0,0.966,0.0056,0.9
1.489608795711688e-5,0.6054908763591622,0.47587280670962673,1.0,2.3855,0.536,1.0,0.966,0.0056,0.9
9.211379391547555e-6,0.6117187879100683,0.4759999210231553,1.0,2.3855,0.536,1.0,0.966,0.0056,0.9
5.00957792628107e-6,0.6107793473503521,0.47598066858069893,1.0,2.3855,0.536,1.0,0.966,0.0056,0.9
0.00017455473440301897,0.5954384037438902,0.47564959158176967,1.0,2.3855,0.536,1.0,0.966,0.0056,0.9
9.957826124322996e-6,0.6065279376358178,0.4758896444021491,1.0,2.3855,0.536,1.0,0.966,0.0056,0.9
4.682196393259601e-6,0.611114765890701,0.4760040685298246,1.0,2.3855,0.536,1.0,0.966,0.0056,0.9
2.752793624005626e-6,0.6104152938368796,0.47598808928406466,1.0,2.3855,0.536,1.0,0.966,0.0056,0.9
3.2557809826285756e-5,0.6035277883792104,0.47582890614544926,1.0,2.3855,0.536,1.0,0.966,0.0056,0.9
5.732379127699006e-6,0.6096453396448926,0.47597551229179946,1.0,2.3855,0.536,1.0,0.966,0.0056,0.9
5.812412449600625e-6,0.6086468762482781,0.4759528466365834,1.0,2.3855,0.536,1.0,0.966,0.0056,0.9
3.5764415294867894e-6,0.6115362094628525,0.47600641855523035,1.0,2.3855,0.536,1.0,0.966,0.0056,0.9
4.650826457408348e-6,0.6073098111029998,0.4759141677662848,1.0,2.3855,0.536,1.0,0.966,0.0056,0.9
8.46017334482268e-7,0.6093805648099923,0.4759628074800298,1.0,2.3855,0.536,1.0,0.966,0.0056,0.9
3.5234156170790597e-6,0.6084892514264599,0.4759316922374197,1.0,2.3855,0.536,1.0,0.966,0.0056,0.9
0.0032835822753303867,0.5457122303681385,0.47455787148036066,1.0,2.3855,0.536,1.0,0.966,0.0056,0.9
5.303127919473971e-7,0.6095902446145413,0.475959905871782,1.0,2.3855,0.536,1.0,0.966,0.0056,0.9
9.602844950879869e-6,0.6087582184944291,0.4759310434353921,1.0,2.3855,0.536,1.0,0.966,0.0056,0.9
2.3377805066174596e-6,0.6104566398395399,0.4759881821929641,1.0,2.3855,0.536,1.0,0.966,0.0056,0.9
1.8403918768512936e-5,0.6129548458792684,0.4760244922250859,1.0,2.3855,0.536,1.0,0.966,0.0056,0.9
7.883975792243769e-6,0.611810696875579,0.47600387948717676,1.0,2.3855,0.536,1.0,0.966,0.0056,0.9
2.7219082486502185e-5,0.6149882836157774,0.4760819258800786,1.0,2.3855,0.536,1.0,0.966,0.0056,0.9
5.048563860871102e-6,0.6119022964115928,0.47601488923170066,1.0,2.3855,0.536,1.0,0.966,0.0056,0.9
8.51679373525301e-6,0.6064933933672358,0.4758957095700681,1.0,2.3855,0.536,1.0,0.966,0.0056,0.9
3.5126558413265115e-7,0.6098964268063168,0.4759723058570958,1.0,2.3855,0.536,1.0,0.966,0.0056,0.9
0.006595327022602554,0.5136653564246497,0.4737157557157754,1.0,2.3855,0.536,1.0,0.966,0.0056,0.9
6.63405535593321e-7,0.6088412451742145,0.47594470759729685,1.0,2.3855,0.536,1.0,0.966,0.0056,0.9
0.0012902248210995718,0.5698607553552181,0.47506256307791184,1.0,2.3855,0.536,1.0,0.966,0.0056,0.9
1.5207398928081954e-6,0.6091788185379103,0.4759487514174836,1.0,2.3855,0.536,1.0,0.966,0.0056,0.9
2.0328660816398308e-5,0.6048017308768685,0.47585735315709804,1.0,2.3855,0.536,1.0,0.966,0.0056,0.9
0.0011342073951884604,0.5724581015051734,0.4751239165536367,1.0,2.3855,0.536,1.0,0.966,0.0056,0.9
2.704937548766155e-6,0.6082188259649356,0.4759282112622574,1.0,2.3855,0.536,1.0,0.966,0.0056,0.9
9.82306167267279e-6,0.6063726352190123,0.47589597051504634,1.0,2.3855,0.536,1.0,0.966,0.0056,0.9
2.0416419850099613e-6,0.6100284811574075,0.4759791725220115,1.0,2.3855,0.536,1.0,0.966,0.0056,0.9
8.669786541134094e-6,0.606490379613633,0.47589288855983203,1.0,2.3855,0.536,1.0,0.966,0.0056,0.9
3.7898928647429896e-6,0.6093994620669868,0.4759680103468191,1.0,2.3855,0.536,1.0,0.966,0.0056,0.9
1.871381419068024e-5,0.6140550638314786,0.4760628644047962,1.0,2.3855,0.536,1.0,0.966,0.0056,0.9
8.58586062926842e-6,0.6070001124671216,0.47591364832779376,1.0,2.3855,0.536,1.0,0.966,0.0056,0.9
8.481010418427635e-6,0.6118750105590499,0.47600488821237286,1.0,2.3855,0.536,1.0,0.966,0.0056,0.9
7.916013964245716e-6,0.6066367654072233,0.47590013373699147,1.0,2.3855,0.536,1.0,0.966,0.0056,0.9
6.551017008225115e-6,0.6068943136402615,0.4759054279691016,1.0,2.3855,0.536,1.0,0.966,0.0056,0.9
1.6798783176338847e-7,0.6098689945634206,0.475970717802538,1.0,2.3855,0.536,1.0,0.966,0.0056,0.9
3.7061170015193067e-6,0.611184593949094,0.4759931473875807,1.0,2.3855,0.536,1.0,0.966,0.0056,0.9
9.26690868223329e-7,0.610422324379517,0.47597929845421894,1.0,2.3855,0.536,1.0,0.966,0.0056,0.9
8.34595027957352e-6,0.6066630433498483,0.4758945441670971,1.0,2.3855,0.536,1.0,0.966,0.0056,0.9
7.266686790032847e-7,0.6089086321570696,0.4759509264492768,1.0,2.3855,0.536,1.0,0.966,0.0056,0.9
1.2573974582369972e-6,0.6086473091762257,0.4759457340838087,1.0,2.3855,0.536,1.0,0.966,0.0056,0.9
7.14704141346707e-7,0.6086762083601482,0.4759434430040149,1.0,2.3855,0.536,1.0,0.966,0.0056,0.9
2.8772546376750955e-6,0.6077983592506644,0.47592491674943915,1.0,2.3855,0.536,1.0,0.966,0.0056,0.9
7.676175533183902e-6,0.6066439591380888,0.47589800059845855,1.0,2.3855,0.536,1.0,0.966,0.0056,0.9
4.743108768168491e-6,0.6099298115702979,0.4759806509726732,1.0,2.3855,0.536,1.0,0.966,0.0056,0.9
9.574477236564632e-7,0.6103692374384501,0.4759831902567879,1.0,2.3855,0.536,1.0,0.966,0.0056,0.9
0.00013033527702304462,0.5973893474273472,0.47569303979034916,1.0,2.3855,0.536,1.0,0.966,0.0056,0.9
6.30002059521807e-5,0.6011409161176055,0.47577596620733786,1.0,2.3855,0.536,1.0,0.966,0.0056,0.9
2.260814967162982e-7,0.6100288537551792,0.47597218410700703,1.0,2.3855,0.536,1.0,0.966,0.0056,0.9
3.746567269622041e-8,0.6097551894016476,0.4759671435319506,1.0,2.3855,0.536,1.0,0.966,0.0056,0.9
5.815945701187657e-5,0.601474582132368,0.4757836240262922,1.0,2.3855,0.536,1.0,0.966,0.0056,0.9
