0.0008221780173948588,0.496246337890625,0.5823425292968751,1.0,1.0,0.0,1.0,0.977,0.0054,0.9
0.0006150654934110735,0.515472412109375,0.583111572265625,1.0,1.0,0.0,1.0,0.977,0.0054,0.9
0.0007748550268412671,0.478485107421875,0.581866455078125,1.0,1.0,0.0,1.0,0.977,0.0054,0.9
4.589178887952514e-5,0.493927001953125,0.582415771484375,1.0,1.0,0.0,1.0,0.977,0.0054,0.9
0.0009067158589415574,0.469757080078125,0.581756591796875,1.0,1.0,0.0,1.0,0.977,0.0054,0.9
0.0002938965020296713,0.5147705078125,0.58294677734375,1.0,1.0,0.0,1.0,0.977,0.0054,0.9
2.146065084961629e-5,0.5058631896972656,0.5827407836914064,1.0,1.0,0.0,1.0,0.977,0.0054,0.9
0.000609655492630899,0.48046875,0.5820953369140625,1.0,1.0,0.0,1.0,0.977,0.0054,0.9
0.0003234839830091596,0.4873161315917969,0.5821548461914062,1.0,1.0,0.0,1.0,0.977,0.0054,0.9
1.2062266755883756e-5,0.4973011016845703,0.582505035400391,1.0,1.0,0.0,1.0,0.977,0.0054,0.9
0.000722085570370313,0.5020599365234375,0.582763671875,1.0,1.0,0.0,1.0,0.977,0.0054,0.9
0.000545718850300405,0.47521400451660156,0.5818458557128907,1.0,1.0,0.0,1.0,0.977,0.0054,0.9
7.169198359803947e-5,0.49719464778900146,0.5825366497039794,1.0,1.0,0.0,1.0,0.977,0.0054,0.9
0.0003956546591253647,0.47901344299316406,0.5819831848144532,1.0,1.0,0.0,1.0,0.977,0.0054,0.9
0.0009801576146729646,0.4842543601989746,0.5822584152221679,1.0,1.0,0.0,1.0,0.977,0.0054,0.9
0.0005980681436299366,0.4902496337890625,0.582196044921875,1.0,1.0,0.0,1.0,0.977,0.0054,0.9
0.00022657464898491697,0.511810302734375,0.5828643798828127,1.0,1.0,0.0,1.0,0.977,0.0054,0.9
7.038760495639774e-5,0.4996356964111328,0.5825325012207033,1.0,1.0,0.0,1.0,0.977,0.0054,0.9
0.000653314243137504,0.4736747741699219,0.581852722167969,1.0,1.0,0.0,1.0,0.977,0.0054,0.9
0.0006565869549791163,0.4737100526690483,0.5818553060293197,1.0,1.0,0.0,1.0,0.977,0.0054,0.9
0.0007739953359058747,0.5188751220703125,0.5832122802734376,1.0,1.0,0.0,1.0,0.977,0.0054,0.9
0.0005799216566048611,0.4814605712890625,0.5819671630859375,1.0,1.0,0.0,1.0,0.977,0.0054,0.9
0.0008838320648483707,0.4745635986328125,0.5819305419921876,1.0,1.0,0.0,1.0,0.977,0.0054,0.9
0.0007903523074866133,0.4720878601074219,0.5817153930664064,1.0,1.0,0.0,1.0,0.977,0.0054,0.9
0.00026401033156211524,0.5012054443359375,0.5826904296875002,1.0,1.0,0.0,1.0,0.977,0.0054,0.9
0.0004930408586416824,0.478412389755249,0.5819994926452641,1.0,1.0,0.0,1.0,0.977,0.0054,0.9
0.0007903770054719579,0.4923936724662781,0.5822370290756226,1.0,1.0,0.0,1.0,0.977,0.0054,0.9
0.0009913476529843151,0.4662055969238281,0.5816238403320315,1.0,1.0,0.0,1.0,0.977,0.0054,0.9
0.0008461421181359592,0.46866536140441895,0.58164758682251,1.0,1.0,0.0,1.0,0.977,0.0054,0.9
0.0007910519576758699,0.4698482942621922,0.5817246310587499,1.0,1.0,0.0,1.0,0.977,0.0054,0.9
0.00047475029018951155,0.5015945434570312,0.58272705078125,1.0,1.0,0.0,1.0,0.977,0.0054,0.9
0.0008278575719934682,0.46993064880371094,0.5816673278808595,1.0,1.0,0.0,1.0,0.977,0.0054,0.9
1.8569993271800555e-7,0.5013275146484375,0.5826171874999999,1.0,1.0,0.0,1.0,0.977,0.0054,0.9
0.0007188795862710963,0.5175666809082031,0.5829788208007813,1.0,1.0,0.0,1.0,0.977,0.0054,0.9
0.0006038395050629296,0.48480224609375,0.582049560546875,1.0,1.0,0.0,1.0,0.977,0.0054,0.9
0.0004752494564094139,0.4889698028564453,0.5821754455566416,1.0,1.0,0.0,1.0,0.977,0.0054,0.9
0.00027917998618400393,0.48460473120212555,0.5821738541126251,1.0,1.0,0.0,1.0,0.977,0.0054,0.9
0.0005395835823643898,0.51531982421875,0.5829284667968753,1.0,1.0,0.0,1.0,0.977,0.0054,0.9
0.00015442390723982184,0.48836052417755127,0.5822245121002195,1.0,1.0,0.0,1.0,0.977,0.0054,0.9
0.0005888939999383869,0.4820594787597656,0.5819808959960937,1.0,1.0,0.0,1.0,0.977,0.0054,0.9
0.0005568520396314355,0.5104031562805176,0.5827768325805665,1.0,1.0,0.0,1.0,0.977,0.0054,0.9
0.0003850127601364758,0.48868370056152344,0.5821800231933594,1.0,1.0,0.0,1.0,0.977,0.0054,0.9
0.0034199097151525193,0.5598299987614155,0.5842742338776588,1.0,1.0,0.0,1.0,0.977,0.0054,0.9
4.318590140264618e-5,0.4957427978515625,0.5824798583984376,1.0,1.0,0.0,1.0,0.977,0.0054,0.9
5.71033312614179e-5,0.5043182373046875,0.5826721191406253,1.0,1.0,0.0,1.0,0.977,0.0054,0.9
0.00044165399937616404,0.5226936340332031,0.5832443237304688,1.0,1.0,0.0,1.0,0.977,0.0054,0.9
0.0006712824423592706,0.5001562535762787,0.5827054858207705,1.0,1.0,0.0,1.0,0.977,0.0054,0.9
0.0008025843268474096,0.4863561611127807,0.5823076248168948,1.0,1.0,0.0,1.0,0.977,0.0054,0.9
0.0005351855466618879,0.47675609588623047,0.5819454193115237,1.0,1.0,0.0,1.0,0.977,0.0054,0.9
0.000248127186917726,0.48527146682317834,0.582188606262207,1.0,1.0,0.0,1.0,0.977,0.0054,0.9
2.296611989690265e-5,0.5028781890869141,0.5826423645019534,1.0,1.0,0.0,1.0,0.977,0.0054,0.9
0.0006195660566580666,0.4745294874173851,0.5818050861358638,1.0,1.0,0.0,1.0,0.977,0.0054,0.9
0.0004454036464678736,0.519927978515625,0.5831939697265628,1.0,1.0,0.0,1.0,0.977,0.0054,0.9
0.0007426309792877143,0.4818471404432785,0.5819562911987312,1.0,1.0,0.0,1.0,0.977,0.0054,0.9
0.0006589503920773352,0.4831733703613281,0.5821914672851565,1.0,1.0,0.0,1.0,0.977,0.0054,0.9
0.0009307146395993598,0.5017852783203125,0.5827728271484378,1.0,1.0,0.0,1.0,0.977,0.0054,0.9
0.00044005742520054225,0.5030364990234375,0.582763671875,1.0,1.0,0.0,1.0,0.977,0.0054,0.9
0.0007384961713473174,0.48706445400603116,0.5820953369140622,1.0,1.0,0.0,1.0,0.977,0.0054,0.9
0.0005215495995013735,0.51226806640625,0.58302001953125,1.0,1.0,0.0,1.0,0.977,0.0054,0.9
0.0006642508434251932,0.5092316802238201,0.5827315568923948,1.0,1.0,0.0,1.0,0.977,0.0054,0.9
0.0007693278378514985,0.500274658203125,0.5824615478515625,1.0,1.0,0.0,1.0,0.977,0.0054,0.9
0.0002520082936464177,0.4835150360595435,0.5820999145507811,1.0,1.0,0.0,1.0,0.977,0.0054,0.9
0.010295104787167969,0.5999377457701485,0.5852945864986396,1.0,1.0,0.0,1.0,0.977,0.0054,0.9
0.0007934806651766132,0.5111659286799295,0.5827777981758109,1.0,1.0,0.0,1.0,0.977,0.0054,0.9
0.0003288481573460616,0.5144546627998352,0.5830488443374636,1.0,1.0,0.0,1.0,0.977,0.0054,0.9
0.0009351901586820827,0.46962039545178413,0.5816355124115937,1.0,1.0,0.0,1.0,0.977,0.0054,0.9
0.00013656217670219239,0.5136136531364173,0.5829595035873333,1.0,1.0,0.0,1.0,0.977,0.0054,0.9
0.00013294642217969417,0.5069303512573242,0.5828243255615234,1.0,1.0,0.0,1.0,0.977,0.0054,0.9
7.068740761770772e-5,0.5018939971923828,0.5825965881347659,1.0,1.0,0.0,1.0,0.977,0.0054,0.9
0.0008977123009046406,0.469392329454422,0.5816392540931701,1.0,1.0,0.0,1.0,0.977,0.0054,0.9
0.00017223692819444755,0.5015749931335449,0.5826864242553713,1.0,1.0,0.0,1.0,0.977,0.0054,0.9
0.0002765685261893121,0.4855931805104774,0.5822090625762939,1.0,1.0,0.0,1.0,0.977,0.0054,0.9
0.0003714660308597775,0.5192974775563926,0.5830841064453124,1.0,1.0,0.0,1.0,0.977,0.0054,0.9
0.0003295600734856089,0.4810851812362671,0.5820468425750733,1.0,1.0,0.0,1.0,0.977,0.0054,0.9
0.00011311029009791262,0.49050165561084214,0.5822869807481756,1.0,1.0,0.0,1.0,0.977,0.0054,0.9
0.0007041498128123344,0.4756129443740065,0.5819401264190667,1.0,1.0,0.0,1.0,0.977,0.0054,0.9
0.0009524715388089429,0.4820696589767408,0.5821870550513271,1.0,1.0,0.0,1.0,0.977,0.0054,0.9
0.0009142548818232886,0.4874839782714844,0.5820907592773438,1.0,1.0,0.0,1.0,0.977,0.0054,0.9
0.00035195745558417116,0.5013961791992188,0.5825347900390627,1.0,1.0,0.0,1.0,0.977,0.0054,0.9
0.0008205417820657134,0.4798136316239834,0.5821005627512923,1.0,1.0,0.0,1.0,0.977,0.0054,0.9
0.0008125939445963312,0.473618436299148,0.5817440032958971,1.0,1.0,0.0,1.0,0.977,0.0054,0.9
0.0007117286104383651,0.4713611074619317,0.5817316687316718,1.0,1.0,0.0,1.0,0.977,0.0054,0.9
7.005973138411232e-5,0.5007953643798828,0.5826423645019532,1.0,1.0,0.0,1.0,0.977,0.0054,0.9
0.00046451791607565957,0.4807712896508747,0.5819704532623283,1.0,1.0,0.0,1.0,0.977,0.0054,0.9
7.29167454333031e-5,0.4958257267276167,0.5824946284294121,1.0,1.0,0.0,1.0,0.977,0.0054,0.9
0.0020280787234086134,0.44952605781145394,0.5810901508666575,1.0,1.0,0.0,1.0,0.977,0.0054,0.9
0.0008652498216967912,0.4993743896484375,0.5826995849609375,1.0,1.0,0.0,1.0,0.977,0.0054,0.9
0.0006493570549391575,0.526273803319782,0.5832763671874989,1.0,1.0,0.0,1.0,0.977,0.0054,0.9
0.0005098052023481509,0.5058907819433216,0.5826478138565987,1.0,1.0,0.0,1.0,0.977,0.0054,0.9
0.0009913748101021325,0.4672203063964844,0.5815780639648437,1.0,1.0,0.0,1.0,0.977,0.0054,0.9
5.956546571065291e-5,0.5093370022223098,0.582851791381835,1.0,1.0,0.0,1.0,0.977,0.0054,0.9
0.00038371524694503345,0.5114898681640625,0.5829833984375001,1.0,1.0,0.0,1.0,0.977,0.0054,0.9
0.0008991412171558821,0.4930068254470825,0.5825174808502198,1.0,1.0,0.0,1.0,0.977,0.0054,0.9
0.0007163718727319335,0.47970831394195557,0.5819046497344973,1.0,1.0,0.0,1.0,0.977,0.0054,0.9
0.0002321110531718473,0.48568027483997867,0.5821983337402342,1.0,1.0,0.0,1.0,0.977,0.0054,0.9
0.0002749948856758574,0.5055937711720162,0.582813462615014,1.0,1.0,0.0,1.0,0.977,0.0054,0.9
0.000257624436606835,0.4878972689470942,0.5821823673322808,1.0,1.0,0.0,1.0,0.977,0.0054,0.9
0.0007126339439340604,0.477126324092751,0.5818416357040423,1.0,1.0,0.0,1.0,0.977,0.0054,0.9
0.00043832988464797385,0.48039817810058594,0.5820610046386719,1.0,1.0,0.0,1.0,0.977,0.0054,0.9
0.0005865504732878417,0.5035462379455566,0.5827928543090823,1.0,1.0,0.0,1.0,0.977,0.0054,0.9
0.0005609909368231794,0.5122795104980469,0.5830245971679688,1.0,1.0,0.0,1.0,0.977,0.0054,0.9
0.00038661515852278885,0.48139286041259766,0.5820026397705078,1.0,1.0,0.0,1.0,0.977,0.0054,0.9
0.00023752714604012608,0.49144105475301103,0.5823953017592434,1.0,1.0,0.0,1.0,0.977,0.0054,0.9
0.0005622816764353679,0.5143079055087583,0.5830765247344963,1.0,1.0,0.0,1.0,0.977,0.0054,0.9
0.0007378108680856127,0.48973850021866383,0.5821682929992684,1.0,1.0,0.0,1.0,0.977,0.0054,0.9
0.00025217502992811114,0.5073873126748367,0.582858085632324,1.0,1.0,0.0,1.0,0.977,0.0054,0.9
0.0009779078946674648,0.4658088684082031,0.5815872192382816,1.0,1.0,0.0,1.0,0.977,0.0054,0.9
0.0008567837147179338,0.4846000671386719,0.582017517089844,1.0,1.0,0.0,1.0,0.977,0.0054,0.9
0.0009051561830161413,0.5317230224609375,0.5834320068359371,1.0,1.0,0.0,1.0,0.977,0.0054,0.9
0.0002727290552367878,0.4874719936039682,0.5821687045507118,1.0,1.0,0.0,1.0,0.977,0.0054,0.9
8.66515825673786e-6,0.4992699035949707,0.5825490799468993,1.0,1.0,0.0,1.0,0.977,0.0054,0.9
0.0008664980000939392,0.4708232879638672,0.5817903518676764,1.0,1.0,0.0,1.0,0.977,0.0054,0.9
0.0007233723034692152,0.49063063769531257,0.5821941710937499,1.0,1.0,0.0,1.0,0.977,0.0054,0.9
0.000628814067445019,0.48089515259954396,0.5821124829351896,1.0,1.0,0.0,1.0,0.977,0.0054,0.9
0.0006117143383201878,0.5193845659179688,0.5830478064361573,1.0,1.0,0.0,1.0,0.977,0.0054,0.9
0.0006854281447294236,0.5034735338746117,0.5825608404353277,1.0,1.0,0.0,1.0,0.977,0.0054,0.9
0.000263438910399853,0.48783140620630405,0.5821794903837149,1.0,1.0,0.0,1.0,0.977,0.0054,0.9
0.0008200695982245355,0.4757182401400648,0.5817922081099811,1.0,1.0,0.0,1.0,0.977,0.0054,0.9
0.00019131302812765909,0.4986698196647943,0.5826064470689768,1.0,1.0,0.0,1.0,0.977,0.0054,0.9
2.3972636939547393e-5,0.4959253570556641,0.5824584275054933,1.0,1.0,0.0,1.0,0.977,0.0054,0.9
0.00027381369101018416,0.5069767737640934,0.5827081879692612,1.0,1.0,0.0,1.0,0.977,0.0054,0.9
0.0004884372690274169,0.5203482711791992,0.5832108090209961,1.0,1.0,0.0,1.0,0.977,0.0054,0.9
0.000801230633608463,0.5277106504058837,0.5832999817321779,1.0,1.0,0.0,1.0,0.977,0.0054,0.9
0.00046832823789950707,0.49132221279488236,0.582425238946056,1.0,1.0,0.0,1.0,0.977,0.0054,0.9
0.0009528590620350697,0.5049432001953125,0.5828623065063476,1.0,1.0,0.0,1.0,0.977,0.0054,0.9
0.0008385293391298368,0.4821581353974125,0.5821786776184985,1.0,1.0,0.0,1.0,0.977,0.0054,0.9
0.0009285390133439086,0.4695540853857323,0.5817531141937266,1.0,1.0,0.0,1.0,0.977,0.0054,0.9
0.0007648671768198931,0.480708960270988,0.582123596221209,1.0,1.0,0.0,1.0,0.977,0.0054,0.9
0.0003709338434449984,0.47971359872551694,0.5819861725742261,1.0,1.0,0.0,1.0,0.977,0.0054,0.9
0.0009836715799861422,0.4819828423270174,0.5821871989406614,1.0,1.0,0.0,1.0,0.977,0.0054,0.9
0.00011975061687778294,0.5020694321899414,0.5826902378204348,1.0,1.0,0.0,1.0,0.977,0.0054,0.9
0.0007631173822612853,0.47164027160777944,0.5817138009992612,1.0,1.0,0.0,1.0,0.977,0.0054,0.9
0.0008187481890182408,0.5005884722289173,0.5827303132982734,1.0,1.0,0.0,1.0,0.977,0.0054,0.9
0.0005256402293104284,0.4817381544622952,0.5821255291753885,1.0,1.0,0.0,1.0,0.977,0.0054,0.9
0.0005152596641523223,0.48220420433252786,0.5821396892608648,1.0,1.0,0.0,1.0,0.977,0.0054,0.9
0.000867177360746732,0.47073377057147825,0.5817869714365951,1.0,1.0,0.0,1.0,0.977,0.0054,0.9
0.0004443307908147092,0.4861011569809106,0.5822579570117632,1.0,1.0,0.0,1.0,0.977,0.0054,0.9
0.00028112018188901285,0.5171328963420261,0.5830984160644535,1.0,1.0,0.0,1.0,0.977,0.0054,0.9
0.0006490508350944659,0.47260864287328386,0.581795268988515,1.0,1.0,0.0,1.0,0.977,0.0054,0.9
5.458327625261208e-6,0.5030630684859707,0.5826614453245452,1.0,1.0,0.0,1.0,0.977,0.0054,0.9
0.00044490035094343124,0.48415090663146976,0.5820548855926517,1.0,1.0,0.0,1.0,0.977,0.0054,0.9
8.707138269967227e-5,0.4933704029388428,0.5823624661956787,1.0,1.0,0.0,1.0,0.977,0.0054,0.9
0.0004433107733089268,0.5161236855584139,0.5831065801451438,1.0,1.0,0.0,1.0,0.977,0.0054,0.9
0.00018439237922788753,0.4861175827874168,0.5821874722167932,1.0,1.0,0.0,1.0,0.977,0.0054,0.9
0.0007487058618866587,0.4749130629498166,0.5817841459065638,1.0,1.0,0.0,1.0,0.977,0.0054,0.9
0.0009232336783134875,0.46903927781917765,0.5817311720560315,1.0,1.0,0.0,1.0,0.977,0.0054,0.9
0.000685005257716236,0.4797151701660156,0.5819089429809572,1.0,1.0,0.0,1.0,0.977,0.0054,0.9
0.00041415891442126573,0.49366372920227053,0.5824896724670411,1.0,1.0,0.0,1.0,0.977,0.0054,0.9
2.3386943180584293e-6,0.49962309818267825,0.582573659210205,1.0,1.0,0.0,1.0,0.977,0.0054,0.9
8.333896600348403e-5,0.4910459969940185,0.5823218591522213,1.0,1.0,0.0,1.0,0.977,0.0054,0.9
0.0003825560338968345,0.5073861511230469,0.5828758422851565,1.0,1.0,0.0,1.0,0.977,0.0054,0.9
0.0004958350253594497,0.5059130396728516,0.582649906542969,1.0,1.0,0.0,1.0,0.977,0.0054,0.9
5.184990080564691e-5,0.4961963830751658,0.5824986443987326,1.0,1.0,0.0,1.0,0.977,0.0054,0.9
6.980839332509349e-5,0.5029615491027832,0.5826279228271485,1.0,1.0,0.0,1.0,0.977,0.0054,0.9
0.00013322224413435504,0.4936790280314674,0.5824439383018416,1.0,1.0,0.0,1.0,0.977,0.0054,0.9
0.000843203351595372,0.4801427121128367,0.5819008915156334,1.0,1.0,0.0,1.0,0.977,0.0054,0.9
0.00043745088713300256,0.5150525749274809,0.583079778277267,1.0,1.0,0.0,1.0,0.977,0.0054,0.9
0.0004467949193113017,0.48167306762695306,0.581994772232056,1.0,1.0,0.0,1.0,0.977,0.0054,0.9
0.0008098165228770219,0.505402765853319,0.5828637508126736,1.0,1.0,0.0,1.0,0.977,0.0054,0.9
0.0003454453988343109,0.48403553128405574,0.5821708120910642,1.0,1.0,0.0,1.0,0.977,0.0054,0.9
0.000702854799053943,0.4871323489730305,0.5823218832888013,1.0,1.0,0.0,1.0,0.977,0.0054,0.9
0.0008185863432473907,0.49775966759849344,0.5826495891480896,1.0,1.0,0.0,1.0,0.977,0.0054,0.9
0.0008928049673872394,0.4679393963800652,0.5816204494201653,1.0,1.0,0.0,1.0,0.977,0.0054,0.9
0.00046055115881132945,0.4924305581150469,0.5822707736893117,1.0,1.0,0.0,1.0,0.977,0.0054,0.9
0.0008410184901483355,0.4684489108581543,0.5816656804077152,1.0,1.0,0.0,1.0,0.977,0.0054,0.9
0.000997327650685509,0.4661825790325918,0.5816250726213208,1.0,1.0,0.0,1.0,0.977,0.0054,0.9
0.0007760390819880865,0.47700769623447276,0.5820006518603483,1.0,1.0,0.0,1.0,0.977,0.0054,0.9
0.00012681117805061936,0.4935963475705271,0.5823558269506715,1.0,1.0,0.0,1.0,0.977,0.0054,0.9
7.066195037266007e-5,0.5094991135578089,0.5828356131576571,1.0,1.0,0.0,1.0,0.977,0.0054,0.9
0.0006800961253385735,0.49005018295871655,0.5824093454692587,1.0,1.0,0.0,1.0,0.977,0.0054,0.9
0.00014725268427680937,0.4898760278320312,0.5822591779296875,1.0,1.0,0.0,1.0,0.977,0.0054,0.9
0.00011893394734070029,0.5100090655250549,0.5828970531997678,1.0,1.0,0.0,1.0,0.977,0.0054,0.9
1.2372675042996046e-5,0.5033282857107911,0.5826889369487778,1.0,1.0,0.0,1.0,0.977,0.0054,0.9
0.0006312105628322402,0.499641448350226,0.5824554119552623,1.0,1.0,0.0,1.0,0.977,0.0054,0.9
0.000334118928299516,0.5117798711299856,0.5829838465609557,1.0,1.0,0.0,1.0,0.977,0.0054,0.9
2.490379757849067e-5,0.5062467002832388,0.5827657002650266,1.0,1.0,0.0,1.0,0.977,0.0054,0.9
0.00019992891095289294,0.4972040248832701,0.5824378042221066,1.0,1.0,0.0,1.0,0.977,0.0054,0.9
0.00021674726282884646,0.4990984880685806,0.5824879685688017,1.0,1.0,0.0,1.0,0.977,0.0054,0.9
0.0008924324538613156,0.46743828688825795,0.581636084970234,1.0,1.0,0.0,1.0,0.977,0.0054,0.9
0.0005566018383691989,0.4933201644785556,0.5822847324584954,1.0,1.0,0.0,1.0,0.977,0.0054,0.9
3.7327907164917035e-5,0.5003130886682063,0.5826180361981995,1.0,1.0,0.0,1.0,0.977,0.0054,0.9
0.000951332676361006,0.4995753051757812,0.5827119692993166,1.0,1.0,0.0,1.0,0.977,0.0054,0.9
0.00043760542313656825,0.48477879795994283,0.5822135428558359,1.0,1.0,0.0,1.0,0.977,0.0054,0.9
0.0007104477152342091,0.5159945127742137,0.5831344874839695,1.0,1.0,0.0,1.0,0.977,0.0054,0.9
0.0005003606404265779,0.5201496607666016,0.5832084504394534,1.0,1.0,0.0,1.0,0.977,0.0054,0.9
0.00042249498859427733,0.5024779596405029,0.5827461299682619,1.0,1.0,0.0,1.0,0.977,0.0054,0.9
0.0003294285080710896,0.4809407210349877,0.5820241191197759,1.0,1.0,0.0,1.0,0.977,0.0054,0.9
0.00046839631463838977,0.4770412592289412,0.5819050707047413,1.0,1.0,0.0,1.0,0.977,0.0054,0.9
0.0007309034151228132,0.4885310765307107,0.5823678846737297,1.0,1.0,0.0,1.0,0.977,0.0054,0.9
0.00090396789704691,0.4689745233396616,0.5816303049056113,1.0,1.0,0.0,1.0,0.977,0.0054,0.9
0.0006322766938930481,0.4835275145263672,0.5820128840728758,1.0,1.0,0.0,1.0,0.977,0.0054,0.9
0.00044045463991956835,0.5105279336929321,0.582793308181763,1.0,1.0,0.0,1.0,0.977,0.0054,0.9
0.0005988519359614413,0.47370275803299544,0.5818111662811263,1.0,1.0,0.0,1.0,0.977,0.0054,0.9
0.0002522451813831356,0.49926868390953216,0.5826334111076773,1.0,1.0,0.0,1.0,0.977,0.0054,0.9
0.0009224449584728682,0.4906299323886337,0.5821769390197759,1.0,1.0,0.0,1.0,0.977,0.0054,0.9
9.215265335910016e-6,0.4986634999629437,0.582552507845875,1.0,1.0,0.0,1.0,0.977,0.0054,0.9
0.00051296795659916,0.4767503179888396,0.5819374748385198,1.0,1.0,0.0,1.0,0.977,0.0054,0.9
0.0004221109378039884,0.482760135700556,0.582025113874817,1.0,1.0,0.0,1.0,0.977,0.0054,0.9
0.0003912468142396814,0.4793170567286701,0.5819979002070432,1.0,1.0,0.0,1.0,0.977,0.0054,0.9
0.000567575402894756,0.4773387007786087,0.5818727559819239,1.0,1.0,0.0,1.0,0.977,0.0054,0.9
0.000654927309105245,0.4952897491291314,0.5825634980102529,1.0,1.0,0.0,1.0,0.977,0.0054,0.9
0.0009305995974427226,0.4668344766588832,0.5815991412660755,1.0,1.0,0.0,1.0,0.977,0.0054,0.9
0.0003870755454166902,0.5049632382984761,0.5828108137491381,1.0,1.0,0.0,1.0,0.977,0.0054,0.9
0.0004652466886012809,0.4770580085381526,0.5819240531634955,1.0,1.0,0.0,1.0,0.977,0.0054,0.9
0.00047073148135803525,0.4984875956602096,0.582438390699481,1.0,1.0,0.0,1.0,0.977,0.0054,0.9
0.00018874434667084787,0.5041093277378617,0.582759671870801,1.0,1.0,0.0,1.0,0.977,0.0054,0.9
0.0001247198426126141,0.49736822760178834,0.5825553560317841,1.0,1.0,0.0,1.0,0.977,0.0054,0.9
0.00018033710024892646,0.48871395507161663,0.5822917986305873,1.0,1.0,0.0,1.0,0.977,0.0054,0.9
0.0009748501085367999,0.4732973046360048,0.5817129317586882,1.0,1.0,0.0,1.0,0.977,0.0054,0.9
0.000434622736234615,0.5217897061157226,0.5832281526702878,1.0,1.0,0.0,1.0,0.977,0.0054,0.9
0.0008794959793223942,0.4681531872681258,0.5816280617713928,1.0,1.0,0.0,1.0,0.977,0.0054,0.9
9.687390810622363e-5,0.49118969665579676,0.5823094817234253,1.0,1.0,0.0,1.0,0.977,0.0054,0.9
0.0003864612099904267,0.49068057272120613,0.5822326957443249,1.0,1.0,0.0,1.0,0.977,0.0054,0.9
0.0001760794539299771,0.5046050509285,0.5827709804573012,1.0,1.0,0.0,1.0,0.977,0.0054,0.9
0.00037188486479540706,0.4805448102219038,0.5820458021739454,1.0,1.0,0.0,1.0,0.977,0.0054,0.9
0.0009595170485192243,0.48925907162269383,0.5821359244724895,1.0,1.0,0.0,1.0,0.977,0.0054,0.9
0.0001414915015462683,0.5031497131427186,0.5827246824356622,1.0,1.0,0.0,1.0,0.977,0.0054,0.9
0.0004624680268527713,0.49299122387880495,0.5824752005699241,1.0,1.0,0.0,1.0,0.977,0.0054,0.9
0.0003384066087623195,0.48327544709300996,0.5821417776851652,1.0,1.0,0.0,1.0,0.977,0.0054,0.9
0.0006057155634432834,0.4750883346209126,0.5818188488102989,1.0,1.0,0.0,1.0,0.977,0.0054,0.9
0.0008372757328291391,0.5006322199845754,0.5827330472285421,1.0,1.0,0.0,1.0,0.977,0.0054,0.9
0.000611291356393334,0.4742392016944885,0.5818627594833377,1.0,1.0,0.0,1.0,0.977,0.0054,0.9
0.0005506808541514182,0.4748192564830787,0.5818501175642057,1.0,1.0,0.0,1.0,0.977,0.0054,0.9
0.0004686734411173804,0.47715696411885533,0.581934360942836,1.0,1.0,0.0,1.0,0.977,0.0054,0.9
0.0007111136997300618,0.47193052807617186,0.5817353682617187,1.0,1.0,0.0,1.0,0.977,0.0054,0.9
0.0005827912995491534,0.497168756456819,0.5823897451872115,1.0,1.0,0.0,1.0,0.977,0.0054,0.9
0.09775049505668248,0.0927004280447779,0.5582312944191212,1.0,1.0,0.0,1.0,0.977,0.0054,0.9
0.00015209853018228336,0.48766864471411697,0.582216137488079,1.0,1.0,0.0,1.0,0.977,0.0054,0.9
0.0005868069396411203,0.4807743825287676,0.5821022999957132,1.0,1.0,0.0,1.0,0.977,0.0054,0.9
0.0003497078671277031,0.5089100182905109,0.5829120740843778,1.0,1.0,0.0,1.0,0.977,0.0054,0.9
0.00047305299806044826,0.47863153363521005,0.5820024689102161,1.0,1.0,0.0,1.0,0.977,0.0054,0.9
0.000751287324633348,0.49482930632394323,0.5823085253966347,1.0,1.0,0.0,1.0,0.977,0.0054,0.9
0.0007105113694531725,0.5103467946471705,0.5829886128508242,1.0,1.0,0.0,1.0,0.977,0.0054,0.9
0.0001698688594534258,0.48952665904211023,0.5822437601871775,1.0,1.0,0.0,1.0,0.977,0.0054,0.9
0.00027432050843005987,0.4838306961168406,0.5820876496475327,1.0,1.0,0.0,1.0,0.977,0.0054,0.9
0.0002526377019196837,0.4850800281041372,0.5821829145010954,1.0,1.0,0.0,1.0,0.977,0.0054,0.9
0.0009462487957148018,0.5193899402606817,0.5832409925361648,1.0,1.0,0.0,1.0,0.977,0.0054,0.9
0.0007814084652416433,0.4720731780603599,0.5817171151780556,1.0,1.0,0.0,1.0,0.977,0.0054,0.9
0.0003317011981916689,0.5174408264360553,0.5831175263097671,1.0,1.0,0.0,1.0,0.977,0.0054,0.9
0.0005966516733334676,0.48775627859014403,0.5823299433044431,1.0,1.0,0.0,1.0,0.977,0.0054,0.9
0.00020817437606682727,0.5126795712709551,0.58298315051084,1.0,1.0,0.0,1.0,0.977,0.0054,0.9
0.0006187812220725501,0.4790770842933655,0.5819029322830197,1.0,1.0,0.0,1.0,0.977,0.0054,0.9
0.00038430803674694336,0.5172820196306706,0.5831244141659732,1.0,1.0,0.0,1.0,0.977,0.0054,0.9
0.0009360026314097589,0.5204329864501953,0.5830472946929933,1.0,1.0,0.0,1.0,0.977,0.0054,0.9
0.0008014086006837334,0.501157587890625,0.5827449686035158,1.0,1.0,0.0,1.0,0.977,0.0054,0.9
0.0009477744929662623,0.4784190847104591,0.582068561076933,1.0,1.0,0.0,1.0,0.977,0.0054,0.9
0.0007093268605463612,0.4711754263350665,0.5817409844612109,1.0,1.0,0.0,1.0,0.977,0.0054,0.9
7.131199678956224e-5,0.49210976779295745,0.5823651015703266,1.0,1.0,0.0,1.0,0.977,0.0054,0.9
0.0003371258216371057,0.4962058660306035,0.5825557068817144,1.0,1.0,0.0,1.0,0.977,0.0054,0.9
0.0008208543768507776,0.4699653568294536,0.5817428932786544,1.0,1.0,0.0,1.0,0.977,0.0054,0.9
0.0005019236083858597,0.515725518663722,0.583104730713669,1.0,1.0,0.0,1.0,0.977,0.0054,0.9
0.00037508455094404085,0.5139864881210328,0.582908179333497,1.0,1.0,0.0,1.0,0.977,0.0054,0.9
0.0007695692691038272,0.5067845574583028,0.5828981632881163,1.0,1.0,0.0,1.0,0.977,0.0054,0.9
1.8441499993022085e-5,0.49665636399407415,0.5824921544083754,1.0,1.0,0.0,1.0,0.977,0.0054,0.9
0.0008795625633956555,0.46956801670767323,0.5816468776399827,1.0,1.0,0.0,1.0,0.977,0.0054,0.9
0.0003252767609455762,0.4915297947165217,0.5822640539365657,1.0,1.0,0.0,1.0,0.977,0.0054,0.9
0.00011741764935233537,0.5124610012695562,0.5829452963558195,1.0,1.0,0.0,1.0,0.977,0.0054,0.9
0.0005724458601129997,0.4769898883600977,0.5819646272733809,1.0,1.0,0.0,1.0,0.977,0.0054,0.9
0.0006367808801435556,0.49591776758739237,0.5823493792413756,1.0,1.0,0.0,1.0,0.977,0.0054,0.9
9.40829924727908e-5,0.49487485994177405,0.5823977470397947,1.0,1.0,0.0,1.0,0.977,0.0054,0.9
0.00017735970537532448,0.5009214691884978,0.5825461396347031,1.0,1.0,0.0,1.0,0.977,0.0054,0.9
0.00011282188628952171,0.5021759335327148,0.5825945504638672,1.0,1.0,0.0,1.0,0.977,0.0054,0.9
0.0005748116490706893,0.47772731004541313,0.5819928133422864,1.0,1.0,0.0,1.0,0.977,0.0054,0.9
0.0009364107023029383,0.46660690048053655,0.5815995981467372,1.0,1.0,0.0,1.0,0.977,0.0054,0.9
0.0005265964563395487,0.4754459017677816,0.5818634158569345,1.0,1.0,0.0,1.0,0.977,0.0054,0.9
0.0005447234311846018,0.4851463395890629,0.5822409710185354,1.0,1.0,0.0,1.0,0.977,0.0054,0.9
0.0005454454501624911,0.48586319587407045,0.582264083847404,1.0,1.0,0.0,1.0,0.977,0.0054,0.9
3.347085509417949e-5,0.49513626673953615,0.5824512704388198,1.0,1.0,0.0,1.0,0.977,0.0054,0.9
0.00011474803938291822,0.4910614795546851,0.5823512372653203,1.0,1.0,0.0,1.0,0.977,0.0054,0.9
9.381082833251192e-6,0.4978316584375428,0.5825223867627141,1.0,1.0,0.0,1.0,0.977,0.0054,0.9
0.0006862925472065897,0.4809857574541866,0.5819408305419925,1.0,1.0,0.0,1.0,0.977,0.0054,0.9
0.00042410202451598244,0.49509998337610517,0.5823485719887064,1.0,1.0,0.0,1.0,0.977,0.0054,0.9
7.768764814839933e-5,0.4983136228583993,0.5825720898727411,1.0,1.0,0.0,1.0,0.977,0.0054,0.9
0.000696135927431661,0.48406234281601523,0.5822244009796285,1.0,1.0,0.0,1.0,0.977,0.0054,0.9
1.6934447129714365e-5,0.5038342784141108,0.5826752430185289,1.0,1.0,0.0,1.0,0.977,0.0054,0.9
0.0006990095887645023,0.47430821369463905,0.5818903318022095,1.0,1.0,0.0,1.0,0.977,0.0054,0.9
0.0005052986575699743,0.4849949469818591,0.5820672331238997,1.0,1.0,0.0,1.0,0.977,0.0054,0.9
0.0003711917594817209,0.48067936949080153,0.5819943069193443,1.0,1.0,0.0,1.0,0.977,0.0054,0.9
0.00016154781943910818,0.4893393802454662,0.582242129186476,1.0,1.0,0.0,1.0,0.977,0.0054,0.9
2.040625408850402e-6,0.5013020437828063,0.5826247231964102,1.0,1.0,0.0,1.0,0.977,0.0054,0.9
0.00032523709867758523,0.50277396891172,0.5825778264403491,1.0,1.0,0.0,1.0,0.977,0.0054,0.9
0.0006820072232452681,0.5026249159393311,0.582775980842589,1.0,1.0,0.0,1.0,0.977,0.0054,0.9
0.0001115377900933297,0.5062986765657064,0.5828029271972657,1.0,1.0,0.0,1.0,0.977,0.0054,0.9
0.0005255426389929451,0.5111297884379971,0.5829909991902887,1.0,1.0,0.0,1.0,0.977,0.0054,0.9
0.0007797560223706502,0.4720219513735955,0.5818187742327136,1.0,1.0,0.0,1.0,0.977,0.0054,0.9
0.0006124854620318655,0.48531856505253446,0.5820620977478952,1.0,1.0,0.0,1.0,0.977,0.0054,0.9
0.0006466840759037946,0.5102415450515747,0.5827632304718033,1.0,1.0,0.0,1.0,0.977,0.0054,0.9
0.000604144220532309,0.47721852987408153,0.5818624373807817,1.0,1.0,0.0,1.0,0.977,0.0054,0.9
0.0008450299630350566,0.4713501900074991,0.581688916675206,1.0,1.0,0.0,1.0,0.977,0.0054,0.9
0.0006871098082963494,0.4722228189440427,0.5817488712109522,1.0,1.0,0.0,1.0,0.977,0.0054,0.9
0.0007773244121334349,0.47143181808397355,0.5817062879934102,1.0,1.0,0.0,1.0,0.977,0.0054,0.9
0.0001816113977241516,0.5113970609871712,0.5828607919392254,1.0,1.0,0.0,1.0,0.977,0.0054,0.9
0.0007330778176768127,0.5126855114021274,0.5830519834658603,1.0,1.0,0.0,1.0,0.977,0.0054,0.9
0.0009213342840035467,0.4671509927326125,0.5816417617815882,1.0,1.0,0.0,1.0,0.977,0.0054,0.9
2.5440869513413453e-5,0.495648898550899,0.5824525069126183,1.0,1.0,0.0,1.0,0.977,0.0054,0.9
0.0009382524616371693,0.4678908295795789,0.5816033627599715,1.0,1.0,0.0,1.0,0.977,0.0054,0.9
0.00045316091310714125,0.5002264605181503,0.582685998983764,1.0,1.0,0.0,1.0,0.977,0.0054,0.9
0.0002759703270471785,0.507400456031372,0.5827205454568904,1.0,1.0,0.0,1.0,0.977,0.0054,0.9
2.8725586413717227e-5,0.5047533789823911,0.5826971474643807,1.0,1.0,0.0,1.0,0.977,0.0054,0.9
0.0008408951329147718,0.4697281973145554,0.5816602501149831,1.0,1.0,0.0,1.0,0.977,0.0054,0.9
0.000524603110376943,0.477751698311841,0.5819821645439119,1.0,1.0,0.0,1.0,0.977,0.0054,0.9
0.0005858870103203335,0.47611148667528114,0.5818433374084473,1.0,1.0,0.0,1.0,0.977,0.0054,0.9
0.0006399033197386258,0.4773697844980628,0.5819922483436648,1.0,1.0,0.0,1.0,0.977,0.0054,0.9
9.097561584246756e-6,0.500760118448482,0.5826165982718758,1.0,1.0,0.0,1.0,0.977,0.0054,0.9
0.0008288227195561645,0.4710736777305603,0.5816869008255006,1.0,1.0,0.0,1.0,0.977,0.0054,0.9
0.0009442775399825065,0.4702457956232302,0.5817829691232679,1.0,1.0,0.0,1.0,0.977,0.0054,0.9
0.0003328165291992572,0.48413456124056264,0.5820762283976313,1.0,1.0,0.0,1.0,0.977,0.0054,0.9
0.00041081162017076936,0.47920182650815074,0.5819551580503768,1.0,1.0,0.0,1.0,0.977,0.0054,0.9
0.0006321717509001196,0.49782750738143744,0.5826352333661335,1.0,1.0,0.0,1.0,0.977,0.0054,0.9
0.00025382666222982216,0.50717447936994,0.5827170626275681,1.0,1.0,0.0,1.0,0.977,0.0054,0.9
0.00014613958813821935,0.5009404512834422,0.582663683122201,1.0,1.0,0.0,1.0,0.977,0.0054,0.9
0.000922864386043557,0.47398942451477044,0.581736471710205,1.0,1.0,0.0,1.0,0.977,0.0054,0.9
1.0349503262703417,0.0,0.570903814087525,1.0,1.0,0.0,1.0,0.977,0.0054,0.9
0.0006312661614840841,0.47404550727689376,0.5817935761847493,1.0,1.0,0.0,1.0,0.977,0.0054,0.9
0.0005414791856136649,0.5120588637332264,0.5830168111926621,1.0,1.0,0.0,1.0,0.977,0.0054,0.9
0.0008709257653621044,0.5044929267455938,0.582843594335938,1.0,1.0,0.0,1.0,0.977,0.0054,0.9
0.0008496615122241876,0.4767556879884381,0.5818138386093139,1.0,1.0,0.0,1.0,0.977,0.0054,0.9
0.0005675266246550142,0.4747756237184572,0.5818302008556646,1.0,1.0,0.0,1.0,0.977,0.0054,0.9
0.000342244558711543,0.48048998908018214,0.5820175234889249,1.0,1.0,0.0,1.0,0.977,0.0054,0.9
0.0008392024074361077,0.5067402698516845,0.582902688751221,1.0,1.0,0.0,1.0,0.977,0.0054,0.9
0.00046144624302462274,0.4773859008854091,0.5819420895085421,1.0,1.0,0.0,1.0,0.977,0.0054,0.9
0.0009167659173563018,0.5231671580200195,0.5833295820312495,1.0,1.0,0.0,1.0,0.977,0.0054,0.9
0.0007197493207227966,0.49436256027309355,0.5822981938006191,1.0,1.0,0.0,1.0,0.977,0.0054,0.9
0.0007443617289403955,0.5151437032379655,0.5831162315979102,1.0,1.0,0.0,1.0,0.977,0.0054,0.9
0.0005130730671939657,0.47944454584092017,0.5819304504760736,1.0,1.0,0.0,1.0,0.977,0.0054,0.9
7.291796625297327e-6,0.5017460719349688,0.5826429599150145,1.0,1.0,0.0,1.0,0.977,0.0054,0.9
0.00039449460965665893,0.4830400826514806,0.5821465256998595,1.0,1.0,0.0,1.0,0.977,0.0054,0.9
5.7726304749356524e-5,0.4960361075929166,0.5824958769254824,1.0,1.0,0.0,1.0,0.977,0.0054,0.9
1.0349329750082419,0.0,0.5709059069100455,1.0,1.0,0.0,1.0,0.977,0.0054,0.9
1.034936990869539,0.0,0.5709054175199682,1.0,1.0,0.0,1.0,0.977,0.0054,0.9
0.0009520967819666962,0.4755924891731732,0.5819746040183547,1.0,1.0,0.0,1.0,0.977,0.0054,0.9
0.0001586016097185595,0.48860056231770477,0.582279737924578,1.0,1.0,0.0,1.0,0.977,0.0054,0.9
0.0009352819608345196,0.4695856904547554,0.58163479021219,1.0,1.0,0.0,1.0,0.977,0.0054,0.9
0.00044673482383371897,0.5043106358690386,0.582799698532942,1.0,1.0,0.0,1.0,0.977,0.0054,0.9
0.0001001605857906846,0.4915566100019878,0.5823153571767723,1.0,1.0,0.0,1.0,0.977,0.0054,0.9
0.0006456168539123405,0.47276285925903794,0.5818031781105064,1.0,1.0,0.0,1.0,0.977,0.0054,0.9
0.0009661202090433124,0.4981026626013271,0.5826710528808582,1.0,1.0,0.0,1.0,0.977,0.0054,0.9
0.0009084519682692135,0.48580971807890944,0.5823004549565911,1.0,1.0,0.0,1.0,0.977,0.0054,0.9
0.0008911862821085504,0.46763283684936996,0.5816215055942537,1.0,1.0,0.0,1.0,0.977,0.0054,0.9
0.0006941407037440952,0.4737576860027314,0.5818676587333673,1.0,1.0,0.0,1.0,0.977,0.0054,0.9
0.0009733398246765534,0.4660757732602258,0.5815741903886674,1.0,1.0,0.0,1.0,0.977,0.0054,0.9
0.0004719542559277072,0.51648931983975,0.5831193695917117,1.0,1.0,0.0,1.0,0.977,0.0054,0.9
0.0002812691666333009,0.49577144000244144,0.5823855864013672,1.0,1.0,0.0,1.0,0.977,0.0054,0.9
0.0001896663813239439,0.49970719151877896,0.5825095458543913,1.0,1.0,0.0,1.0,0.977,0.0054,0.9
0.0002403078271465203,0.4840782770042763,0.5821111089725831,1.0,1.0,0.0,1.0,0.977,0.0054,0.9
0.00026523560126256036,0.4924379875623673,0.5822976028099734,1.0,1.0,0.0,1.0,0.977,0.0054,0.9
0.0009491639881068821,0.4687780317135179,0.5817263772214778,1.0,1.0,0.0,1.0,0.977,0.0054,0.9
0.0009306266029072158,0.5327936622947809,0.5834725603309787,1.0,1.0,0.0,1.0,0.977,0.0054,0.9
0.0005133869940611088,0.48883314770812114,0.5821671482771588,1.0,1.0,0.0,1.0,0.977,0.0054,0.9
0.0002804755401467229,0.511995386370349,0.5829808028888678,1.0,1.0,0.0,1.0,0.977,0.0054,0.9
0.00032054225083230186,0.505474106809616,0.5826572479026795,1.0,1.0,0.0,1.0,0.977,0.0054,0.9
0.0005903401882231721,0.4815203086967468,0.5819671521408089,1.0,1.0,0.0,1.0,0.977,0.0054,0.9
0.0008919159202808262,0.46756904185112547,0.5816482839342919,1.0,1.0,0.0,1.0,0.977,0.0054,0.9
0.00019126384411023885,0.49028472918289223,0.5823482579218457,1.0,1.0,0.0,1.0,0.977,0.0054,0.9
0.00014800357626393017,0.493901697631836,0.5824544915802002,1.0,1.0,0.0,1.0,0.977,0.0054,0.9
0.0009744354334975992,0.4735889861259293,0.5817200906389348,1.0,1.0,0.0,1.0,0.977,0.0054,0.9
0.0001164224776538838,0.500747350411519,0.582652181183275,1.0,1.0,0.0,1.0,0.977,0.0054,0.9
0.0007433552925863434,0.4891406928387301,0.5823877431598818,1.0,1.0,0.0,1.0,0.977,0.0054,0.9
0.0006272433433640585,0.4761372083772091,0.5819445443328861,1.0,1.0,0.0,1.0,0.977,0.0054,0.9
0.0005623790649580761,0.4800755820556984,0.5819360393905637,1.0,1.0,0.0,1.0,0.977,0.0054,0.9
0.00048821259875244906,0.49297031353759757,0.5824775280883789,1.0,1.0,0.0,1.0,0.977,0.0054,0.9
7.765434634548242e-5,0.4926840210763704,0.5823508820465091,1.0,1.0,0.0,1.0,0.977,0.0054,0.9
0.0003105717259264803,0.48162919993336484,0.5820404254681681,1.0,1.0,0.0,1.0,0.977,0.0054,0.9
0.0006453747510171357,0.5076629751641203,0.582910991668701,1.0,1.0,0.0,1.0,0.977,0.0054,0.9
0.0009986520382254925,0.4654329787068907,0.5815651450712735,1.0,1.0,0.0,1.0,0.977,0.0054,0.9
0.0003552125383297816,0.48009548296721394,0.5820060123216881,1.0,1.0,0.0,1.0,0.977,0.0054,0.9
0.0003414964231092809,0.4806498255522469,0.5820320346069339,1.0,1.0,0.0,1.0,0.977,0.0054,0.9
0.0008355538139145741,0.47401448828125003,0.58190409737854,1.0,1.0,0.0,1.0,0.977,0.0054,0.9
0.0007261877467803811,0.5184604114690128,0.5830058677899685,1.0,1.0,0.0,1.0,0.977,0.0054,0.9
1.0349790590368129,0.0,0.5709004111045142,1.0,1.0,0.0,1.0,0.977,0.0054,0.9
0.0005622447740968861,0.48102177902052834,0.5821069383623474,1.0,1.0,0.0,1.0,0.977,0.0054,0.9
0.0005022435652568932,0.4838956366806031,0.5820396176177989,1.0,1.0,0.0,1.0,0.977,0.0054,0.9
0.0004103875901624166,0.4793748349191079,0.5820113330991752,1.0,1.0,0.0,1.0,0.977,0.0054,0.9
0.000384877909133083,0.5139709724797333,0.5830458408844883,1.0,1.0,0.0,1.0,0.977,0.0054,0.9
0.0005344491476037746,0.5003776695535233,0.5826988009834311,1.0,1.0,0.0,1.0,0.977,0.0054,0.9
0.0001354780225708295,0.5022418960974068,0.5826982826507563,1.0,1.0,0.0,1.0,0.977,0.0054,0.9
0.00011506916812487194,0.5121320498228074,0.582909547131064,1.0,1.0,0.0,1.0,0.977,0.0054,0.9
1.2121322328938705e-5,0.4980991003799361,0.5825367781656213,1.0,1.0,0.0,1.0,0.977,0.0054,0.9
0.0005688912953918631,0.4978354470689045,0.5826293860183718,1.0,1.0,0.0,1.0,0.977,0.0054,0.9
0.0008313765844492455,0.4764391420240346,0.581808313775146,1.0,1.0,0.0,1.0,0.977,0.0054,0.9
1.0349177997084027,0.0,0.5709077936451277,1.0,1.0,0.0,1.0,0.977,0.0054,0.9
0.0004148697730676356,0.512568979232926,0.5830149254201715,1.0,1.0,0.0,1.0,0.977,0.0054,0.9
0.00044932116376075407,0.49135554147950206,0.5822428276916571,1.0,1.0,0.0,1.0,0.977,0.0054,0.9
0.0008437800852885818,0.4686487616386412,0.581685375450516,1.0,1.0,0.0,1.0,0.977,0.0054,0.9
0.0006231900385253749,0.48873809100227983,0.5823633101104733,1.0,1.0,0.0,1.0,0.977,0.0054,0.9
0.0006207262176396761,0.5049043383335888,0.5828335976599026,1.0,1.0,0.0,1.0,0.977,0.0054,0.9
0.00089481627932654,0.5073537881209446,0.5829237671876054,1.0,1.0,0.0,1.0,0.977,0.0054,0.9
4.8687924611612477e-5,0.5086160849702012,0.5828290798206343,1.0,1.0,0.0,1.0,0.977,0.0054,0.9
0.000731411568232558,0.475462352904367,0.5817996196823108,1.0,1.0,0.0,1.0,0.977,0.0054,0.9
0.0004560370684652277,0.49585054376872756,0.5825596371775643,1.0,1.0,0.0,1.0,0.977,0.0054,0.9
0.000665541997360643,0.47859439669016957,0.5818840855996297,1.0,1.0,0.0,1.0,0.977,0.0054,0.9
0.0006970793853440985,0.4905741677300487,0.5824269084664253,1.0,1.0,0.0,1.0,0.977,0.0054,0.9
0.0001942737299411907,0.498548247104405,0.582476168109366,1.0,1.0,0.0,1.0,0.977,0.0054,0.9
0.00018166763467145373,0.49200337500180813,0.5824019090225223,1.0,1.0,0.0,1.0,0.977,0.0054,0.9
0.000338339111179041,0.5163825324233682,0.5829913206420885,1.0,1.0,0.0,1.0,0.977,0.0054,0.9
0.00045003997164565516,0.5023918665306113,0.5827467734433132,1.0,1.0,0.0,1.0,0.977,0.0054,0.9
0.00034706204774586323,0.5197367628507699,0.5831664779602053,1.0,1.0,0.0,1.0,0.977,0.0054,0.9
6.789475823539999e-5,0.4922054651447015,0.5823653784402139,1.0,1.0,0.0,1.0,0.977,0.0054,0.9
0.00045136693561037853,0.5016434230480977,0.5827259110458367,1.0,1.0,0.0,1.0,0.977,0.0054,0.9
0.0007301254067533732,0.4759327434234619,0.5819561037902836,1.0,1.0,0.0,1.0,0.977,0.0054,0.9
0.00021573109751621118,0.49882499563706467,0.582614983467477,1.0,1.0,0.0,1.0,0.977,0.0054,0.9
0.0005474109108111483,0.47562125274277745,0.581847874479295,1.0,1.0,0.0,1.0,0.977,0.0054,0.9
0.00020559782604147718,0.48639126455011367,0.5822151451110833,1.0,1.0,0.0,1.0,0.977,0.0054,0.9
0.00048081294667517115,0.4790940538992186,0.5819301558382142,1.0,1.0,0.0,1.0,0.977,0.0054,0.9
1.034916757098803,0.0,0.5709079261063001,1.0,1.0,0.0,1.0,0.977,0.0054,0.9
0.0008160925945354734,0.4910360553741455,0.582197088165283,1.0,1.0,0.0,1.0,0.977,0.0054,0.9
0.00010203303901376442,0.49292772062377915,0.5823463876444915,1.0,1.0,0.0,1.0,0.977,0.0054,0.9
0.0002969539539425464,0.4819289063225831,0.5820584216970797,1.0,1.0,0.0,1.0,0.977,0.0054,0.9
0.00049591105965511,0.4915442704087414,0.5824352516501696,1.0,1.0,0.0,1.0,0.977,0.0054,0.9
0.0006670476616421103,0.524598040319425,0.5833307444623739,1.0,1.0,0.0,1.0,0.977,0.0054,0.9
0.0008548048842195364,0.48562989522567146,0.582289967974854,1.0,1.0,0.0,1.0,0.977,0.0054,0.9
0.0008774673276355282,0.46771615987480086,0.5816419591771308,1.0,1.0,0.0,1.0,0.977,0.0054,0.9
0.000267464874826138,0.5137525934732281,0.5829187688537598,1.0,1.0,0.0,1.0,0.977,0.0054,0.9
6.468201984190407e-5,0.4927370742787991,0.5823605629078483,1.0,1.0,0.0,1.0,0.977,0.0054,0.9
0.0009640443197998341,0.48453981822204584,0.5820062126342775,1.0,1.0,0.0,1.0,0.977,0.0054,0.9
0.0003169949754287766,0.5097499217561114,0.5829294901276012,1.0,1.0,0.0,1.0,0.977,0.0054,0.9
0.0004834577375414737,0.4830379989624023,0.5820210418701177,1.0,1.0,0.0,1.0,0.977,0.0054,0.9
0.0004846188104433429,0.48017431342827055,0.5820633571255049,1.0,1.0,0.0,1.0,0.977,0.0054,0.9
0.00018547446034558764,0.4924958726139745,0.5824184072875982,1.0,1.0,0.0,1.0,0.977,0.0054,0.9
0.0004414679283415894,0.48892500226694835,0.5823476389620181,1.0,1.0,0.0,1.0,0.977,0.0054,0.9
0.0006313778121558899,0.48779343680311094,0.5821259528123365,1.0,1.0,0.0,1.0,0.977,0.0054,0.9
9.029563102887194e-5,0.5054061427510512,0.5827741944610599,1.0,1.0,0.0,1.0,0.977,0.0054,0.9
0.0003886907858433351,0.48297985581115066,0.5821431669155099,1.0,1.0,0.0,1.0,0.977,0.0054,0.9
0.0002918570240937556,0.5146492625408732,0.583046742511168,1.0,1.0,0.0,1.0,0.977,0.0054,0.9
0.0007163448093487164,0.4711893600575454,0.5817565023303105,1.0,1.0,0.0,1.0,0.977,0.0054,0.9
0.0002848923036063111,0.5038489674830594,0.5827671780537745,1.0,1.0,0.0,1.0,0.977,0.0054,0.9
0.000333395710589728,0.484049506690979,0.5820741555938718,1.0,1.0,0.0,1.0,0.977,0.0054,0.9
0.0009153872468157995,0.4864468705146377,0.5823207739611551,1.0,1.0,0.0,1.0,0.977,0.0054,0.9
0.0004103486318791762,0.48028044724005037,0.5819734595336896,1.0,1.0,0.0,1.0,0.977,0.0054,0.9
0.0003038769197435539,0.5037808332519531,0.5826098301757814,1.0,1.0,0.0,1.0,0.977,0.0054,0.9
9.138396083346387e-5,0.49365469064426426,0.5823678200428007,1.0,1.0,0.0,1.0,0.977,0.0054,0.9
0.0005629624391148584,0.47619374922403646,0.5818512217473953,1.0,1.0,0.0,1.0,0.977,0.0054,0.9
0.0008537241604796447,0.4771058599661155,0.5818220946975686,1.0,1.0,0.0,1.0,0.977,0.0054,0.9
0.0004598302821005711,0.47722273179208735,0.5819299956773873,1.0,1.0,0.0,1.0,0.977,0.0054,0.9
0.0008994934001187089,0.48958272693932636,0.5821497914124689,1.0,1.0,0.0,1.0,0.977,0.0054,0.9
0.0004785252432309254,0.4775234376112065,0.5819022715377791,1.0,1.0,0.0,1.0,0.977,0.0054,0.9
0.00035621762712855653,0.48007301647607226,0.5820025115075119,1.0,1.0,0.0,1.0,0.977,0.0054,0.9
0.00034815926855030104,0.49435443377487454,0.5825020058876986,1.0,1.0,0.0,1.0,0.977,0.0054,0.9
0.0002736337473291878,0.5118843457491729,0.5828581114784112,1.0,1.0,0.0,1.0,0.977,0.0054,0.9
0.0002322653946202936,0.4968124496567907,0.5824217062224912,1.0,1.0,0.0,1.0,0.977,0.0054,0.9
0.0007804256509701126,0.49385700949569566,0.582278752920534,1.0,1.0,0.0,1.0,0.977,0.0054,0.9
0.0005533548061632083,0.47793175756454465,0.5819958228317268,1.0,1.0,0.0,1.0,0.977,0.0054,0.9
1.03495740338239,0.0,0.570902970405961,1.0,1.0,0.0,1.0,0.977,0.0054,0.9
0.0009471679011987967,0.5216992140906986,0.5830857772519951,1.0,1.0,0.0,1.0,0.977,0.0054,0.9
0.0001264640474146738,0.5130723402061131,0.582959073676317,1.0,1.0,0.0,1.0,0.977,0.0054,0.9
0.0003423938255770453,0.520182510673523,0.5831714370880122,1.0,1.0,0.0,1.0,0.977,0.0054,0.9
0.00032432498538515744,0.48401665702612906,0.5821650358380431,1.0,1.0,0.0,1.0,0.977,0.0054,0.9
0.0003114155433117442,0.4925735220498329,0.5822940748977596,1.0,1.0,0.0,1.0,0.977,0.0054,0.9
0.0008648394165145218,0.4748594047470093,0.5819382894500735,1.0,1.0,0.0,1.0,0.977,0.0054,0.9
0.0009812475130402513,0.47437924007606724,0.5817387216964716,1.0,1.0,0.0,1.0,0.977,0.0054,0.9
0.0009683315954842886,0.46672607044491454,0.581641163325118,1.0,1.0,0.0,1.0,0.977,0.0054,0.9
0.0009032715486245656,0.49652776271364535,0.5823440619123952,1.0,1.0,0.0,1.0,0.977,0.0054,0.9
0.0008143763653849647,0.4706369700574792,0.5816825335082998,1.0,1.0,0.0,1.0,0.977,0.0054,0.9
0.000734330418485462,0.5273337229476533,0.5833960112487788,1.0,1.0,0.0,1.0,0.977,0.0054,0.9
0.0007636160043385505,0.4703684739436841,0.5817385397627579,1.0,1.0,0.0,1.0,0.977,0.0054,0.9
0.00011487351236050039,0.5035133996716215,0.5827291811739675,1.0,1.0,0.0,1.0,0.977,0.0054,0.9
0.0001682710255306096,0.5147171435422897,0.5830099220851894,1.0,1.0,0.0,1.0,0.977,0.0054,0.9
0.0003543456261038051,0.4901748543724035,0.5823746685689208,1.0,1.0,0.0,1.0,0.977,0.0054,0.9
0.00048168755974030083,0.47671325176668167,0.5818945103097918,1.0,1.0,0.0,1.0,0.977,0.0054,0.9
0.00038642456312095456,0.48063921557617184,0.5819879547851562,1.0,1.0,0.0,1.0,0.977,0.0054,0.9
0.0005216803928028903,0.4903218563079834,0.5822063175964363,1.0,1.0,0.0,1.0,0.977,0.0054,0.9
0.00015596353325318085,0.5097666603979938,0.5829012589172368,1.0,1.0,0.0,1.0,0.977,0.0054,0.9
0.0008698512162072754,0.4706595948781004,0.5816697979244223,1.0,1.0,0.0,1.0,0.977,0.0054,0.9
0.0006686755740494913,0.4720988420084643,0.5817756617896174,1.0,1.0,0.0,1.0,0.977,0.0054,0.9
0.000519987308191784,0.47568096808767324,0.5818660830335617,1.0,1.0,0.0,1.0,0.977,0.0054,0.9
0.007815094832996484,0.4782555438041687,0.5823728194000242,1.0,1.0,0.0,1.0,0.977,0.0054,0.9
0.0009195184086748906,0.48645496624271556,0.5820621583964094,1.0,1.0,0.0,1.0,0.977,0.0054,0.9
0.00010940378434365427,0.5070455925703048,0.582740616979599,1.0,1.0,0.0,1.0,0.977,0.0054,0.9
0.00036906250859063865,0.4807064528875462,0.5819956148410815,1.0,1.0,0.0,1.0,0.977,0.0054,0.9
0.0004601478679457565,0.4793358506983805,0.5819404853522772,1.0,1.0,0.0,1.0,0.977,0.0054,0.9
0.00014165109256147537,0.49416613826066036,0.5824613107295351,1.0,1.0,0.0,1.0,0.977,0.0054,0.9
0.0002793134891420128,0.4907209080820547,0.5823799627929687,1.0,1.0,0.0,1.0,0.977,0.0054,0.9
0.0009415420914807514,0.47538512452782017,0.5819662886696588,1.0,1.0,0.0,1.0,0.977,0.0054,0.9
0.00030704220752719627,0.4894129580353975,0.5822112146233058,1.0,1.0,0.0,1.0,0.977,0.0054,0.9
0.000586840282016584,0.5026621455078125,0.5827682662109375,1.0,1.0,0.0,1.0,0.977,0.0054,0.9
0.0029799771991018994,0.48287483092391653,0.5818397041839589,1.0,1.0,0.0,1.0,0.977,0.0054,0.9
0.00039802044968443434,0.521305353448611,0.5831519126983125,1.0,1.0,0.0,1.0,0.977,0.0054,0.9
0.00022818403711444014,0.5165514763728098,0.583068891760161,1.0,1.0,0.0,1.0,0.977,0.0054,0.9
0.0004938878021504958,0.5080290498947011,0.5829057605922234,1.0,1.0,0.0,1.0,0.977,0.0054,0.9
0.0006953761633742725,0.4714777330915606,0.5817508670181295,1.0,1.0,0.0,1.0,0.977,0.0054,0.9
0.0005759889118483353,0.5103374959109558,0.5829755388389546,1.0,1.0,0.0,1.0,0.977,0.0054,0.9
0.0001550729171511581,0.49724363042300795,0.5824469912908927,1.0,1.0,0.0,1.0,0.977,0.0054,0.9
0.00030294776292854616,0.4874689409464326,0.5821625050903314,1.0,1.0,0.0,1.0,0.977,0.0054,0.9
0.0002222922706940245,0.4847156048456126,0.5821307928267415,1.0,1.0,0.0,1.0,0.977,0.0054,0.9
0.000473407994997408,0.48229679510586343,0.5821358403877934,1.0,1.0,0.0,1.0,0.977,0.0054,0.9
0.0004509722968634692,0.4777067700398355,0.5819185210597969,1.0,1.0,0.0,1.0,0.977,0.0054,0.9
0.0002622592824613745,0.48329388698654974,0.5820880357049074,1.0,1.0,0.0,1.0,0.977,0.0054,0.9
0.000569917124875956,0.4963546143593031,0.5825864612560925,1.0,1.0,0.0,1.0,0.977,0.0054,0.9
0.0004240211627536163,0.47927532177850696,0.5820125419059767,1.0,1.0,0.0,1.0,0.977,0.0054,0.9
0.0017139168631221872,0.46924682602106627,0.5818345985322223,1.0,1.0,0.0,1.0,0.977,0.0054,0.9
0.0005246759968755575,0.4768350326009311,0.5818744272327403,1.0,1.0,0.0,1.0,0.977,0.0054,0.9
0.00018967432994295477,0.5127609372536724,0.5829804406762147,1.0,1.0,0.0,1.0,0.977,0.0054,0.9
0.00010164903468623558,0.5119906099220931,0.5829217359648728,1.0,1.0,0.0,1.0,0.977,0.0054,0.9
0.00045045639711714387,0.4989175839087217,0.5824527627716055,1.0,1.0,0.0,1.0,0.977,0.0054,0.9
0.0008010167468069363,0.48163371226779605,0.5819442972789817,1.0,1.0,0.0,1.0,0.977,0.0054,0.9
0.00039245933490772477,0.4869485080942997,0.5822775573302061,1.0,1.0,0.0,1.0,0.977,0.0054,0.9
0.0006403320753722829,0.4911061458277429,0.5822152082329031,1.0,1.0,0.0,1.0,0.977,0.0054,0.9
0.00039996858950910245,0.4838067305132176,0.5820543361583697,1.0,1.0,0.0,1.0,0.977,0.0054,0.9
0.00011572839652656152,0.501318434135437,0.5825692398773192,1.0,1.0,0.0,1.0,0.977,0.0054,0.9
0.00012012681102673918,0.4976658445014953,0.5825632192092897,1.0,1.0,0.0,1.0,0.977,0.0054,0.9
0.0005787438072672855,0.47628656404626346,0.5819388752802741,1.0,1.0,0.0,1.0,0.977,0.0054,0.9
0.0003956120846262934,0.4791469296059948,0.5819917105163581,1.0,1.0,0.0,1.0,0.977,0.0054,0.9
0.0007248292040511897,0.5040371451899045,0.5828189915890678,1.0,1.0,0.0,1.0,0.977,0.0054,0.9
0.0008795245878250326,0.49007517279052726,0.5821650822998046,1.0,1.0,0.0,1.0,0.977,0.0054,0.9
0.000512083954460072,0.4979374306612213,0.5826265838646885,1.0,1.0,0.0,1.0,0.977,0.0054,0.9
1.0349574068621965,0.0,0.5709029698948731,1.0,1.0,0.0,1.0,0.977,0.0054,0.9
0.0004583242830365467,0.5142682465091777,0.5829056720966187,1.0,1.0,0.0,1.0,0.977,0.0054,0.9
0.0002455301626808018,0.48602864901476867,0.582141895258781,1.0,1.0,0.0,1.0,0.977,0.0054,0.9
0.00044368865900960635,0.48210089759764385,0.5821235595604384,1.0,1.0,0.0,1.0,0.977,0.0054,0.9
2.836707493095127e-5,0.4973029855527212,0.5824852812316899,1.0,1.0,0.0,1.0,0.977,0.0054,0.9
0.0007982914263640194,0.4701636184628548,0.5816806490377446,1.0,1.0,0.0,1.0,0.977,0.0054,0.9
0.0003528705069569387,0.506224524681262,0.5826752672775284,1.0,1.0,0.0,1.0,0.977,0.0054,0.9
4.515422255690193e-5,0.5065603256225586,0.5827877044677736,1.0,1.0,0.0,1.0,0.977,0.0054,0.9
0.00099951202558408,0.4654996180181503,0.5815851846904758,1.0,1.0,0.0,1.0,0.977,0.0054,0.9
4.103276005696486e-5,0.4967834104482052,0.582512673704529,1.0,1.0,0.0,1.0,0.977,0.0054,0.9
0.0005487642656206557,0.522477752134525,0.5831592592527675,1.0,1.0,0.0,1.0,0.977,0.0054,0.9
0.0002823202194115263,0.5081105640316836,0.5828816973434419,1.0,1.0,0.0,1.0,0.977,0.0054,0.9
0.0003347746172940782,0.512981369220948,0.5828826634331548,1.0,1.0,0.0,1.0,0.977,0.0054,0.9
0.08117523068874954,0.13487389420380824,0.5635432920045362,1.0,1.0,0.0,1.0,0.977,0.0054,0.9
0.0037842899733980676,0.5638862005581216,0.5843269420990711,1.0,1.0,0.0,1.0,0.977,0.0054,0.9
2.636008291096891e-5,0.4974097505992747,0.5825251010299206,1.0,1.0,0.0,1.0,0.977,0.0054,0.9
0.0005907974077186315,0.47409558341007363,0.581813460939034,1.0,1.0,0.0,1.0,0.977,0.0054,0.9
0.028392969978926885,0.28573481111135757,0.5750669044072656,1.0,1.0,0.0,1.0,0.977,0.0054,0.9
0.032811155962982765,0.2676317689452053,0.5741889526315268,1.0,1.0,0.0,1.0,0.977,0.0054,0.9
6.66021176414977e-5,0.5099379798596987,0.5828627540080321,1.0,1.0,0.0,1.0,0.977,0.0054,0.9
1.0811251806989955e-6,0.502153748823446,0.5826442193869351,1.0,1.0,0.0,1.0,0.977,0.0054,0.9
2.1508907383732447e-5,0.5060715236612753,0.5827500219577818,1.0,1.0,0.0,1.0,0.977,0.0054,0.9
0.020748813195475266,0.3203191802075129,0.5765491768369305,1.0,1.0,0.0,1.0,0.977,0.0054,0.9
4.370468435783897e-6,0.5031718680629228,0.5826753718251381,1.0,1.0,0.0,1.0,0.977,0.0054,0.9
3.225743178051494e-5,0.49485906072076513,0.5824339965565061,1.0,1.0,0.0,1.0,0.977,0.0054,0.9
1.909440655877094e-5,0.49842427253749344,0.5825528999837546,1.0,1.0,0.0,1.0,0.977,0.0054,0.9
2.795539014107645e-5,0.5068440159680814,0.5827752325117643,1.0,1.0,0.0,1.0,0.977,0.0054,0.9
0.038631870788149315,0.245567158217655,0.5731007005623764,1.0,1.0,0.0,1.0,0.977,0.0054,0.9
1.048316814583467e-5,0.5045950139523776,0.5827097892407592,1.0,1.0,0.0,1.0,0.977,0.0054,0.9
0.0008214299567185999,0.5314326124765115,0.5834637030129577,1.0,1.0,0.0,1.0,0.977,0.0054,0.9
0.001096478804100054,0.46372327508549555,0.5815090103856732,1.0,1.0,0.0,1.0,0.977,0.0054,0.9
1.3069778796438886e-5,0.4971372561474134,0.5824995920179861,1.0,1.0,0.0,1.0,0.977,0.0054,0.9
0.007471447959496947,0.39797603016467575,0.5794294948889089,1.0,1.0,0.0,1.0,0.977,0.0054,0.9
8.65333055227941e-6,0.497912774581009,0.5825194901959942,1.0,1.0,0.0,1.0,0.977,0.0054,0.9
1.017210868353227e-6,0.5020836684086026,0.5826383523619355,1.0,1.0,0.0,1.0,0.977,0.0054,0.9
7.124972382791191e-6,0.49818713394180547,0.5825303667738371,1.0,1.0,0.0,1.0,0.977,0.0054,0.9
0.00017393500139721522,0.4864914377796723,0.5821932099893852,1.0,1.0,0.0,1.0,0.977,0.0054,0.9
0.0017105566169122802,0.5442826189162542,0.5838106129954851,1.0,1.0,0.0,1.0,0.977,0.0054,0.9
0.0016618086295393756,0.45461827087695567,0.5812455790482817,1.0,1.0,0.0,1.0,0.977,0.0054,0.9
4.477314731551497e-5,0.4937408373916021,0.5824025109796175,1.0,1.0,0.0,1.0,0.977,0.0054,0.9
0.000544279237266815,0.5259479763100302,0.5833080702856618,1.0,1.0,0.0,1.0,0.977,0.0054,0.9
1.3453294022701402e-5,0.49708045735681083,0.5824981803230099,1.0,1.0,0.0,1.0,0.977,0.0054,0.9
0.0007535335030534175,0.5302053796520302,0.5834264511607299,1.0,1.0,0.0,1.0,0.977,0.0054,0.9
0.004584804469295887,0.42176850496000284,0.5802148143770148,1.0,1.0,0.0,1.0,0.977,0.0054,0.9
0.026521496879988563,0.2937739232039185,0.5754194917935973,1.0,1.0,0.0,1.0,0.977,0.0054,0.9
6.269978045715818e-6,0.5006255638373706,0.5825875721216637,1.0,1.0,0.0,1.0,0.977,0.0054,0.9
4.385522487827468e-5,0.49381603474995706,0.5824043606393644,1.0,1.0,0.0,1.0,0.977,0.0054,0.9
4.927945346412439e-5,0.4933748494813353,0.5823913551176273,1.0,1.0,0.0,1.0,0.977,0.0054,0.9
0.00020351654031436117,0.4852781219659215,0.5821571835486129,1.0,1.0,0.0,1.0,0.977,0.0054,0.9
4.042467873100261e-7,0.5016177458301911,0.5826291412921906,1.0,1.0,0.0,1.0,0.977,0.0054,0.9
0.0023956479133600854,0.44482536456797894,0.5809406498922338,1.0,1.0,0.0,1.0,0.977,0.0054,0.9
0.0056384745735441315,0.412489319409366,0.5799097619168405,1.0,1.0,0.0,1.0,0.977,0.0054,0.9
3.698499360540306e-5,0.49441441330697317,0.5824212787401327,1.0,1.0,0.0,1.0,0.977,0.0054,0.9
3.815981424811113e-6,0.5032178387353476,0.5826716899174582,1.0,1.0,0.0,1.0,0.977,0.0054,0.9
4.051658667238255e-6,0.5004182472491004,0.5825842048173194,1.0,1.0,0.0,1.0,0.977,0.0054,0.9
9.25131725247224e-6,0.5043736776741681,0.5827076095020541,1.0,1.0,0.0,1.0,0.977,0.0054,0.9
6.860046702677223e-7,0.5003028682793736,0.5825879348209785,1.0,1.0,0.0,1.0,0.977,0.0054,0.9
0.005892513679919763,0.4103783101423209,0.5798366099649458,1.0,1.0,0.0,1.0,0.977,0.0054,0.9
3.5248890184347592e-6,0.5031393910115101,0.5826712349524982,1.0,1.0,0.0,1.0,0.977,0.0054,0.9
1.3184640799196554e-6,0.49989358078302226,0.5825766127475923,1.0,1.0,0.0,1.0,0.977,0.0054,0.9
0.006161921129240699,0.40815910962719,0.5797682494941085,1.0,1.0,0.0,1.0,0.977,0.0054,0.9
9.241940917107066e-6,0.5014364696359622,0.5826359513090307,1.0,1.0,0.0,1.0,0.977,0.0054,0.9
0.0007070683123016373,0.4712481987176725,0.5817499202786809,1.0,1.0,0.0,1.0,0.977,0.0054,0.9
0.00026742027109994315,0.4829351469656823,0.5820915612644526,1.0,1.0,0.0,1.0,0.977,0.0054,0.9
1.1531834597547651e-5,0.504797021929291,0.582717648195329,1.0,1.0,0.0,1.0,0.977,0.0054,0.9
8.328827113715496e-6,0.5037013316271294,0.5826938325247552,1.0,1.0,0.0,1.0,0.977,0.0054,0.9
9.999963357273376e-6,0.5045438909187446,0.5827102573492773,1.0,1.0,0.0,1.0,0.977,0.0054,0.9
0.023687033212402828,0.3066114052619359,0.5760226691984923,1.0,1.0,0.0,1.0,0.977,0.0054,0.9
0.0067793783813768944,0.4032747670317554,0.5796178842476261,1.0,1.0,0.0,1.0,0.977,0.0054,0.9
2.2460070625562154e-6,0.5015244421236991,0.5826178730086848,1.0,1.0,0.0,1.0,0.977,0.0054,0.9
2.6354541705238374e-6,0.5027276875600287,0.5826558060019293,1.0,1.0,0.0,1.0,0.977,0.0054,0.9
3.389436479190329e-6,0.5030645434447156,0.582666562988808,1.0,1.0,0.0,1.0,0.977,0.0054,0.9
3.5866974671952344e-6,0.5001669533299946,0.5825936620987241,1.0,1.0,0.0,1.0,0.977,0.0054,0.9
3.914538856304296e-6,0.5032514302025636,0.5826729217452317,1.0,1.0,0.0,1.0,0.977,0.0054,0.9
2.2182134603372694e-6,0.4999307222346919,0.5825743456997696,1.0,1.0,0.0,1.0,0.977,0.0054,0.9
8.149351923981258e-5,0.49114956357676826,0.5823257865203797,1.0,1.0,0.0,1.0,0.977,0.0054,0.9
8.260421214792003e-6,0.497952414820231,0.5825223917747693,1.0,1.0,0.0,1.0,0.977,0.0054,0.9
0.015411515584805337,0.3478390950442024,0.5776370454522071,1.0,1.0,0.0,1.0,0.977,0.0054,0.9
0.0005133215485637872,0.47575007503131195,0.5818792663814603,1.0,1.0,0.0,1.0,0.977,0.0054,0.9
6.435080957935901e-7,0.5003638924035536,0.5825934794544735,1.0,1.0,0.0,1.0,0.977,0.0054,0.9
0.025509864044966565,0.29823323291963355,0.5756103451601905,1.0,1.0,0.0,1.0,0.977,0.0054,0.9
2.1361967581629643e-6,0.49972003505033274,0.5825765157420165,1.0,1.0,0.0,1.0,0.977,0.0054,0.9
0.00034787693232701903,0.4803177003973023,0.5820124009351769,1.0,1.0,0.0,1.0,0.977,0.0054,0.9
0.0021546800998914826,0.4478641232511952,0.5810375064963784,1.0,1.0,0.0,1.0,0.977,0.0054,0.9
0.007666320447260386,0.3965963021120193,0.5793659622653998,1.0,1.0,0.0,1.0,0.977,0.0054,0.9
0.0008906566164175968,0.46745316772597956,0.5816317156233339,1.0,1.0,0.0,1.0,0.977,0.0054,0.9
0.00026279476436571027,0.4830843728716712,0.5820937704892418,1.0,1.0,0.0,1.0,0.977,0.0054,0.9
8.100810531421479e-6,0.5031638812531146,0.5826808917688308,1.0,1.0,0.0,1.0,0.977,0.0054,0.9
0.0183396305799285,0.33232222962881885,0.5770310719634114,1.0,1.0,0.0,1.0,0.977,0.0054,0.9
6.599240949703937e-7,0.5019826470210942,0.5826379732448963,1.0,1.0,0.0,1.0,0.977,0.0054,0.9
4.201523651170136e-6,0.5010322956361288,0.5826010878636079,1.0,1.0,0.0,1.0,0.977,0.0054,0.9
0.0029702884391488264,0.43811240116064526,0.5807431848591734,1.0,1.0,0.0,1.0,0.977,0.0054,0.9
0.024423927596770797,0.30310190354419597,0.5758232645019344,1.0,1.0,0.0,1.0,0.977,0.0054,0.9
0.003907274528228724,0.42834025368560036,0.5804086490784315,1.0,1.0,0.0,1.0,0.977,0.0054,0.9
0.0009045855431219442,0.4672015306431159,0.5816288977386982,1.0,1.0,0.0,1.0,0.977,0.0054,0.9
1.8421905476582607e-6,0.5025331265160475,0.5826548050680014,1.0,1.0,0.0,1.0,0.977,0.0054,0.9
9.068121926057945e-5,0.49059222499169164,0.582311056135392,1.0,1.0,0.0,1.0,0.977,0.0054,0.9
0.026972085677887784,0.2932214572110493,0.5755297902028171,1.0,1.0,0.0,1.0,0.977,0.0054,0.9
6.403069244466218e-5,0.4922893247117938,0.5823612576121339,1.0,1.0,0.0,1.0,0.977,0.0054,0.9
9.563113988113199e-6,0.49771212509155055,0.5825159277947325,1.0,1.0,0.0,1.0,0.977,0.0054,0.9
0.0008365888587222135,0.46852227842024047,0.5816626232876615,1.0,1.0,0.0,1.0,0.977,0.0054,0.9
7.630299682661953e-6,0.503972553867204,0.5826978738315207,1.0,1.0,0.0,1.0,0.977,0.0054,0.9
3.605457159276741e-6,0.501918900131912,0.5826437779581826,1.0,1.0,0.0,1.0,0.977,0.0054,0.9
9.279370462861096e-6,0.4979979485839564,0.582529129654471,1.0,1.0,0.0,1.0,0.977,0.0054,0.9
0.0009818334093982738,0.4657179861307317,0.5815795877879166,1.0,1.0,0.0,1.0,0.977,0.0054,0.9
0.031313817198545445,0.2745469808482583,0.5746495810472526,1.0,1.0,0.0,1.0,0.977,0.0054,0.9
2.867107800790491e-5,0.4952183254934463,0.5824443194963156,1.0,1.0,0.0,1.0,0.977,0.0054,0.9
8.568842023819674e-6,0.4992087284197757,0.5825694473143659,1.0,1.0,0.0,1.0,0.977,0.0054,0.9
0.018892794425709895,0.3295083234603941,0.5769209341808841,1.0,1.0,0.0,1.0,0.977,0.0054,0.9
1.762621177359621e-5,0.4984104662787175,0.5825514966979338,1.0,1.0,0.0,1.0,0.977,0.0054,0.9
3.473432988948795e-7,0.5007728484587535,0.5826007946929829,1.0,1.0,0.0,1.0,0.977,0.0054,0.9
4.3466890467616094e-5,0.4938483315239199,0.5824047049332259,1.0,1.0,0.0,1.0,0.977,0.0054,0.9
7.813279301844934e-6,0.5041394930648425,0.5826980236882614,1.0,1.0,0.0,1.0,0.977,0.0054,0.9
1.4077947802661395e-5,0.5051822351501746,0.5827287916832014,1.0,1.0,0.0,1.0,0.977,0.0054,0.9
0.013728980862151251,0.35734762645906704,0.5780088362534865,1.0,1.0,0.0,1.0,0.977,0.0054,0.9
0.004669740191893316,0.42099848400699663,0.5801843024197052,1.0,1.0,0.0,1.0,0.977,0.0054,0.9
4.88662520431009e-6,0.502882200475854,0.5826699750276974,1.0,1.0,0.0,1.0,0.977,0.0054,0.9
8.498319860957962e-7,0.5020876689151766,0.5826413880522643,1.0,1.0,0.0,1.0,0.977,0.0054,0.9
7.238520184776736e-6,0.5025857637001135,0.5826653732513438,1.0,1.0,0.0,1.0,0.977,0.0054,0.9
9.895210112434956e-6,0.50452556348338,0.5827099740333697,1.0,1.0,0.0,1.0,0.977,0.0054,0.9
7.894584522415351e-6,0.49996104268633157,0.5825679520736861,1.0,1.0,0.0,1.0,0.977,0.0054,0.9
4.704998700177098e-6,0.49878655916252856,0.5825487141296539,1.0,1.0,0.0,1.0,0.977,0.0054,0.9
0.005608821702341136,0.41273709010865556,0.5799229255878282,1.0,1.0,0.0,1.0,0.977,0.0054,0.9
0.0056065653929726796,0.41282940272124513,0.5799079130079741,1.0,1.0,0.0,1.0,0.977,0.0054,0.9
1.9444619453317776e-7,0.5008473918650991,0.5826035274356507,1.0,1.0,0.0,1.0,0.977,0.0054,0.9
9.121420960349386e-6,0.4978955876413972,0.5825244845034039,1.0,1.0,0.0,1.0,0.977,0.0054,0.9
0.004704911329388066,0.42066639422463425,0.5801797783142165,1.0,1.0,0.0,1.0,0.977,0.0054,0.9
0.001513894676258797,0.4568200095587258,0.5813099479354747,1.0,1.0,0.0,1.0,0.977,0.0054,0.9
5.480011405109231e-7,0.5006160781051349,0.5826013946664885,1.0,1.0,0.0,1.0,0.977,0.0054,0.9
0.004405829762865148,0.42343652165213624,0.5802663207226587,1.0,1.0,0.0,1.0,0.977,0.0054,0.9
1.1045062126546781e-5,0.5047184701598316,0.5827154154601567,1.0,1.0,0.0,1.0,0.977,0.0054,0.9
9.271662991564784e-7,0.5016570069268942,0.5826320640672188,1.0,1.0,0.0,1.0,0.977,0.0054,0.9
0.0005105416637263187,0.4758183115558135,0.5818798205508919,1.0,1.0,0.0,1.0,0.977,0.0054,0.9
1.4683434404472618e-6,0.5024216757062447,0.58264978432708,1.0,1.0,0.0,1.0,0.977,0.0054,0.9
0.0018389350726582406,0.4520969659928117,0.5811682457645976,1.0,1.0,0.0,1.0,0.977,0.0054,0.9
2.3948469847315816e-6,0.5027286406869893,0.5826568942359507,1.0,1.0,0.0,1.0,0.977,0.0054,0.9
5.972732047121534e-6,0.5037467898978416,0.5826864192949525,1.0,1.0,0.0,1.0,0.977,0.0054,0.9
0.0002213863259151239,0.48458729015258784,0.5821369061144956,1.0,1.0,0.0,1.0,0.977,0.0054,0.9
7.062645657480981e-6,0.5029025664397015,0.582654171445251,1.0,1.0,0.0,1.0,0.977,0.0054,0.9
0.03301891266924207,0.2668567753912808,0.5741855574366728,1.0,1.0,0.0,1.0,0.977,0.0054,0.9
4.067746353596686e-5,0.4940864932486308,0.5824115782256551,1.0,1.0,0.0,1.0,0.977,0.0054,0.9
6.164587519172523e-6,0.5020493814172803,0.5826287814983879,1.0,1.0,0.0,1.0,0.977,0.0054,0.9
6.993889302045626e-6,0.5025107312924032,0.5826631811623442,1.0,1.0,0.0,1.0,0.977,0.0054,0.9
2.038639449207438e-7,0.5008297912551826,0.582603015558549,1.0,1.0,0.0,1.0,0.977,0.0054,0.9
0.0001439312851491755,0.5140377464297717,0.5829775926470679,1.0,1.0,0.0,1.0,0.977,0.0054,0.9
0.0003100863429637774,0.4815010290907448,0.5820462272073292,1.0,1.0,0.0,1.0,0.977,0.0054,0.9
0.0009365383983946745,0.46664303843251315,0.5816170375055251,1.0,1.0,0.0,1.0,0.977,0.0054,0.9
5.245762356946687e-5,0.5089512735542928,0.5828351380031053,1.0,1.0,0.0,1.0,0.977,0.0054,0.9
9.860224179351037e-6,0.49766013930884856,0.5825145593544713,1.0,1.0,0.0,1.0,0.977,0.0054,0.9
5.008417877841639e-6,0.5035226575305155,0.5826825506959203,1.0,1.0,0.0,1.0,0.977,0.0054,0.9
2.248501642279785e-6,0.4995506769144107,0.5825660214759588,1.0,1.0,0.0,1.0,0.977,0.0054,0.9
2.3573717128168263e-5,0.4976034315418262,0.5825296301411275,1.0,1.0,0.0,1.0,0.977,0.0054,0.9
5.969605292611825e-6,0.5018493544761375,0.5826229988304943,1.0,1.0,0.0,1.0,0.977,0.0054,0.9
2.1443496880183393e-6,0.4998545398280553,0.5825811976737436,1.0,1.0,0.0,1.0,0.977,0.0054,0.9
0.0005523374522290846,0.47490773647163376,0.5818641652262259,1.0,1.0,0.0,1.0,0.977,0.0054,0.9
2.0155182542309664e-5,0.4961750175290698,0.5824711960785048,1.0,1.0,0.0,1.0,0.977,0.0054,0.9
0.0003199247322802833,0.4811870433601467,0.582036843473619,1.0,1.0,0.0,1.0,0.977,0.0054,0.9
1.5991265419150813e-5,0.5054503901858439,0.5827362285943196,1.0,1.0,0.0,1.0,0.977,0.0054,0.9
0.000235847875678027,0.5176006429122576,0.583077129053752,1.0,1.0,0.0,1.0,0.977,0.0054,0.9
3.867037198903493e-6,0.5011686869677017,0.5826053579462784,1.0,1.0,0.0,1.0,0.977,0.0054,0.9
0.026664545023830078,0.2931568530435006,0.575383140435394,1.0,1.0,0.0,1.0,0.977,0.0054,0.9
0.00024062033736667597,0.5177629322260902,0.583082634825723,1.0,1.0,0.0,1.0,0.977,0.0054,0.9
0.0024619518291817484,0.44400930455975185,0.5809186361644206,1.0,1.0,0.0,1.0,0.977,0.0054,0.9
3.6148565133305665e-5,0.49449431040362635,0.582424402069016,1.0,1.0,0.0,1.0,0.977,0.0054,0.9
6.3712800764209885e-6,0.5038060258644312,0.5826914552905826,1.0,1.0,0.0,1.0,0.977,0.0054,0.9
6.619352700912908e-5,0.5099108851895376,0.5828621615705494,1.0,1.0,0.0,1.0,0.977,0.0054,0.9
3.872852711959862e-5,0.4942582334381066,0.5824163184853975,1.0,1.0,0.0,1.0,0.977,0.0054,0.9
0.00013613743563870983,0.4881963992546294,0.582241116877144,1.0,1.0,0.0,1.0,0.977,0.0054,0.9
6.419852230909109e-6,0.5038496793152362,0.5826895331022017,1.0,1.0,0.0,1.0,0.977,0.0054,0.9
2.451161214156511e-7,0.5015279317857863,0.5826260299045318,1.0,1.0,0.0,1.0,0.977,0.0054,0.9
0.002273356759355552,0.44635208789720304,0.5809938582708593,1.0,1.0,0.0,1.0,0.977,0.0054,0.9
3.446085879835365e-6,0.5001062184576384,0.582591598755733,1.0,1.0,0.0,1.0,0.977,0.0054,0.9
0.00010707579766578683,0.48967250197407897,0.5822851066069392,1.0,1.0,0.0,1.0,0.977,0.0054,0.9
3.41033056432302e-5,0.49468257897722406,0.5824293265651271,1.0,1.0,0.0,1.0,0.977,0.0054,0.9
0.007641468297591315,0.3967126650941687,0.5793862338692587,1.0,1.0,0.0,1.0,0.977,0.0054,0.9
1.0054423272214733e-5,0.49763127675017627,0.5825142808448912,1.0,1.0,0.0,1.0,0.977,0.0054,0.9
6.293834670246444e-5,0.5096886346092708,0.5828544194306541,1.0,1.0,0.0,1.0,0.977,0.0054,0.9
0.011911984872588072,0.36812871237030215,0.5783834573492563,1.0,1.0,0.0,1.0,0.977,0.0054,0.9
3.689102589767206e-6,0.5009092974957109,0.5826158307720702,1.0,1.0,0.0,1.0,0.977,0.0054,0.9
2.0133146420856696e-6,0.5022532962804779,0.5826496204158393,1.0,1.0,0.0,1.0,0.977,0.0054,0.9
1.205639352956105e-5,0.4972944609258534,0.5825035707762435,1.0,1.0,0.0,1.0,0.977,0.0054,0.9
0.00017230120958076022,0.48655969100062424,0.5821941169795375,1.0,1.0,0.0,1.0,0.977,0.0054,0.9
1.0748065652805724e-7,0.5008907662836295,0.5826077117459106,1.0,1.0,0.0,1.0,0.977,0.0054,0.9
0.005801618462179223,0.41965101016046774,0.5803195758864567,1.0,1.0,0.0,1.0,0.977,0.0054,0.9
0.0010051541332900594,0.46528678181377925,0.5815660755645055,1.0,1.0,0.0,1.0,0.977,0.0054,0.9
0.001733312655156954,0.4535988986848567,0.5812181516907239,1.0,1.0,0.0,1.0,0.977,0.0054,0.9
9.356242007071113e-6,0.49873419443423833,0.5825549898336135,1.0,1.0,0.0,1.0,0.977,0.0054,0.9
0.0014910910029324411,0.457167317266287,0.5813211150248861,1.0,1.0,0.0,1.0,0.977,0.0054,0.9
7.60384070460864e-5,0.5105046268276588,0.5828753114292743,1.0,1.0,0.0,1.0,0.977,0.0054,0.9
0.0004406863095897001,0.47765114258607805,0.581933895031154,1.0,1.0,0.0,1.0,0.977,0.0054,0.9
7.468138867762832e-6,0.5011057034048312,0.582600032599187,1.0,1.0,0.0,1.0,0.977,0.0054,0.9
9.913099419634234e-5,0.4903427410015915,0.5822943097391934,1.0,1.0,0.0,1.0,0.977,0.0054,0.9
2.0554820897276712e-5,0.4961244942713388,0.5824702718701164,1.0,1.0,0.0,1.0,0.977,0.0054,0.9
0.0017132150637738733,0.4538865696616758,0.581217169786694,1.0,1.0,0.0,1.0,0.977,0.0054,0.9
0.002943837840646393,0.43882115200003813,0.580789609956904,1.0,1.0,0.0,1.0,0.977,0.0054,0.9
0.0020222547577257947,0.44960568411179314,0.581093575226033,1.0,1.0,0.0,1.0,0.977,0.0054,0.9
8.703865196212487e-7,0.5001105166869796,0.5825852797372474,1.0,1.0,0.0,1.0,0.977,0.0054,0.9
0.002115655367809653,0.44839974943252514,0.5810614821699145,1.0,1.0,0.0,1.0,0.977,0.0054,0.9
2.931759640270758e-6,0.49927102201518364,0.5825619995342334,1.0,1.0,0.0,1.0,0.977,0.0054,0.9
0.0024338997247672304,0.4443680918422355,0.5809353290855968,1.0,1.0,0.0,1.0,0.977,0.0054,0.9
5.636344802081614e-6,0.49851630012967574,0.5825399290370971,1.0,1.0,0.0,1.0,0.977,0.0054,0.9
0.0021739512352839238,0.4476166656697161,0.5810280437115387,1.0,1.0,0.0,1.0,0.977,0.0054,0.9
1.8866283409395588e-6,0.5023174862171444,0.582650776809789,1.0,1.0,0.0,1.0,0.977,0.0054,0.9
0.0007694286474488738,0.4698972744401233,0.5817029507883249,1.0,1.0,0.0,1.0,0.977,0.0054,0.9
9.288858936445234e-6,0.5043757082415923,0.582703263193292,1.0,1.0,0.0,1.0,0.977,0.0054,0.9
2.7315647930664408e-5,0.495359883439601,0.5824484287419842,1.0,1.0,0.0,1.0,0.977,0.0054,0.9
0.004800971417883374,0.41979445578204266,0.5801497451725254,1.0,1.0,0.0,1.0,0.977,0.0054,0.9
0.005350453844488875,0.4149459968951644,0.5799973247031038,1.0,1.0,0.0,1.0,0.977,0.0054,0.9
0.0008104945038224752,0.46905107700167536,0.5816807885262978,1.0,1.0,0.0,1.0,0.977,0.0054,0.9
4.0805086349944556e-6,0.502495577479306,0.5826593364601386,1.0,1.0,0.0,1.0,0.977,0.0054,0.9
6.682245491868345e-6,0.5023530643923781,0.582637467068903,1.0,1.0,0.0,1.0,0.977,0.0054,0.9
0.0006970153002758012,0.47145424911923994,0.5817544372825146,1.0,1.0,0.0,1.0,0.977,0.0054,0.9
2.4906852759839395e-6,0.5018906911744057,0.5826285059943478,1.0,1.0,0.0,1.0,0.977,0.0054,0.9
0.00011881768251274815,0.5128272979456621,0.582939700798643,1.0,1.0,0.0,1.0,0.977,0.0054,0.9
4.543402186091879e-6,0.5021022965297777,0.5826498151541132,1.0,1.0,0.0,1.0,0.977,0.0054,0.9
0.033863926834330454,0.2651136770313203,0.5742356956220629,1.0,1.0,0.0,1.0,0.977,0.0054,0.9
0.030184899001206276,0.6573998895227333,0.5866986283822625,1.0,1.0,0.0,1.0,0.977,0.0054,0.9
1.2895999233332134e-5,0.505008825627839,0.5827233387970832,1.0,1.0,0.0,1.0,0.977,0.0054,0.9
0.028070503672707126,0.29368998966351406,0.5757091161652574,1.0,1.0,0.0,1.0,0.977,0.0054,0.9
9.106065924446744e-8,0.5013081973643662,0.5826172955875784,1.0,1.0,0.0,1.0,0.977,0.0054,0.9
1.1253958498840164e-5,0.4974237292727386,0.58250729819738,1.0,1.0,0.0,1.0,0.977,0.0054,0.9
1.5019234507672017e-6,0.5012182797182576,0.58262143780934,1.0,1.0,0.0,1.0,0.977,0.0054,0.9
5.013165372198588e-7,0.500379435438309,0.582590740928993,1.0,1.0,0.0,1.0,0.977,0.0054,0.9
2.0388605400611978e-5,0.4961461537083259,0.5824704138683193,1.0,1.0,0.0,1.0,0.977,0.0054,0.9
0.004987873736251214,0.4181394182682097,0.5800890016400648,1.0,1.0,0.0,1.0,0.977,0.0054,0.9
3.407351934538436e-6,0.49944503331323575,0.5825701516582695,1.0,1.0,0.0,1.0,0.977,0.0054,0.9
1.269835367477792e-6,0.5023305200242799,0.5826475521061916,1.0,1.0,0.0,1.0,0.977,0.0054,0.9
0.0001428375697058028,0.4878826087175437,0.5822311510555656,1.0,1.0,0.0,1.0,0.977,0.0054,0.9
0.0006016521726850227,0.47359917199014057,0.5818141409939498,1.0,1.0,0.0,1.0,0.977,0.0054,0.9
2.1465819627450658e-6,0.5020224369225709,0.5826442051043479,1.0,1.0,0.0,1.0,0.977,0.0054,0.9
2.734947076348251e-5,0.49535658610303646,0.5824485177663293,1.0,1.0,0.0,1.0,0.977,0.0054,0.9
8.235547554918478e-7,0.5016389613127548,0.5826312972761946,1.0,1.0,0.0,1.0,0.977,0.0054,0.9
7.68944463705856e-6,0.4980634787958514,0.5825255842248229,1.0,1.0,0.0,1.0,0.977,0.0054,0.9
1.0220243883206215e-6,0.5015311356204286,0.5826290067430314,1.0,1.0,0.0,1.0,0.977,0.0054,0.9
4.556253504707408e-6,0.49899193923665486,0.5825480875187667,1.0,1.0,0.0,1.0,0.977,0.0054,0.9
1.1843772615858726e-6,0.5018952056747962,0.5826313606224075,1.0,1.0,0.0,1.0,0.977,0.0054,0.9
1.419949078504547e-6,0.5010061621614956,0.582604303762375,1.0,1.0,0.0,1.0,0.977,0.0054,0.9
8.269665636223195e-6,0.5042315329775079,0.5827010506036664,1.0,1.0,0.0,1.0,0.977,0.0054,0.9
9.916143061771723e-6,0.5045032008767755,0.5827109247886281,1.0,1.0,0.0,1.0,0.977,0.0054,0.9
8.991583685373869e-6,0.5021767211039945,0.5826561044122525,1.0,1.0,0.0,1.0,0.977,0.0054,0.9
1.1497877156931821e-5,0.49738363030993427,0.5825063078927883,1.0,1.0,0.0,1.0,0.977,0.0054,0.9
1.8400906170906674e-6,0.4998162863148157,0.5825727308002226,1.0,1.0,0.0,1.0,0.977,0.0054,0.9
0.003100004211809155,0.4366457132319976,0.5806861872167622,1.0,1.0,0.0,1.0,0.977,0.0054,0.9
9.614865083479049e-6,0.4977144660312106,0.5825170165540774,1.0,1.0,0.0,1.0,0.977,0.0054,0.9
0.00820087367968522,0.392695564875083,0.5792341756863354,1.0,1.0,0.0,1.0,0.977,0.0054,0.9
6.028195445689532e-6,0.4991752483681286,0.5825654862137657,1.0,1.0,0.0,1.0,0.977,0.0054,0.9
2.373107967702716e-5,0.5063936891944255,0.5827631390376874,1.0,1.0,0.0,1.0,0.977,0.0054,0.9
1.2005363424682772e-6,0.5012599884900366,0.5826220040208872,1.0,1.0,0.0,1.0,0.977,0.0054,0.9
1.3517362511673697e-5,0.497069103642399,0.5824973949635217,1.0,1.0,0.0,1.0,0.977,0.0054,0.9
2.178772432557459e-6,0.4998316829416641,0.582580511553844,1.0,1.0,0.0,1.0,0.977,0.0054,0.9
7.979454019089984e-6,0.5036594785758832,0.5826924058232414,1.0,1.0,0.0,1.0,0.977,0.0054,0.9
0.0024769491809011547,0.44383612034877834,0.5809173765117718,1.0,1.0,0.0,1.0,0.977,0.0054,0.9
0.0009800698311612918,0.4657524991841798,0.5815821813153632,1.0,1.0,0.0,1.0,0.977,0.0054,0.9
4.310771276664738e-7,0.5008227283680304,0.5826017640520508,1.0,1.0,0.0,1.0,0.977,0.0054,0.9
3.5449509706156834e-6,0.5031216260295313,0.5826714649477349,1.0,1.0,0.0,1.0,0.977,0.0054,0.9
1.2851603515251318e-7,0.5014465265211728,0.5826230915266035,1.0,1.0,0.0,1.0,0.977,0.0054,0.9
0.0015824504365445757,0.4557873311138307,0.5812809141876814,1.0,1.0,0.0,1.0,0.977,0.0054,0.9
7.122431371776083e-6,0.4982818243410517,0.5825353145471561,1.0,1.0,0.0,1.0,0.977,0.0054,0.9
3.6634516881038535e-5,0.4944464653727935,0.5824219802427986,1.0,1.0,0.0,1.0,0.977,0.0054,0.9
1.5009487136891393e-6,0.5010690583595522,0.5826059286458687,1.0,1.0,0.0,1.0,0.977,0.0054,0.9
3.948911521650566e-5,0.494191366776984,0.5824153306675236,1.0,1.0,0.0,1.0,0.977,0.0054,0.9
0.0007168188901921173,0.4710116766959473,0.5817371205625665,1.0,1.0,0.0,1.0,0.977,0.0054,0.9
9.870366054607841e-6,0.5043122887911526,0.5827086870928034,1.0,1.0,0.0,1.0,0.977,0.0054,0.9
0.004661567490707601,0.42106323334020135,0.5801936542053779,1.0,1.0,0.0,1.0,0.977,0.0054,0.9
2.8868491432346532e-6,0.5026610850772727,0.5826526469584923,1.0,1.0,0.0,1.0,0.977,0.0054,0.9
2.4105622448422043e-5,0.5064361016151363,0.5827636955868669,1.0,1.0,0.0,1.0,0.977,0.0054,0.9
9.645217445975414e-6,0.49770278836119425,0.5825163038248518,1.0,1.0,0.0,1.0,0.977,0.0054,0.9
0.0001415864870608118,0.48793648820337165,0.5822342445650226,1.0,1.0,0.0,1.0,0.977,0.0054,0.9
9.269828853979386e-5,0.49180913978553553,0.5823680761289205,1.0,1.0,0.0,1.0,0.977,0.0054,0.9
0.0006686274620902569,0.5285139338415686,0.5833725921266535,1.0,1.0,0.0,1.0,0.977,0.0054,0.9
5.862064145486085e-5,0.5093340898595039,0.5828499110517416,1.0,1.0,0.0,1.0,0.977,0.0054,0.9
7.152346570896479e-6,0.5038678408644234,0.5826872852226247,1.0,1.0,0.0,1.0,0.977,0.0054,0.9
8.444787656474543e-5,0.4909635432268925,0.5823220102833522,1.0,1.0,0.0,1.0,0.977,0.0054,0.9
1.4615830589096438e-6,0.5010374375661026,0.5826162292567201,1.0,1.0,0.0,1.0,0.977,0.0054,0.9
0.019602730597135125,0.6319329405055817,0.5860742401865414,1.0,1.0,0.0,1.0,0.977,0.0054,0.9
9.784436230347487e-6,0.5045065912857993,0.5827091111499053,1.0,1.0,0.0,1.0,0.977,0.0054,0.9
7.1761009325183446e-6,0.4981683650347389,0.5825292448761868,1.0,1.0,0.0,1.0,0.977,0.0054,0.9
0.002212133928075096,0.44712823164361065,0.5810171736836071,1.0,1.0,0.0,1.0,0.977,0.0054,0.9
5.249045955704603e-7,0.5003159015011996,0.5825896746144066,1.0,1.0,0.0,1.0,0.977,0.0054,0.9
0.007732154870881372,0.39604632955305796,0.579368465627975,1.0,1.0,0.0,1.0,0.977,0.0054,0.9
3.706483134211068e-6,0.5003756751227255,0.5825834805236964,1.0,1.0,0.0,1.0,0.977,0.0054,0.9
0.00031988752918362984,0.4811924191891851,0.5820397009246313,1.0,1.0,0.0,1.0,0.977,0.0054,0.9
0.011721283702764047,0.6059640258194179,0.5854216153366769,1.0,1.0,0.0,1.0,0.977,0.0054,0.9
0.0010169368634757826,0.46509675280893353,0.5815550550574878,1.0,1.0,0.0,1.0,0.977,0.0054,0.9
1.2269739887659034e-6,0.502276158799825,0.5826471085148934,1.0,1.0,0.0,1.0,0.977,0.0054,0.9
0.0038052621736542613,0.42925684129878583,0.5804556528992886,1.0,1.0,0.0,1.0,0.977,0.0054,0.9
4.594199461787733e-6,0.5032501041072706,0.5826774467389408,1.0,1.0,0.0,1.0,0.977,0.0054,0.9
0.007481260670170506,0.3979032485190871,0.5794291865049881,1.0,1.0,0.0,1.0,0.977,0.0054,0.9
0.004694821372826966,0.42076138605191665,0.5801856336010217,1.0,1.0,0.0,1.0,0.977,0.0054,0.9
7.996754671447712e-6,0.5041761253968706,0.5827005923296725,1.0,1.0,0.0,1.0,0.977,0.0054,0.9
7.544704547207296e-6,0.4995313445451852,0.5825569152896731,1.0,1.0,0.0,1.0,0.977,0.0054,0.9
0.00019407758588904184,0.48567367593225935,0.5821717821379783,1.0,1.0,0.0,1.0,0.977,0.0054,0.9
0.0011767437386668183,0.46224544888831903,0.5814748090258846,1.0,1.0,0.0,1.0,0.977,0.0054,0.9
0.0010289794796085425,0.46485186457265454,0.5815550965828588,1.0,1.0,0.0,1.0,0.977,0.0054,0.9
8.96046946169018e-6,0.4980896714476844,0.5825210612419536,1.0,1.0,0.0,1.0,0.977,0.0054,0.9
5.896365992957475e-6,0.5022757042673914,0.5826359076187746,1.0,1.0,0.0,1.0,0.977,0.0054,0.9
0.017626247456752165,0.33641254668189857,0.5772581100403764,1.0,1.0,0.0,1.0,0.977,0.0054,0.9
8.221927875979459e-6,0.50407598024908,0.582693032117928,1.0,1.0,0.0,1.0,0.977,0.0054,0.9
9.436911852686519e-6,0.500937720385221,0.582621966795868,1.0,1.0,0.0,1.0,0.977,0.0054,0.9
3.22393949584574e-6,0.5006906234547831,0.5826088818566934,1.0,1.0,0.0,1.0,0.977,0.0054,0.9
7.860309062093356e-6,0.5039856030231475,0.5826902482905846,1.0,1.0,0.0,1.0,0.977,0.0054,0.9
9.028321876002589e-6,0.4990182770185746,0.5825423353009724,1.0,1.0,0.0,1.0,0.977,0.0054,0.9
8.041772279283444e-6,0.4980235102364547,0.5825228569428031,1.0,1.0,0.0,1.0,0.977,0.0054,0.9
0.0017150463135784412,0.4538473306311108,0.5812204503809725,1.0,1.0,0.0,1.0,0.977,0.0054,0.9
9.742623832133148e-6,0.49779978772099454,0.5825144749769618,1.0,1.0,0.0,1.0,0.977,0.0054,0.9
5.264603462597409e-6,0.49861320315781293,0.5825400354183009,1.0,1.0,0.0,1.0,0.977,0.0054,0.9
0.0006508237996570596,0.4724870178824026,0.5817858499338999,1.0,1.0,0.0,1.0,0.977,0.0054,0.9
0.0005449564684619923,0.4750176367214164,0.5818637145411161,1.0,1.0,0.0,1.0,0.977,0.0054,0.9
4.188785478329507e-5,0.493983315457412,0.5824093987053971,1.0,1.0,0.0,1.0,0.977,0.0054,0.9
9.239783738620683e-6,0.4980751398594934,0.582532020959617,1.0,1.0,0.0,1.0,0.977,0.0054,0.9
0.006968587943823624,0.5842444278248968,0.5848619812461413,1.0,1.0,0.0,1.0,0.977,0.0054,0.9
7.185305080769864e-5,0.5102765875380125,0.5828721148501377,1.0,1.0,0.0,1.0,0.977,0.0054,0.9
0.0015326850256312389,0.4567237638871173,0.5813263004177439,1.0,1.0,0.0,1.0,0.977,0.0054,0.9
3.0195594216251606e-7,0.5016511192273466,0.5826271261516017,1.0,1.0,0.0,1.0,0.977,0.0054,0.9
2.6389821043295774e-5,0.49545876317124005,0.5824509818465246,1.0,1.0,0.0,1.0,0.977,0.0054,0.9
0.017194616506402076,0.3382630060757551,0.5772617524276911,1.0,1.0,0.0,1.0,0.977,0.0054,0.9
0.0003666389137336566,0.4797567228971127,0.5819940947027306,1.0,1.0,0.0,1.0,0.977,0.0054,0.9
2.3819469148651338e-5,0.5064046375216243,0.5827629015634237,1.0,1.0,0.0,1.0,0.977,0.0054,0.9
1.1549736100675769e-5,0.504799964085948,0.5827176993558677,1.0,1.0,0.0,1.0,0.977,0.0054,0.9
1.34886223693468e-6,0.5018093293756799,0.582637068502973,1.0,1.0,0.0,1.0,0.977,0.0054,0.9
7.429962073779752e-7,0.5018890918990259,0.5826370737773879,1.0,1.0,0.0,1.0,0.977,0.0054,0.9
8.893341190287346e-6,0.5022085434957606,0.5826311156616548,1.0,1.0,0.0,1.0,0.977,0.0054,0.9
0.0003773667612638496,0.47943752672913825,0.5819856659322611,1.0,1.0,0.0,1.0,0.977,0.0054,0.9
1.751698713087889e-6,0.5016296196264602,0.5826331923481092,1.0,1.0,0.0,1.0,0.977,0.0054,0.9
7.627653775733092e-5,0.4914776394218454,0.5823381648117011,1.0,1.0,0.0,1.0,0.977,0.0054,0.9
0.01350598417512193,0.3588120197492067,0.5780860411775175,1.0,1.0,0.0,1.0,0.977,0.0054,0.9
9.215653440974546e-6,0.5033079454140567,0.5826856025521077,1.0,1.0,0.0,1.0,0.977,0.0054,0.9
2.837129841871047e-5,0.5068864349921968,0.5827765036143724,1.0,1.0,0.0,1.0,0.977,0.0054,0.9
0.00034829856475664795,0.48043338073452907,0.5820056862448786,1.0,1.0,0.0,1.0,0.977,0.0054,0.9
5.365911974781915e-6,0.5033459391728949,0.5826714505447499,1.0,1.0,0.0,1.0,0.977,0.0054,0.9
6.223612444294328e-6,0.498785061149185,0.5825403083515874,1.0,1.0,0.0,1.0,0.977,0.0054,0.9
0.000396779506949244,0.47887562992167354,0.5819692152557224,1.0,1.0,0.0,1.0,0.977,0.0054,0.9
7.595135501465483e-5,0.49149260858113186,0.582337612455955,1.0,1.0,0.0,1.0,0.977,0.0054,0.9
6.372172040137393e-5,0.5097033472947288,0.5828524458640394,1.0,1.0,0.0,1.0,0.977,0.0054,0.9
1.9773203270921816e-6,0.5010216504826986,0.5826166860211472,1.0,1.0,0.0,1.0,0.977,0.0054,0.9
6.906220848083095e-6,0.5039021697224724,0.5826945846871014,1.0,1.0,0.0,1.0,0.977,0.0054,0.9
2.2760037818964213e-6,0.5012290179119455,0.5826230480094617,1.0,1.0,0.0,1.0,0.977,0.0054,0.9
0.0006268135967362159,0.4730193237327788,0.5817950100413993,1.0,1.0,0.0,1.0,0.977,0.0054,0.9
8.481844303503658e-6,0.5008922634333192,0.582619925510159,1.0,1.0,0.0,1.0,0.977,0.0054,0.9
5.863713869364022e-6,0.49987189224375106,0.5825873529149095,1.0,1.0,0.0,1.0,0.977,0.0054,0.9
7.569439554222822e-6,0.5036849821254661,0.5826795460075773,1.0,1.0,0.0,1.0,0.977,0.0054,0.9
5.266975515440279e-7,0.5008292738262967,0.5826015973680949,1.0,1.0,0.0,1.0,0.977,0.0054,0.9
5.401594290787972e-5,0.49300954954485837,0.582381119540787,1.0,1.0,0.0,1.0,0.977,0.0054,0.9
0.035742130203681985,0.25625775072983004,0.5736095328585192,1.0,1.0,0.0,1.0,0.977,0.0054,0.9
1.30913555476975e-6,0.500161110755284,0.5825822133058765,1.0,1.0,0.0,1.0,0.977,0.0054,0.9
0.00037402809680941096,0.4795349837123868,0.5819893980546097,1.0,1.0,0.0,1.0,0.977,0.0054,0.9
1.3494272902507677e-5,0.4970725731650335,0.5824975054984768,1.0,1.0,0.0,1.0,0.977,0.0054,0.9
5.099269845731551e-6,0.5002567055602178,0.5825786360087063,1.0,1.0,0.0,1.0,0.977,0.0054,0.9
8.391437383963843e-6,0.49831192660005746,0.5825265113475431,1.0,1.0,0.0,1.0,0.977,0.0054,0.9
6.310471962129937e-7,0.5016706014450051,0.5826314475431238,1.0,1.0,0.0,1.0,0.977,0.0054,0.9
0.013612824601098934,0.3579939274315624,0.5780150440166151,1.0,1.0,0.0,1.0,0.977,0.0054,0.9
0.0006619824688040756,0.4722396819437405,0.581769083365494,1.0,1.0,0.0,1.0,0.977,0.0054,0.9
4.7248454120905885e-6,0.5019159226687995,0.5826450579908731,1.0,1.0,0.0,1.0,0.977,0.0054,0.9
5.062006983174439e-7,0.5008604373233287,0.5826025093741123,1.0,1.0,0.0,1.0,0.977,0.0054,0.9
1.5634862253002576e-5,0.49685028822920807,0.5824947380518688,1.0,1.0,0.0,1.0,0.977,0.0054,0.9
1.3073585000998366e-5,0.5050355548190132,0.5827241123936229,1.0,1.0,0.0,1.0,0.977,0.0054,0.9
7.4631203819767525e-6,0.4987263102807594,0.5825524354710306,1.0,1.0,0.0,1.0,0.977,0.0054,0.9
0.0008377520674709692,0.5317131952660759,0.583472541985761,1.0,1.0,0.0,1.0,0.977,0.0054,0.9
0.00023775003305003613,0.48397819757014054,0.5821188726575683,1.0,1.0,0.0,1.0,0.977,0.0054,0.9
2.5081992055307687e-5,0.4956008921681746,0.5824552630241153,1.0,1.0,0.0,1.0,0.977,0.0054,0.9
5.973347486761716e-6,0.5032867962771029,0.5826682264951566,1.0,1.0,0.0,1.0,0.977,0.0054,0.9
0.004041334223639857,0.4269326461787421,0.5803753907267346,1.0,1.0,0.0,1.0,0.977,0.0054,0.9
9.67544714172122e-6,0.4991298888362279,0.5825445514042376,1.0,1.0,0.0,1.0,0.977,0.0054,0.9
6.921339308434767e-5,0.4920869964644473,0.5823471091140862,1.0,1.0,0.0,1.0,0.977,0.0054,0.9
0.00014706296660984254,0.4876810434846531,0.5822268723873473,1.0,1.0,0.0,1.0,0.977,0.0054,0.9
8.14388103920738e-6,0.5028817753541184,0.5826523944088874,1.0,1.0,0.0,1.0,0.977,0.0054,0.9
0.012858024906186814,0.3624218177085111,0.5781770362406156,1.0,1.0,0.0,1.0,0.977,0.0054,0.9
9.669275686237441e-6,0.5003488362847333,0.5826050390945751,1.0,1.0,0.0,1.0,0.977,0.0054,0.9
1.245210556613242e-5,0.4972329560903518,0.5825024357899939,1.0,1.0,0.0,1.0,0.977,0.0054,0.9
0.005536948051497666,0.4133455771908886,0.5799406908540771,1.0,1.0,0.0,1.0,0.977,0.0054,0.9
0.010191369125501436,0.37902050455515035,0.5787709524161896,1.0,1.0,0.0,1.0,0.977,0.0054,0.9
0.009490225264624065,0.5965832122003187,0.5851724751188168,1.0,1.0,0.0,1.0,0.977,0.0054,0.9
2.578735241689327e-6,0.5020641947690954,0.5826460548266834,1.0,1.0,0.0,1.0,0.977,0.0054,0.9
6.928371526598092e-6,0.4996714707184316,0.5825611817071202,1.0,1.0,0.0,1.0,0.977,0.0054,0.9
0.002195604917154369,0.4473413658760725,0.5810242899233251,1.0,1.0,0.0,1.0,0.977,0.0054,0.9
0.0003886844427011632,0.4791198582097004,0.5819801502238046,1.0,1.0,0.0,1.0,0.977,0.0054,0.9
5.518175930959741e-5,0.49292214449016025,0.5823786629534585,1.0,1.0,0.0,1.0,0.977,0.0054,0.9
0.013823900870038852,0.35677373956900826,0.5779767347528265,1.0,1.0,0.0,1.0,0.977,0.0054,0.9
0.0001440495348904544,0.48782919513523365,0.5822331144942403,1.0,1.0,0.0,1.0,0.977,0.0054,0.9
0.00033450720726374593,0.5206880924102849,0.5831635424992816,1.0,1.0,0.0,1.0,0.977,0.0054,0.9
8.285598202696316e-5,0.49106047558254734,0.582324433287635,1.0,1.0,0.0,1.0,0.977,0.0054,0.9
7.034009091905509e-6,0.4988933874831687,0.5825415536569603,1.0,1.0,0.0,1.0,0.977,0.0054,0.9
0.0026093091230633813,0.5538597651881324,0.5840646496796571,1.0,1.0,0.0,1.0,0.977,0.0054,0.9
7.378063732429974e-6,0.5036694253316151,0.5826916770172159,1.0,1.0,0.0,1.0,0.977,0.0054,0.9
5.163406942299626e-6,0.5034827800063159,0.5826773412534088,1.0,1.0,0.0,1.0,0.977,0.0054,0.9
0.00031532054547730884,0.481373350731307,0.5820376683305359,1.0,1.0,0.0,1.0,0.977,0.0054,0.9
0.00015091821315695852,0.4875527866205586,0.5822280116542635,1.0,1.0,0.0,1.0,0.977,0.0054,0.9
0.0007511593644264878,0.4703105279966801,0.5817227503864152,1.0,1.0,0.0,1.0,0.977,0.0054,0.9
9.005547780399933e-5,0.5113492886641365,0.582900222273959,1.0,1.0,0.0,1.0,0.977,0.0054,0.9
7.720026812106635e-6,0.5027921920519923,0.5826711647017055,1.0,1.0,0.0,1.0,0.977,0.0054,0.9
8.42487030032578e-6,0.5031016912711873,0.5826590652725944,1.0,1.0,0.0,1.0,0.977,0.0054,0.9
0.0017702036533189362,0.4530896489692088,0.5811904122065128,1.0,1.0,0.0,1.0,0.977,0.0054,0.9
1.0161875863742621e-6,0.5020734332684343,0.5826423190043869,1.0,1.0,0.0,1.0,0.977,0.0054,0.9
1.7302941872848667e-5,0.4965371117322337,0.5824819477343609,1.0,1.0,0.0,1.0,0.977,0.0054,0.9
4.87745481438305e-7,0.5010704842357054,0.5826083950538057,1.0,1.0,0.0,1.0,0.977,0.0054,0.9
3.5498304997038396e-6,0.49910214200567554,0.5825533422900686,1.0,1.0,0.0,1.0,0.977,0.0054,0.9
3.2108019184578478e-6,0.5026307176847822,0.5826611150013832,1.0,1.0,0.0,1.0,0.977,0.0054,0.9
5.103339049563175e-6,0.503170368786103,0.5826657088093266,1.0,1.0,0.0,1.0,0.977,0.0054,0.9
6.508834730888233e-5,0.49221169981725105,0.5823579463881831,1.0,1.0,0.0,1.0,0.977,0.0054,0.9
1.15786025045084e-7,0.5010599760319351,0.5826128664042026,1.0,1.0,0.0,1.0,0.977,0.0054,0.9
6.068690842386005e-7,0.5016364583960902,0.5826305046675931,1.0,1.0,0.0,1.0,0.977,0.0054,0.9
2.412759677362045e-5,0.49737593991159573,0.5825226073657849,1.0,1.0,0.0,1.0,0.977,0.0054,0.9
7.534811689416468e-6,0.49830718474966823,0.5825374689669819,1.0,1.0,0.0,1.0,0.977,0.0054,0.9
3.326378407242023e-6,0.5030164288546098,0.5826647017774078,1.0,1.0,0.0,1.0,0.977,0.0054,0.9
0.0007291653113305522,0.4707497546164054,0.5817317845190333,1.0,1.0,0.0,1.0,0.977,0.0054,0.9
6.276655666161646e-5,0.4925239258312945,0.5823599716644681,1.0,1.0,0.0,1.0,0.977,0.0054,0.9
1.478006745858554e-5,0.5052830585702008,0.5827315031331415,1.0,1.0,0.0,1.0,0.977,0.0054,0.9
6.008611922382635e-5,0.5056714467566347,0.582712558243211,1.0,1.0,0.0,1.0,0.977,0.0054,0.9
6.535120962267691e-6,0.4993310753766032,0.5825528703184467,1.0,1.0,0.0,1.0,0.977,0.0054,0.9
1.0292160181294665e-5,0.5045645378753927,0.5827089875369502,1.0,1.0,0.0,1.0,0.977,0.0054,0.9
1.812468013860023e-6,0.5024460090180759,0.5826482591104699,1.0,1.0,0.0,1.0,0.977,0.0054,0.9
2.777768200902004e-6,0.49974995945502115,0.5825688042257535,1.0,1.0,0.0,1.0,0.977,0.0054,0.9
7.167428620934675e-6,0.5039645906601313,0.5826915440202091,1.0,1.0,0.0,1.0,0.977,0.0054,0.9
1.0217505920153241e-6,0.5016641640866131,0.5826245100211713,1.0,1.0,0.0,1.0,0.977,0.0054,0.9
0.001573762530262147,0.4559168675211634,0.5812847507241966,1.0,1.0,0.0,1.0,0.977,0.0054,0.9
2.3382638238310815e-5,0.50635588104006,0.5827617857192926,1.0,1.0,0.0,1.0,0.977,0.0054,0.9
0.00012194470682853125,0.48889684481030876,0.582261126100057,1.0,1.0,0.0,1.0,0.977,0.0054,0.9
5.952654063935561e-7,0.50049469666413,0.5825927334830047,1.0,1.0,0.0,1.0,0.977,0.0054,0.9
1.5189420778736573e-7,0.5013081287472864,0.5826168071094929,1.0,1.0,0.0,1.0,0.977,0.0054,0.9
2.9780674353854183e-6,0.5029807413903675,0.5826655621323713,1.0,1.0,0.0,1.0,0.977,0.0054,0.9
6.0624695150997056e-6,0.5036884106610439,0.582683047816094,1.0,1.0,0.0,1.0,0.977,0.0054,0.9
9.38778199145663e-5,0.5088479997620874,0.5828023525568986,1.0,1.0,0.0,1.0,0.977,0.0054,0.9
0.0006172843963121194,0.4732579665579748,0.5818090653493591,1.0,1.0,0.0,1.0,0.977,0.0054,0.9
0.001170540475335181,0.46235728027959555,0.5814816600947573,1.0,1.0,0.0,1.0,0.977,0.0054,0.9
0.00046671555782228455,0.476954792399659,0.581914623089478,1.0,1.0,0.0,1.0,0.977,0.0054,0.9
0.0001979195438194762,0.48550046213223813,0.5821633973845315,1.0,1.0,0.0,1.0,0.977,0.0054,0.9
4.62851250383199e-6,0.502641943475743,0.5826637626894334,1.0,1.0,0.0,1.0,0.977,0.0054,0.9
3.5723385607260248e-6,0.5014897902579739,0.5826150074376851,1.0,1.0,0.0,1.0,0.977,0.0054,0.9
0.00041212404544072067,0.47846408209365704,0.5819533250769,1.0,1.0,0.0,1.0,0.977,0.0054,0.9
8.352932537752585e-6,0.500342173398106,0.582577923613831,1.0,1.0,0.0,1.0,0.977,0.0054,0.9
1.9975366258266724e-5,0.49620705748292454,0.5824712340309686,1.0,1.0,0.0,1.0,0.977,0.0054,0.9
3.283693214902007e-6,0.5020418774652903,0.5826465805413341,1.0,1.0,0.0,1.0,0.977,0.0054,0.9
0.00019045678907097624,0.4861527493270607,0.5821686005356227,1.0,1.0,0.0,1.0,0.977,0.0054,0.9
3.066017813698419e-6,0.5028816541031127,0.5826660266807743,1.0,1.0,0.0,1.0,0.977,0.0054,0.9
0.01693274548322474,0.33963404660676577,0.5773231797183548,1.0,1.0,0.0,1.0,0.977,0.0054,0.9
4.296036767485278e-5,0.5082107242149528,0.582814021957216,1.0,1.0,0.0,1.0,0.977,0.0054,0.9
1.1517237587528978e-5,0.49738099057679397,0.5825060202546632,1.0,1.0,0.0,1.0,0.977,0.0054,0.9
4.9735386356862114e-6,0.501574366059648,0.5826360193341491,1.0,1.0,0.0,1.0,0.977,0.0054,0.9
3.460193892767794e-5,0.49463528278032076,0.5824278955460116,1.0,1.0,0.0,1.0,0.977,0.0054,0.9
2.1686158926399367e-6,0.4998470702947355,0.5825724746506095,1.0,1.0,0.0,1.0,0.977,0.0054,0.9
3.5312829742496336e-6,0.5022456620726145,0.5826522124313093,1.0,1.0,0.0,1.0,0.977,0.0054,0.9
4.0692957427063714e-6,0.5027945711236822,0.5826665597352498,1.0,1.0,0.0,1.0,0.977,0.0054,0.9
0.0005249496102912687,0.47545614317576784,0.581868408327825,1.0,1.0,0.0,1.0,0.977,0.0054,0.9
0.015179242597620891,0.34912603209847054,0.5776811370630233,1.0,1.0,0.0,1.0,0.977,0.0054,0.9
1.2218641627123191e-5,0.497269113578469,0.5825033859793215,1.0,1.0,0.0,1.0,0.977,0.0054,0.9
2.438501955458032e-5,0.4956783426323383,0.5824576282430901,1.0,1.0,0.0,1.0,0.977,0.0054,0.9
2.868036829642853e-7,0.5012346848159633,0.582613883659816,1.0,1.0,0.0,1.0,0.977,0.0054,0.9
1.3143535889005104e-6,0.5019366139004973,0.5826401833152101,1.0,1.0,0.0,1.0,0.977,0.0054,0.9
7.366523301582374e-6,0.5039358841893935,0.5826895227850286,1.0,1.0,0.0,1.0,0.977,0.0054,0.9
0.0012503488859968463,0.4610524583028955,0.581447917359755,1.0,1.0,0.0,1.0,0.977,0.0054,0.9
2.932168625331842e-7,0.5014968538024757,0.5826218954835211,1.0,1.0,0.0,1.0,0.977,0.0054,0.9
4.485232386754373e-6,0.5028231303252403,0.5826549870313529,1.0,1.0,0.0,1.0,0.977,0.0054,0.9
1.5026210609712012e-6,0.5021265988886982,0.5826452804578569,1.0,1.0,0.0,1.0,0.977,0.0054,0.9
8.519701391204605e-6,0.5004967590313911,0.5826084829451837,1.0,1.0,0.0,1.0,0.977,0.0054,0.9
6.0453374341573275e-6,0.5030836675671894,0.5826612748856853,1.0,1.0,0.0,1.0,0.977,0.0054,0.9
0.00039484052108284396,0.47895924209142204,0.5819771317101863,1.0,1.0,0.0,1.0,0.977,0.0054,0.9
1.6073474784971684e-6,0.50076191349627,0.582608484198766,1.0,1.0,0.0,1.0,0.977,0.0054,0.9
3.201589204780758e-7,0.5005778418265585,0.5825961850231284,1.0,1.0,0.0,1.0,0.977,0.0054,0.9
0.00027633680138903366,0.482619919801336,0.5820808810169658,1.0,1.0,0.0,1.0,0.977,0.0054,0.9
5.296617266500141e-7,0.5017221526122747,0.582632246369662,1.0,1.0,0.0,1.0,0.977,0.0054,0.9
2.8020673948550085e-6,0.5024813406586459,0.5826567820174977,1.0,1.0,0.0,1.0,0.977,0.0054,0.9
2.1188869232879245e-6,0.4995730255515837,0.582570813043273,1.0,1.0,0.0,1.0,0.977,0.0054,0.9
5.328419801396917e-6,0.5021292456663952,0.5826514237266387,1.0,1.0,0.0,1.0,0.977,0.0054,0.9
3.571222852586462e-6,0.499202307658195,0.5825548794407291,1.0,1.0,0.0,1.0,0.977,0.0054,0.9
0.0001818242525320826,0.48615757037488294,0.5821824187851385,1.0,1.0,0.0,1.0,0.977,0.0054,0.9
6.74781189502014e-6,0.4984167781687961,0.5825398890565592,1.0,1.0,0.0,1.0,0.977,0.0054,0.9
0.00012790955330346817,0.48859679124213845,0.5822538451594474,1.0,1.0,0.0,1.0,0.977,0.0054,0.9
4.774044579238263e-6,0.5020052574508023,0.582628922140797,1.0,1.0,0.0,1.0,0.977,0.0054,0.9
0.00011655139634620504,0.4891710911722113,0.5822697585244085,1.0,1.0,0.0,1.0,0.977,0.0054,0.9
0.00038115122033488937,0.521980785547014,0.5831985958747959,1.0,1.0,0.0,1.0,0.977,0.0054,0.9
0.0001026280803746914,0.4899147497595688,0.5822920190492898,1.0,1.0,0.0,1.0,0.977,0.0054,0.9
0.00037854654531350323,0.47940245036286155,0.581985116507287,1.0,1.0,0.0,1.0,0.977,0.0054,0.9
8.050167165196835e-6,0.5038736552225715,0.5826855462429439,1.0,1.0,0.0,1.0,0.977,0.0054,0.9
0.0002325768147059168,0.48417369202070987,0.5821266675953386,1.0,1.0,0.0,1.0,0.977,0.0054,0.9
7.23138963245517e-6,0.4981552039651083,0.5825284729166932,1.0,1.0,0.0,1.0,0.977,0.0054,0.9
2.084802501844085e-6,0.5012301950332273,0.5826227820272055,1.0,1.0,0.0,1.0,0.977,0.0054,0.9
8.28354937341892e-7,0.5002095622795362,0.5825852134359796,1.0,1.0,0.0,1.0,0.977,0.0054,0.9
1.044964282397063e-5,0.49766641150016316,0.5825181270631159,1.0,1.0,0.0,1.0,0.977,0.0054,0.9
7.666175591408398e-5,0.49144661632158687,0.5823356253509065,1.0,1.0,0.0,1.0,0.977,0.0054,0.9
0.00015959079751414588,0.4871365016310592,0.5822076333915296,1.0,1.0,0.0,1.0,0.977,0.0054,0.9
9.791798529988025e-5,0.49021874610122596,0.5823043764613992,1.0,1.0,0.0,1.0,0.977,0.0054,0.9
7.961386482891923e-6,0.49859564105677767,0.582548659094356,1.0,1.0,0.0,1.0,0.977,0.0054,0.9
5.071321842484383e-6,0.5025957701962029,0.5826632063920102,1.0,1.0,0.0,1.0,0.977,0.0054,0.9
3.4376062374829024e-6,0.502261697082992,0.5826524819142725,1.0,1.0,0.0,1.0,0.977,0.0054,0.9
2.392369852381363e-6,0.5014468627484396,0.5826292918472228,1.0,1.0,0.0,1.0,0.977,0.0054,0.9
9.568246815592013e-6,0.5044509964864418,0.5827061981618955,1.0,1.0,0.0,1.0,0.977,0.0054,0.9
9.057927760680917e-6,0.503723023061419,0.582695293830719,1.0,1.0,0.0,1.0,0.977,0.0054,0.9
8.024706754736711e-6,0.4979998994230966,0.5825234510179493,1.0,1.0,0.0,1.0,0.977,0.0054,0.9
6.786629610823414e-5,0.5100206797065565,0.5828648677038034,1.0,1.0,0.0,1.0,0.977,0.0054,0.9
6.472989282867796e-6,0.5025971996003139,0.5826648806447484,1.0,1.0,0.0,1.0,0.977,0.0054,0.9
4.583676857498697e-6,0.503257856647644,0.5826700589023789,1.0,1.0,0.0,1.0,0.977,0.0054,0.9
5.917421493533028e-6,0.503172377957554,0.5826644183567895,1.0,1.0,0.0,1.0,0.977,0.0054,0.9
6.740153121214667e-5,0.49205437094411536,0.5823528221993718,1.0,1.0,0.0,1.0,0.977,0.0054,0.9
2.098242993788413e-6,0.4995325302284785,0.5825687171372829,1.0,1.0,0.0,1.0,0.977,0.0054,0.9
2.9731834672594652e-5,0.49511651747582686,0.5824425708701195,1.0,1.0,0.0,1.0,0.977,0.0054,0.9
