0.20326946280188848,0.30808100998016286,0.47569152653042523,0.6178665200606762,2.3545939201481354,0.3
0.15156194852728802,0.3380788125488952,0.4226478916636988,0.5767272483922872,3.0895872076032918,0.3
0.10471264702757138,0.3927242289203622,0.564400954592945,0.5493977715908044,3.8873088727399616,0.3
0.12389871853204398,0.408108165436208,0.38367168872749896,0.5754805807742278,3.0790749482253212,0.3
0.21122602129216592,0.34914312919013857,0.7909824995777223,0.5623206116613533,3.7020042717109436,0.3
0.329803434774059,0.2737179371699274,0.5444635586043342,0.7264997021143527,1.215094470907329,0.3
0.26441793184826184,0.3482352229510628,0.741545763018891,0.792537314871857,0.8714180154256349,0.3
0.27672784353740987,0.26697992826326317,0.07272225722525097,0.5419038870924283,3.592746706847284,0.3
0.28235576591972816,0.2799947488155524,0.45389708807415297,0.6597985268037672,1.7823809247821056,0.3
0.19039681939576375,0.39691546220711454,0.03514839577465863,0.5717269239724602,2.831249101091959,0.3
0.5911928191835484,0.1924910677210592,0.05053762790259901,0.7227978994102618,1.0913321340426487,0.3
0.159992814627763,0.3897377349019089,0.16292150756556123,0.5539459115895875,3.391853222774365,0.3
0.1390020293819516,0.43962587742607784,0.7265347894558866,0.7153115667963443,1.3275838087331737,0.3
0.5625064930786615,0.16648320669769756,0.7228212131696096,0.6389816767293084,2.1459746144279754,0.3
0.6255131414870423,0.14914033844952032,0.6663571249278086,0.7533068981993679,1.0746212200145397,0.3
0.25403396753774454,0.3178278456349714,0.3774878553813424,0.681596500537746,1.5317435158200097,0.3
0.19431391809461246,0.4016891354637259,0.002938508863313008,0.5622486162710435,2.978396785482299,0.3
0.8915768511737575,0.08550759411596019,0.11253648362396192,0.7503579447283819,0.9592487678519261,0.3
0.22085606444123776,0.2781454338487054,0.6643971152296403,0.576872079693896,3.2774351152865324,0.3
0.1789023748161585,0.4323147963192328,0.14758935937062023,0.6329174636021879,1.9461569928514917,0.3
0.4113522828609484,0.279115991247927,0.6993351252389719,0.886234690624258,0.5395340645976215,0.3
0.6280146188968654,0.15355847201075168,0.201938286616703,0.682081120496917,1.4699057452966144,0.3
0.2114412497511107,0.37735628582819547,0.4379779425167788,0.7355892884284624,1.1256615823768912,0.3
0.7109622481248103,0.11304828769750287,0.2410319621782399,0.6372394859184685,1.9695562268559776,0.3
0.1495100846861281,0.3866429973740816,0.20451616965250932,0.542691067114042,3.7461675422167464,0.3
0.3624133844105058,0.23696892441179704,0.7561268804782956,0.6248894843663344,2.3747531407061855,0.3
0.21368158763974657,0.4112898664615872,0.08354327592225375,0.6676315989450021,1.5251521494957816,0.3
0.5404825380282481,0.48996165085965787,0.9135164433635689,0.6492915874188597,2.045081937009184,0.3
0.18214672756617964,0.40168038750539464,0.06548494821601077,0.5677239955085687,2.946649029835287,0.3
0.19690146681416365,0.3453493069993393,0.36125806648194686,0.6441101771428834,1.930237703891467,0.3
0.20074835700155252,0.3470286222555486,0.10575789809843203,0.5669559011685406,3.007187025003433,0.3
0.32579761001823004,0.23334762921357521,0.7515707796287815,0.5693015954096003,3.5192719461490074,0.3
0.18059266530475737,0.3952897436049158,0.10825771344885232,0.5874406946403967,2.6084923824869373,0.3
0.18486675760985988,0.41257950260322035,0.04932449641454582,0.5670294939748245,2.938891307292177,0.3
0.16575509895304447,0.37882274026077445,0.11560361059154184,0.5351642099745201,3.847211668261746,0.3
0.44189487260839916,0.20796840212890041,0.15546011855729552,0.6173595249388744,2.1883261580537945,0.3
0.5825505016220015,0.1908149289959913,0.5616351720156263,0.8534683787540306,0.6186875734863055,0.3
0.4757159125302527,0.2775776221479603,0.8720461529943775,0.6302207517272587,2.3375393586983795,0.3
0.13149051636530462,0.4733942787561668,0.5861470833739266,0.5600682117073916,3.5720477147426792,0.3
0.23840729143465875,0.35993256624946657,0.18080997143078503,0.6750823011272714,1.5076122508581509,0.3
0.18179498188662982,0.39153462212460177,0.052519873330855116,0.5513124948436375,3.3137959307964495,0.3
0.8441725177466828,0.07657773179048658,0.010868633116681532,0.5694173105621438,2.873266688054079,0.3
0.25546395323824134,0.33000224808963075,0.23591830997594948,0.6451378647165557,1.8377577324737295,0.3
0.18514931161034326,0.43163767751986803,0.06205641197269842,0.581218046971432,2.6676611384198154,0.3
0.18952542948056025,0.39270429808848195,0.038639657917512116,0.5677227591989693,2.9095815616402985,0.3
0.17157339365940663,0.35055243942551784,0.4503248926371699,0.6363403528068511,2.0670550262423695,0.3
0.19602352616118476,0.40608561846629526,0.005635121486287014,0.5737529669854134,2.7445360510228607,0.3
0.27689381393543006,0.3144240532167791,0.8023055395793011,0.6471082786259261,2.0642753280084922,0.3
0.3301889612158601,0.27773714024664814,0.08252598048324511,0.595373911261997,2.4234382446384957,0.3
0.20165052512113865,0.3923474689411042,0.6532155443671371,0.7960299773275515,0.8389253468549891,0.3
0.3450016898035392,0.20184339948364718,0.4125054412628131,0.5492287687240862,3.836664066690895,0.3
0.1155985581888138,0.3727637359979667,0.5104459155660761,0.570853506269233,3.2844269096363226,0.3
0.1233566583033154,0.3802629508081526,0.4136320448173184,0.5690650709010017,3.253335491567812,0.3
0.1587127715055978,0.4107641889998526,0.17390482503337906,0.5621855800831134,3.1987118992272223,0.3
0.31603690941793705,0.23737039425711212,0.4868914075513705,0.607057833238343,2.5428309918055887,0.3
0.20770353979088585,0.3821634352071979,0.4272980438942746,0.7252660871944161,1.18352676282327,0.3
0.10946778730692096,0.42043817317068355,0.5498208046089409,0.5931968940587095,2.8038231584689655,0.3
0.5719252169963023,0.2253686308565004,0.33674136270894367,0.8859345930877486,0.5062776526227735,0.3
0.3830048517521454,0.2961233865997599,0.0821123256463968,0.7286974812353285,1.0637555129362593,0.3
0.8501105750725239,0.10826354488865768,0.32209803088909733,0.8946215782964998,0.48576036316560806,0.3
0.12271529783528343,0.3793573147046533,0.6778131039212557,0.5691260111344326,3.4337768670597444,0.3
0.3297942321821683,0.3165216454039287,0.5684508960640858,0.8322519082655987,0.6874467925113,0.3
0.31339250737651,0.39247823560347284,0.17224906955669506,0.8058622212772587,0.7107802927050418,0.3
0.37501122735597786,0.2782843634388079,0.37854810574955544,0.7582241900862569,0.9804695210542522,0.3
0.14425216250378045,0.38372854180212823,0.31250356207741853,0.5850057432192566,2.8309354186067095,0.3
0.21532136876270497,0.3609082243082523,0.2817698892353525,0.6726524627225294,1.5760448958992919,0.3
0.17236584090217513,0.3741923471059013,0.7306273303858565,0.6745733810973583,1.7052256398531758,0.3
0.1597756369996981,0.35567628829297443,0.19011278757988373,0.5424178187287356,3.7465830645520297,0.3
0.24004449267906575,0.3660298227550077,0.17229325619833213,0.6464011113991219,1.7783657348494035,0.3
0.18614271981580946,0.4553536741928875,0.149942940734712,0.6759947442572802,1.4741146478062979,0.3
0.26532310043589313,0.2843214610682822,0.5091617549278811,0.6567977191995247,1.8461152204940618,0.3
0.4734571665910335,0.21232681178499915,0.7784219705757792,0.7191368206105497,1.3256715686630307,0.3
0.1736647144798464,0.3920058895602662,0.09927265391412468,0.55800370133621,3.2124117428195422,0.3
0.14520749014652223,0.4003716690952459,0.31132201887613625,0.6012499510554481,2.520819544969775,0.3
0.20472401116002106,0.32501740769644527,0.044183731640102336,0.5359448337294651,3.7290597244086703,0.3
0.11767516217450226,0.3852615876446626,0.5654348096883282,0.6004995164117707,2.6851403770763036,0.3
0.5690062866471234,0.16514893719093673,0.430313891061477,0.6935676438179263,1.4416814166347829,0.3
0.1680529438111861,0.390542410258259,0.13012445477645554,0.55991314584819,3.2079177335629145,0.3
0.12876036902698915,0.41561439413329215,0.34983047110857035,0.5726679450816589,3.1118879836679447,0.3
0.17341093079946945,0.3996568190670302,0.10607919853361363,0.5661576207745487,3.0345212160224153,0.3
0.23880456374911446,0.3484565541002257,0.33396271521974435,0.6877444157177612,1.4475271619150947,0.3
0.3157364005761985,0.255306549191713,0.6684757158566936,0.66106328433573,1.844984750442276,0.3
0.19436921009761474,0.36077002725496343,0.7775370175381541,0.6017413048378715,2.7823707335516543,0.3
0.10809240310491856,0.45346400842465945,0.5922016922953577,0.6403219582740292,2.0560738468848783,0.3
0.14598357071354506,0.3868654274547905,0.2382384158809886,0.5535780835347807,3.4893600509999514,0.3
0.1227097908557712,0.4208712681968471,0.40478037769425845,0.5754018090511853,3.0828943454361086,0.3
0.24472476922222086,0.32893468042239626,0.19464547611555755,0.6406371188343033,1.8854563535659143,0.3
0.298242261236021,0.2746621565704259,0.3156394151273821,0.6201679936496618,2.221421993734722,0.3
0.16360846014130845,0.36795999773840793,0.22250621785659236,0.5636414581136601,3.205924848053411,0.3
0.39346209796077675,0.2352387674001104,0.47928598978492665,0.7011174213058836,1.3956442491198384,0.3
0.12481467987710591,0.3716372121733622,0.42480638758213896,0.5680954383360828,3.2951216857696846,0.3
0.16578335305412412,0.3741688732863475,0.1283532229066729,0.5414539779504427,3.6838128998954214,0.3
0.2368031055632257,0.3163044911373375,0.7873433780262082,0.5827713524362462,3.1925052628494974,0.3
0.14137068386495993,0.41443594625680835,0.32547687969859784,0.6104144738277549,2.3766832428401385,0.3
0.17521467127834744,0.3602818476352072,0.2883405030745945,0.6104442511112609,2.361823499481384,0.3
0.1674414334656152,0.3770310651936477,0.44869196656024124,0.6655235845680287,1.7150567225893534,0.3
0.1126282515863511,0.4214840921251787,0.514838514046453,0.612052850782517,2.449867440980909,0.3
0.1429779991491066,0.41583339154498783,0.30052914825490185,0.6014390455698733,2.510258639237261,0.3
0.10533665679392012,0.4075108243545999,0.5654606068236647,0.5675010909199668,3.391763351899058,0.3
0.21984683526548374,0.34142638355625693,0.3740743753517964,0.6745185543271043,1.5965762622628963,0.3
0.13459534959527134,0.371971043396527,0.3416198949238893,0.5586296196396939,3.4486897965040604,0.3
0.10667165333766238,0.42980654419322406,0.5587326076431881,0.5900133509041856,2.877218401613505,0.3
0.31408357812737236,0.25387991171381435,0.6890078188554478,0.651436673117861,1.9704034287176437,0.3
0.15783866444492783,0.374637974324967,0.6925119909076155,0.6567872490251715,1.89994657098713,0.3
0.16996947652891556,0.393210941564216,0.2135257517297831,0.6114152890891893,2.293436823850824,0.3
0.12035517007363537,0.39721875131455586,0.4569030244009574,0.5936972611692826,2.750964641465426,0.3
0.189558207402348,0.3851592746521011,0.033664470355319054,0.5569584865616434,3.1356100423247373,0.3
0.1085891974212064,0.3944250362681234,0.6226225574084177,0.5641748071644194,3.5193702990756073,0.3
0.10920686412504554,0.39370177671278356,0.5781389379910755,0.582828147257579,3.0474829554873564,0.3
0.17289863624066512,0.39190710600739403,0.10420810789443904,0.5584711212434916,3.215496021390828,0.3
0.16784020730289714,0.39684419376415603,0.1907288227872818,0.5809609630651462,2.7922469625599375,0.3
0.1121133706868043,0.4397183091204136,0.6088369887639553,0.5665952095339427,3.431945078970157,0.3
0.1595254855766756,0.3879980450293594,0.15178675910571554,0.5423985376869053,3.6864472164129225,0.3
0.3882041657371032,0.22253096320104768,0.6734280258391973,0.6742210501194011,1.7055910978462239,0.3
0.11507136867206173,0.42017078144541087,0.6425496112059937,0.6376444578263324,2.1177738561407047,0.3
0.15346590146865666,0.37398576187860455,0.22009429443505524,0.5572145921229722,3.3784865046105943,0.3
0.45488985475253085,0.22619059081167625,0.24235041630086274,0.6902075031723068,1.402488636794302,0.3
0.11538730130087577,0.394777793870886,0.4708791648165478,0.5752837213563451,3.1411874588759003,0.3
0.20078728803728726,0.38318686818334513,0.18538505148622694,0.6489665048880012,1.7769697701887868,0.3
0.15604077807678854,0.39382189399971795,0.24552834447862493,0.593276388685902,2.624607803130162,0.3
0.21603474926094882,0.3260808661724126,0.35395809590299265,0.6394630697673275,1.9853809541704839,0.3
0.10781639982686238,0.4263673345545595,0.5544515507229737,0.6002718932197795,2.6737537405985243,0.3
0.1582051011350945,0.37712117319547106,0.2689471280572538,0.5912799026657081,2.676476747482693,0.3
0.2580260936668524,0.32436078240165234,0.18690776271028361,0.649530265492321,1.780840246809698,0.3
0.21519635411286736,0.34123106450871743,0.07273292882704391,0.5805200666494585,2.707587658279465,0.3
0.10895880611773733,0.39728110066161315,0.4991840543620303,0.5657097547006078,3.3963137726050006,0.3
0.4379125031684605,0.19729049252245573,0.4083287599935894,0.6376055792504474,2.0529293662101042,0.3
0.3700398016569615,0.24702046613743142,0.38499552503884404,0.6812856009870395,1.5408193054100447,0.3
0.11034447038205245,0.4378439693687794,0.6463195773394119,0.627181473450525,2.2685524986293077,0.3
0.16092290060710318,0.4349148364543798,0.30523012863138466,0.6736317235812326,1.5676940035314362,0.3
0.4622215916509578,0.18968294122925752,0.6265368034217255,0.6750093977088025,1.6857383947404396,0.3
0.18081647591981043,0.4146343621581958,0.11973258512158992,0.6102711360366874,2.237744658793508,0.3
0.21507602123913738,0.32320050052124244,0.27963390099724544,0.6141243585583469,2.302426089876997,0.3
0.16504828042615716,0.323201129752136,0.6371090979052387,0.5981584149646564,2.7830463938602845,0.3
0.4110537097423003,0.20883219372641723,0.5864041286323741,0.6661719770337304,1.7671296837424406,0.3
0.17237557988636595,0.32228462647349754,0.7149452689193112,0.5691536130497009,3.474286666298669,0.3
0.15434123558822155,0.37151618028782896,0.19103201522509994,0.5425316113538288,3.738163210133817,0.3
0.107304239518111,0.40799431863340735,0.5760528142573919,0.5888532330715753,2.9153455294897146,0.3
0.25295556263967817,0.32234964371438224,0.09867540087015694,0.6142195036532722,2.1698508826985137,0.3
0.20067233769201057,0.3372806881072372,0.3647558661107271,0.638265787998674,2.0074731368430254,0.3
0.10505994621796165,0.4008161750245592,0.5452766790290392,0.5552276872584034,3.7019487959112425,0.3
0.1263107550811872,0.38921486087450835,0.45156480099588037,0.6010607789186316,2.613491184096339,0.3
0.11239561868183728,0.44136549565331995,0.5556930364466246,0.5621179037859866,3.509527292052004,0.3
0.10651139044514267,0.42427364042034,0.5608815633674787,0.5903167571316479,2.8722636005991684,0.3
0.13802931478615474,0.37725976199330663,0.6800113526438104,0.6266957613386005,2.3002490483817444,0.3
0.12022065794148688,0.3747548333762364,0.6208199607239611,0.592011820850869,2.8857134093446586,0.3
0.3684563497096808,0.22236676114108972,0.5401856130086892,0.6458400158112451,1.9921069194779568,0.3
0.1408170564807925,0.39189552568352476,0.2609693527473423,0.5518825475247777,3.5542119299106223,0.3
0.18038597085077918,0.3415414592764924,0.468018055136871,0.6401241929881898,2.025605086967026,0.3
0.10455300627522984,0.39282687170319064,0.5558249855870933,0.5478628145785865,3.9242662025606805,0.3
0.14501323077489353,0.3803522385283058,0.2807486754907381,0.5697968255938658,3.133926009901784,0.3
0.16799495262372743,0.32042688701615224,0.5879383054107923,0.5984731225379979,2.746222136458472,0.3
0.1519187985323671,0.38109657184499424,0.23490629472138136,0.5663517492887847,3.171444055299894,0.3
0.12910026041859823,0.3833206236274167,0.40213795648234124,0.5839432653602535,2.9173630524467025,0.3
0.14725167513163698,0.3708625283042532,0.7200116550292699,0.6012799394283527,2.755225345129152,0.3
0.12852369916115622,0.38791248327577105,0.32520759759720363,0.5443553036235677,3.829912217491324,0.3
0.10631264691554913,0.39952085597383735,0.5547342436115978,0.570990649322684,3.302458887746418,0.3
0.13327317246213277,0.3767207433018823,0.4993909116939052,0.6162413502920479,2.383557745917108,0.3
0.11841322500242962,0.44090069186328384,0.4799759480546387,0.6359495705192107,2.0714311494725295,0.3
0.1522800018435045,0.36444608261898037,0.2615017794959259,0.5637847687818357,3.2610807638597814,0.3
0.12872127555365037,0.3642063873226499,0.5280427245508741,0.5927747863409704,2.8262950813324266,0.3
0.33078893327174463,0.2389662754011369,0.4500522133425476,0.6264639583612543,2.2154644349911896,0.3
0.10722336699834542,0.4274770366791962,0.6111932520481876,0.603710657353613,2.6418704117601033,0.3
0.14761421771051758,0.4567457784207041,0.2807505262816814,0.606589706094842,2.4001779987776763,0.3
0.1265473733202159,0.4285778978399529,0.37556389983031363,0.5853109366977729,2.858375827705567,0.3
0.11272600841549081,0.40288960227399295,0.5803424850817701,0.6086217884832869,2.543122651565193,0.3
0.13235762909413704,0.43755479050558643,0.3854823024746495,0.6300549718873851,2.107340636878426,0.3
0.21012696118617777,0.2999970993527377,0.5180503549044765,0.616057190371871,2.401988958193284,0.3
0.2802917738087071,0.2676921082256292,0.6389884368343264,0.6452169182591666,2.041915587448854,0.3
0.10572830410417663,0.3892371057660672,0.52136254338119,0.5465562806725824,3.9333325679178586,0.3
0.12067942788157437,0.3944721867351828,0.6814181733569503,0.5814237150281556,3.140484681245527,0.3
0.19296149928792902,0.34151148145998717,0.2575370145263596,0.5909180519949581,2.6667143887457883,0.3
0.10730221097638189,0.4106532079803204,0.6170044086078008,0.5689417495460635,3.390012448849493,0.3
0.11982814093238774,0.4298347624639624,0.6893906204003831,0.642768481336778,2.0639732783106712,0.3
0.15406827150889177,0.38733456776031994,0.21609217623757795,0.5659548929893135,3.155701168313019,0.3
0.27932701493560036,0.2541541436449401,0.6123581904155222,0.6190109113582731,2.4096585504758377,0.3
0.13953013156558908,0.42219660606413256,0.36276277028871157,0.6316144868285468,2.0798958737846123,0.3
0.16134661582495083,0.34945561451538,0.3810750004611597,0.5985988323055736,2.6202492942645437,0.3
0.17025358268294233,0.3966875269800666,0.11833809241433631,0.5621634115402165,3.1429014895430787,0.3
0.18802752907470233,0.35225834783528487,0.7582845951598988,0.6223393820014022,2.4080482529510374,0.3
0.19267438074199883,0.3588573576459736,0.2094238067247725,0.6120750296543495,2.283560566651833,0.3
0.11303105476369664,0.3971082519679202,0.4448873576289397,0.5569081484436679,3.580226255798325,0.3
0.10513682012132923,0.4042449420100156,0.5654833846864797,0.5630967942804539,3.50539142654327,0.3
0.1071068527049105,0.41421161644924,0.5206175284189417,0.5577985613650571,3.6080737601631894,0.3
0.17031635583637056,0.33935314184761284,0.5655624590807531,0.6373249253809357,2.1054203547191555,0.3
0.16690172560406458,0.3792115278663476,0.1371420595967491,0.5535128376724315,3.374651040985672,0.3
0.15788016433903043,0.34367084249854535,0.33870162696040557,0.5757585164101648,3.0599730925924646,0.3
0.1725778875291848,0.3366562627223502,0.5240700176201223,0.6310001740906491,2.1766419027367787,0.3
0.11405070348006802,0.38666184622462646,0.6189794724318507,0.5867858554565403,2.9928795565534205,0.3
0.10782681018567081,0.4331131391546044,0.5399512955331154,0.5887363154451015,2.8923728271183777,0.3
0.10654909670324667,0.3800785251653275,0.5903814706217551,0.5477175273969468,3.9590763812466054,0.3
0.10608862383861455,0.4171176427644012,0.590989245292196,0.5841892389530349,3.0197364011916212,0.3
0.19994540374279868,0.31574545427339296,0.6707783152035101,0.6359699272990652,2.168789133346353,0.3
0.1671698273182848,0.4293918551425933,0.7673997064044971,0.57976621420162,3.2122719498175627,0.3
0.11372345607907185,0.4147497229111638,0.4736227900405747,0.5847792296554147,2.9327467852614433,0.3
0.1308330823161386,0.38323908793635714,0.3293516577490509,0.5547228303793257,3.5451524425021943,0.3
0.12146798126225937,0.36226784169512577,0.5574326777333588,0.5796247529048558,3.116600038821596,0.3
0.13959275192867016,0.4061918639631978,0.30316485990914055,0.5825284457708158,2.876051740620233,0.3
0.123834555030724,0.3922686520207872,0.4510709795246819,0.5959415639784126,2.704492690563276,0.3
0.25526953245200423,0.2845323366955332,0.3337307647472842,0.612316269192329,2.369239245459664,0.3
0.1374950392800959,0.4025604477724344,0.301481852243075,0.5713178212108079,3.1053056617180106,0.3
0.15491658417847493,0.3628116655977933,0.2588957543548335,0.5623630174014596,3.2816669301506667,0.3
0.12097228871715973,0.4169939172066193,0.42361624072082105,0.5950318500991681,2.7029770907842168,0.3
0.10892996561235102,0.3863091930844758,0.48315340670579277,0.5506254127145704,3.7880299758608853,0.3
0.1635879008268617,0.3673006652237271,0.33210354534593023,0.6131463495983474,2.3489513209345527,0.3
0.14547290227368972,0.3843990629749817,0.2892682849945564,0.5771259742068441,2.973032313161211,0.3
0.17339879375330092,0.35232094956663995,0.44985280867621275,0.6407587483395447,2.005570741239602,0.3
0.20724364554379782,0.3240872217905371,0.7048136395327141,0.6504200283415331,1.9817715923483403,0.3
0.11101129087659714,0.4433670911539183,0.5249145852594036,0.6183824366512152,2.3454728766908,0.3
0.13820704001287945,0.3858632613119226,0.2704603418900965,0.5454253809756884,3.7382390743112857,0.3
0.11393719740252549,0.42100546672922834,0.48681199973286643,0.6031490775556526,2.590673435015562,0.3
0.10706540111582637,0.40657666865765224,0.5446742435791314,0.5799019749960254,3.088640847872102,0.3
0.16212036776895836,0.3569815197181996,0.4710661836789882,0.6302518534915188,2.1540298435100604,0.3
0.10902578823661907,0.4327527400105599,0.5942379465322003,0.5671762041148846,3.4109657654882564,0.3
0.1650701695518377,0.3912768146179413,0.1939762683024587,0.5888733892284622,2.6646255003419506,0.3
0.11292510647199086,0.44503473416506356,0.5015526994913432,0.5835236899476856,2.97088155873322,0.3
0.18174897397603565,0.36561372401674125,0.13926285194075638,0.5758110107075229,2.869794487614474,0.3
0.1882652281959129,0.33790263141703314,0.4088683583007933,0.6320724152152093,2.10711790922158,0.3
0.10626844764474028,0.4140222692027158,0.5625783998589633,0.5838139767324539,3.01301663489221,0.3
0.10582677085126024,0.4104742282552125,0.5650202110126323,0.576989189639451,3.1658984446795118,0.3
0.12139910854007649,0.39065492413536546,0.39321373372371776,0.5571871150386585,3.5256960557441257,0.3
0.13020140237819383,0.4136470879111235,0.42416324618662354,0.6259159902410667,2.193519236974815,0.3
0.1670612695081904,0.33379313275325895,0.4657597060466322,0.6070311883332442,2.526021260381781,0.3
0.11961423651985181,0.38492367329693356,0.6694351874799515,0.575664438534739,3.2680008962683935,0.3
0.12834242441737928,0.393023746763117,0.3336363981999902,0.5503442305142046,3.658305766048564,0.3
0.15818667662803712,0.36965392552503773,0.1926029834384676,0.5522479636871922,3.4785204725183134,0.3
0.1061080078144185,0.42460815467221097,0.5670126894823236,0.5840183073972631,3.0076508130562454,0.3
0.1506488839819388,0.37275152047484594,0.24554019769944957,0.5611127101765393,3.308254534205318,0.3
0.1504247799933416,0.3804299704331453,0.230332967882849,0.5592639431969225,3.336539409570472,0.3
0.14692572366964315,0.3235272488924473,0.5620934494103391,0.5714342877024865,3.322112899301473,0.3
0.10542635973228033,0.41111073720401736,0.572555303532191,0.5709008136919728,3.313325205964774,0.3
0.14668524476462394,0.3741241714905194,0.22940274950765321,0.5430616295002912,3.767354179585171,0.3
0.10792199040112684,0.44060565889831615,0.5521834688249284,0.5926163003302172,2.818479229694193,0.3
0.13487627094027216,0.38745768449159196,0.456920649979361,0.6215478690105902,2.277626814618648,0.3
0.2212482973562753,0.309291965988417,0.4414515888915267,0.6379771511735751,2.0474648846370727,0.3
0.18831365351013346,0.3450731101854729,0.3457616134007286,0.6272715945144769,2.1445238825800224,0.3
0.11221446323151395,0.42959535906707896,0.4865546989708678,0.593339239387798,2.7684907227305193,0.3
0.10664660071859784,0.40544384003254896,0.5907668876863197,0.5784200199627317,3.153094053808097,0.3
0.11619270455537149,0.4172579136127884,0.5223718518926433,0.625933109306185,2.2362741549343985,0.3
0.21347942758117347,0.3097773589818367,0.3364848405607986,0.6047684502409116,2.4926430059221234,0.3
0.11025251440245815,0.4408606051264165,0.5650366674943413,0.5704786912311831,3.3072481952803505,0.3
0.13693027900459936,0.36244595536552754,0.4634957220937404,0.5960346629715206,2.719284814227958,0.3
0.1716619624061304,0.31407216767187857,0.6148308979831791,0.5938536199745236,2.8624559055078977,0.3
0.10640762130730863,0.4049192436256815,0.5914705949001896,0.577214642961123,3.1786214953861474,0.3
0.10933853198192196,0.40732906231369126,0.6067443995533082,0.5989091909550737,2.734050241249549,0.3
0.1268096558819566,0.33814042486043533,0.5697498171679298,0.5568017037684495,3.699296723081307,0.3
0.10656916011630925,0.4255526747078468,0.5526433750656182,0.577136294956281,3.1500215096248967,0.3
0.12032769811475053,0.3703016879121416,0.4863818307571429,0.5749803754773178,3.1720574036457396,0.3
0.1991356513351157,0.331625402768552,0.301984357761724,0.6117794148269556,2.3561782882032842,0.3
0.1328045596581751,0.3887219686485053,0.3257356570196617,0.5630036861169497,3.3282340673735415,0.3
0.10991909133376893,0.412925571059494,0.5187324975742327,0.5925713430852675,2.808004214907041,0.3
0.17137922556845903,0.33893326977997823,0.4677459347815224,0.6223152083182506,2.279112002130984,0.3
0.10679870569508322,0.40601192794226165,0.5712705811022633,0.5831179491606406,3.035032341257034,0.3
0.11108489994437701,0.3825250711024004,0.47555232948057535,0.5545801811838236,3.674922218600246,0.3
0.10573256524102571,0.39831069857907736,0.530616182502196,0.5569829520523663,3.6449787064172714,0.3
0.11688649797582457,0.3924256238250139,0.5845210175165876,0.6089453155119097,2.5469376730246123,0.3
0.14733195287142453,0.3641529915390021,0.4035635960894425,0.6017885206055544,2.578301429372245,0.3
0.1469865731106896,0.3860954522181553,0.36039431398875804,0.6127864304185093,2.362743281275393,0.3
0.10925447230442036,0.39091704184877585,0.5095098778051337,0.5668309108916793,3.3776289050914987,0.3
0.11382812436605726,0.43015008556447376,0.4682797148754789,0.5852953307797749,2.917668934527276,0.3
0.11360861187323605,0.4251761561371879,0.46266497039485094,0.5764154265849568,3.109190521999421,0.3
0.13930297924382545,0.42532093856397346,0.3411754589702971,0.6209120669258513,2.221122044474877,0.3
0.1269967795619418,0.3911498098733004,0.4120054107376579,0.589882987886056,2.801502590660651,0.3
0.10645300949960147,0.4125037499659826,0.528756772096978,0.5634772653875382,3.4663146771115363,0.3
0.1567848531305414,0.3489899985323043,0.6893344437787235,0.6136894930176486,2.5200258569865297,0.3
0.11384538475677397,0.3946030339928854,0.4577738222939751,0.5681599564882829,3.3062460725527405,0.3
0.10933298294143758,0.36508338149906905,0.5550755253154018,0.5475248932466524,3.944759657852243,0.3
0.1175586909226811,0.3817840521178115,0.5795754102870166,0.597627771438556,2.749677383642751,0.3
0.12050940118084172,0.4311063929023794,0.4175574039101253,0.5869500275368691,2.853000330703437,0.3
0.14390535124789489,0.39080874758739376,0.3199962537025838,0.5893358593149548,2.7425640722275606,0.3
0.1558068647906496,0.3720072223777666,0.30449962933115793,0.5936122418127192,2.6584638660966786,0.3
0.11871382032979233,0.38142704099490665,0.45611790528492385,0.5734947208510487,3.1828044825587067,0.3
0.13780584077278202,0.371365254472366,0.5277737081839906,0.62433337362145,2.27081169679073,0.3
0.13350607007279106,0.4016177250388568,0.29849159355591887,0.5463248812077551,3.742489690372607,0.3
0.10463482789709654,0.39635388713612296,0.5586544533692569,0.5503125256119398,3.8530912570003544,0.3
0.11600259531970351,0.43493542719633327,0.454273409173215,0.5779241621938985,3.066861674931728,0.3
0.10539866474620033,0.4007824251041298,0.5481363631515439,0.5589883249928432,3.6047813254801193,0.3
0.12503445578381187,0.3666568141183541,0.4585211397638228,0.5747522142541647,3.1597684670436195,0.3
0.1614154974638511,0.3406696659411767,0.4057962064651073,0.5943613614525068,2.718478656478223,0.3
0.10612494147539643,0.3984496602662013,0.5189027243960486,0.5547582434663859,3.6966805673707386,0.3
0.10472317488432875,0.39791884982730497,0.560679564860156,0.5525788571710799,3.7889502287422108,0.3
0.10996638628030538,0.3911071154430706,0.46885445972357964,0.5509395133473524,3.7635521255337934,0.3
0.1431048333187858,0.4093327286781129,0.3447072162125828,0.6212193340382539,2.221398179596973,0.3
0.14840547935757625,0.33480584619596904,0.5523454025748188,0.5913040141565769,2.8677078058198204,0.3
0.11469563730365803,0.3755399541888646,0.6092268299020377,0.5766546039827529,3.2131781386500924,0.3
0.13372648916508073,0.37590141904484103,0.6571369038826483,0.6228223540902734,2.3509754250273445,0.3
0.123150950252577,0.3732593231193573,0.46545403611912634,0.5798130904880187,3.0494435588227655,0.3
0.11083047635676602,0.37818150545379087,0.6170897253029937,0.5609275912594113,3.6076427316722697,0.3
0.12898438483137833,0.3591231918579962,0.5868817453684514,0.5929430365344379,2.8545603379603484,0.3
0.10455164668616171,0.3940716247393734,0.5608091063364301,0.5481528194497258,3.9192550013589145,0.3
0.11717268672973453,0.37163172051432297,0.6418007615847906,0.5663313384151081,3.485926116261125,0.3
0.11585491921519663,0.43531376967630453,0.4685424995516429,0.6083659892150209,2.4849900346334035,0.3
0.10696719893480278,0.3880548630929346,0.555545986876717,0.5639578894705719,3.4822222513769456,0.3
0.10896713266626502,0.371769214592596,0.5777696459838427,0.5536917333230458,3.778802136942858,0.3
0.11997742623900458,0.4120552536557879,0.4307152172536673,0.5905384150255991,2.7987301126683772,0.3
0.12851617413598215,0.3800565407095811,0.47963911951396465,0.6047807122726485,2.5653225803433926,0.3
0.12926877820471216,0.3503744247962899,0.4949620204464478,0.5718876696195364,3.2571240597354056,0.3
0.12403787031489834,0.38670123177538807,0.3648753497339766,0.5524614245490026,3.637419850708276,0.3
0.10485471145834095,0.3925992499008502,0.5673306144523798,0.5520916581417753,3.8102246226608125,0.3
0.10587811449014287,0.41697259317952273,0.5744031080739185,0.5824870195555343,3.046961243741702,0.3
0.10503811906079735,0.39102404327012713,0.5736444870557283,0.5520215670783583,3.817138319081585,0.3
0.12085118406981667,0.43697352672614387,0.6970683951219616,0.6022741991770428,2.708762543629104,0.3
0.10917102434432324,0.39611340199303813,0.5306367053999694,0.5783471859968143,3.1178623189160093,0.3
0.11550671574453034,0.4030960962997756,0.5043016111935692,0.6023461426331724,2.6174600091224667,0.3
0.10898562737609015,0.43129592771294656,0.5444709009705463,0.6124358913450927,2.4566610041746553,0.3
0.1298626068912627,0.371228235732007,0.6366152022600231,0.6103020683019731,2.5504929076725658,0.3
0.10920135968244978,0.3956223769145823,0.5782821240679793,0.5842919272787103,3.019333209877896,0.3
0.12290109553324417,0.3939229430375457,0.4141338613858503,0.5806919195764798,2.991537712211665,0.3
0.12811825909204985,0.42098017676912164,0.3955313813925909,0.6102189681973258,2.418938830813617,0.3
0.1048192364707112,0.3988093152846523,0.5607419743193044,0.5547306369313453,3.7275496060265523,0.3
0.11118890800790775,0.4266483205989471,0.4887945286113934,0.5823964533253881,2.9955143554794152,0.3
0.1076345169548681,0.4126527512989111,0.5500072279521532,0.5904256475858356,2.867139930312699,0.3
0.10479801607818688,0.3988132247597697,0.5614223313870592,0.5544802893711323,3.735706964811707,0.3
0.1087288434620259,0.4149999702979071,0.5681010634586907,0.604324045834328,2.6123011194124346,0.3
0.11560766847201606,0.38754095028662594,0.4622770965395352,0.5711078284118507,3.243310706247726,0.3
0.10463177445825841,0.3967608749014002,0.5589229470070418,0.5501390960879294,3.857999530694043,0.3
0.1729128673777063,0.3603220653438281,0.756300079301579,0.5885688280143767,3.0322452840009713,0.3
0.10849428360621115,0.3995715958208813,0.577215808151659,0.5867811710746892,2.9623219701513483,0.3
0.1315225709529348,0.3644130406906066,0.4485821592349567,0.5837801518238299,2.9563432719790113,0.3
0.10463347080343854,0.39688439520742563,0.5567251084180773,0.5499574542565281,3.8615607001349423,0.3
0.12204735167041092,0.4297092485762732,0.41176183631414653,0.5948714068967514,2.6954300019675177,0.3
0.19422299099014056,0.4261529393190079,0.030011427715429535,0.5927620237804144,2.434154899000638,0.3
0.10734651077758697,0.38603180319806635,0.5629347733021625,0.5643766445000046,3.47672266821138,0.3
0.1046312022095859,0.3966212987964052,0.5597258437779259,0.5499165952195609,3.8659964939240665,0.3
0.12476860987729096,0.4000833170029777,0.4118234498967469,0.5908562085314751,2.779094220345431,0.3
0.11025171319850254,0.3706135599319629,0.5848588682364843,0.5564029583032579,3.7077272600643556,0.3
0.1273616821675789,0.36611678627467426,0.46546038275199664,0.5797387846300835,3.048594412378066,0.3
0.1284100828849334,0.40893570098989374,0.3715301034865435,0.5879443697219618,2.8087064181078754,0.3
0.27127574892029616,0.3200650895420369,0.20533818355185865,0.6396680227150642,1.8863001975605376,0.3
0.12751774899727014,0.38080077774603144,0.3932515942163656,0.5728169952710289,3.15038469732094,0.3
0.11661435159516227,0.3970245657714202,0.42989296418412637,0.5664918372604729,3.3240259450746805,0.3
0.11745950490192236,0.3746503165415876,0.5472923523305824,0.5850340337359996,2.9885839829424055,0.3
0.2920219753478488,0.3126291064718422,0.47421208424717765,0.7459303494138735,1.070359293931353,0.3
0.10489792852770007,0.39993087108914904,0.5587769550349003,0.5561485637880417,3.6879023234432107,0.3
0.11080447958965864,0.40279829504183046,0.6411224417010684,0.5798370764689621,3.1498690025735057,0.3
0.1324622687744069,0.37570269975453296,0.4439049796728215,0.598063991918146,2.6685497058930157,0.3
0.10823413181954168,0.43897695339113413,0.5484697275492135,0.6106826647024478,2.4862193574036935,0.3
0.11457979711371553,0.41048846011568224,0.666668773129752,0.5806582610017357,3.144683051327314,0.3
0.1133066576249059,0.3906368642222952,0.45089956391635966,0.5591582869615602,3.528193535369787,0.3
0.10491921355196537,0.40096074886525424,0.5621040481479928,0.5575061240277784,3.652210879604152,0.3
0.608587365583897,0.23061268505147553,0.0642021511280069,0.8652512800218267,0.5219854932092404,0.3
0.43841100559150536,0.31255425963701994,0.863939422938847,0.8384593912306504,0.7008612292480119,0.3
0.10538923752523514,0.3841919146336015,0.5615518391418429,0.5500794017975495,3.866961574307678,0.3
0.10468264628270978,0.396953676121883,0.5638018692089493,0.5513715269304671,3.8263664455448088,0.3
0.2339726677738156,0.3453199253261515,0.09757023380101659,0.6229055413507041,2.0511448749106616,0.3
0.416671167192667,0.2317191814545649,0.7099339645581699,0.7398735502860746,1.1605807389904055,0.3
0.10866911972910032,0.3882014570034478,0.49452450244177903,0.5558549310917675,3.6507177410493266,0.3
0.24854301579975369,0.31077507650819963,0.6832004362532178,0.7014696536167491,1.4404067898100252,0.3
0.355399517707088,0.2457689151735788,0.07314089177546276,0.5809024478568362,2.6954573546151606,0.3
0.249066667590726,0.29357056511659235,0.13976717947681713,0.5701327075485506,2.9913460863395933,0.3
0.10494279914363094,0.4006236835200128,0.563476307011118,0.5575245981983448,3.6536165468150883,0.3
0.40375821447312993,0.26094129669878324,0.4174726365249884,0.7471911641265162,1.0466134709787733,0.3
0.44765429245450505,0.2649474321724344,0.012761950084698666,0.7200785268397685,1.0977955136853441,0.3
0.16332902119691417,0.39642175468275065,0.145392208663569,0.5556303543113429,3.32517114978335,0.3
0.36573646054217085,0.23769313184641067,0.11511455968266016,0.5960089955731028,2.501093758532614,0.3
0.10457164804694288,0.3954778885921437,0.5591945552194406,0.5478536948976266,3.927175386610119,0.3
0.1095288969191412,0.39277873818642184,0.5162723865153053,0.5723723923575802,3.2463773523308697,0.3
0.14889046874108097,0.39663824070043474,0.2576043414147814,0.5817257644448317,2.8559554117425434,0.3
0.22410482448991995,0.4018974759184466,0.08954474985736793,0.6690417978494336,1.5039310971537434,0.3
0.10455913174016591,0.39450703756758454,0.5579848982252555,0.5484406847343648,3.9081768274743145,0.3
0.10560415945917255,0.40444611557386034,0.5869582611948605,0.5665171068342874,3.4316399068722863,0.3
0.21630210476122513,0.4696353851792272,0.016622654145073856,0.6974237505155608,1.2302557158705931,0.3
0.5637114454052874,0.21412517282810228,0.8456641512028894,0.7666050693717414,1.0234031759293196,0.3
0.12529594669568694,0.4085886335369106,0.3866063085757564,0.5829269194755463,2.925292603817752,0.3
0.15547325827734101,0.3669632353373248,0.2885570217646642,0.5828469281031093,2.8601359472963703,0.3
0.203807404322165,0.43463997064025084,0.011733711591290448,0.624125485115246,1.9465735361153258,0.3
0.24030907719395897,0.3454206646421337,0.08544082654918073,0.6283057012905126,1.9669891882874384,0.3
0.2775370512685602,0.3740369505646094,0.21804843224595852,0.7673069539484858,0.8948908963900828,0.3
0.419401763217295,0.2511001943972598,0.15301445267297697,0.6932598476658729,1.3438674366314194,0.3
0.229386652918299,0.4083359927027365,0.14768050091661608,0.7186460434597329,1.1492435670455308,0.3
0.10629792504642184,0.400961721462604,0.5208319434633139,0.5587447157633678,3.5879841141958497,0.3
0.16861145020113458,0.41554103045470064,0.1386939907950893,0.5768586111090093,2.8344594275931336,0.3
0.159136599976052,0.4004379431240714,0.4208978735185285,0.6759651743452895,1.5904583351050818,0.3
0.1681041999494539,0.4604170286767483,0.32117889567814156,0.726023093797316,1.1506994534501556,0.3
0.16322314953814562,0.4038094911207019,0.15682884751270723,0.5673962002021646,3.067111489179226,0.3
0.10595519266668939,0.40596979849594483,0.5503816309675126,0.5717695639676535,3.2792589400388206,0.3
0.22462949373977362,0.46869309630894523,0.295583544417512,0.848127843992351,0.5967323419567322,0.3
0.12815986065311225,0.39804764366467227,0.3715276261024518,0.5797153316053235,2.980679743070355,0.3
0.2466478920065191,0.3613258869624987,0.33327001591342065,0.7278508022908654,1.1438645454738547,0.3
0.19611944461467068,0.3452809434564388,0.21103875292788613,0.6011317852313516,2.469139831066936,0.3
0.17103360263942866,0.3976454112751279,0.10538479241984797,0.5543722697567646,3.311694717603569,0.3
0.16536761308075731,0.32133401878458945,0.37431430836279445,0.5663925989374101,3.3109776131117505,0.3
0.16522772714987466,0.3883973177956579,0.14026772598115256,0.553970093645492,3.3578078490778003,0.3
0.8458069983758736,0.09082764539492844,0.4864865280699662,0.8294390766724418,0.6939356090376878,0.3
0.2408395845042939,0.44742203199694947,0.3435139543585334,0.8660234283162812,0.5533595518017992,0.3
0.19052023033689716,0.4170481496659895,0.0616040904441694,0.60406816725734,2.277456293440123,0.3
0.5070194649308636,0.192052201151788,0.16219826155495853,0.6484463505753496,1.7913013940729465,0.3
0.2284050393737279,0.29218915180059707,0.5137809878888582,0.6134389457518886,2.437046316553745,0.3
0.1672798279746774,0.3679120448926254,0.14482291604030467,0.5497352581840775,3.483074381475707,0.3
0.24858789539924392,0.32671910278714955,0.16756701263065396,0.6247765539777186,2.061738263244404,0.3
0.10655765995668462,0.42305172621333587,0.5814169781133439,0.5971689073037325,2.7501103665009587,0.3
0.2941887940882836,0.3588411716515636,0.19294703164622334,0.7519920085898045,0.9619886435945129,0.3
0.18101477187914894,0.39083973514520387,0.10103537525057071,0.5811863648605589,2.7210983895496414,0.3
0.15168884231418714,0.30991407968865753,0.4592584033378396,0.5460870310452938,3.933747708316349,0.3
0.314227207271198,0.3099964065413532,0.35006359580292035,0.7303664900082191,1.1339836550384903,0.3
0.18896165599429568,0.3924032901335443,0.03516297900769606,0.5603719243616571,3.058254990919662,0.3
0.2943276651725234,0.27128720786520694,0.6607500879105039,0.678742805487181,1.6530909867380144,0.3
0.2727381536123704,0.37908036287671987,0.011946945294210622,0.6763605906886138,1.4248296194463732,0.3
0.17804323339528585,0.383513808938563,0.1464980915500993,0.5896197437519474,2.6069436587133046,0.3
0.27912187409200284,0.37330120798179345,0.369339237386848,0.8097711209455709,0.7427169394684936,0.3
0.31571496567197765,0.2706517316130403,0.49653833479577647,0.6900123830250197,1.4916556355969448,0.3
0.21479872360515576,0.39302814801736297,0.1454887136507977,0.6705506759008286,1.528228355706199,0.3
0.1440156402612369,0.4325404164572571,0.28169107950374594,0.593806635701367,2.6266439261879704,0.3
0.2836311081359344,0.25654495131707755,0.424092588755897,0.6056276874224464,2.53314385288738,0.3
0.11250066181058394,0.4253818223269954,0.47915643214827924,0.5873115816807707,2.8841223906333653,0.3
0.1991663075221807,0.4114346960950621,0.08039525946482295,0.6281578729247639,1.9464133959907293,0.3
0.12083824241481171,0.3654269840474249,0.5259867660966837,0.5775057710571062,3.14632973004016,0.3
0.49302488585771237,0.19392648154954462,0.3948470380686715,0.6895133895497536,1.4687685443100047,0.3
0.23528703730009767,0.3378753803690097,0.24583258298117877,0.6497171389730182,1.797481338310849,0.3
0.6424267851994937,0.12492552751556915,0.6922581393948634,0.5962878736911206,2.9027078856327577,0.3
0.23214658320661763,0.31535125181972834,0.2635021813982362,0.619658460114638,2.2085252951882053,0.3
0.41202639398240776,0.24271585713698945,0.6061721343727617,0.74704023415545,1.0885976944443987,0.3
0.5670076313874641,0.26674644926498803,0.8924203805635823,0.6240813157311349,2.4548326015328246,0.3
0.14683545621638489,0.31351231375159555,0.5940792044520666,0.5528300332733449,3.841728898505227,0.3
0.2822528641404018,0.4024735148511597,0.0012828951061399567,0.747609124987626,0.918915868832905,0.3
0.1813801477967096,0.4373116537951358,0.1963218163574779,0.6738105651115456,1.5193828208535163,0.3
0.8363805529593393,0.0914008621838387,0.16294946791724912,0.6979675951958476,1.3257984930713291,0.3
0.1153903501252996,0.4062870896680961,0.43982864199609395,0.5711297650640719,3.22009240401206,0.3
0.5736153583155528,0.13038521443957954,0.6651656834788539,0.5881138640230335,3.035542261152286,0.3
0.18400332985547907,0.3887283719271455,0.4388723809654215,0.7104810690151405,1.2983068133718865,0.3
0.1872515435145003,0.3879268869325201,0.11141438988088627,0.5734891330771933,2.8576494585233965,0.3
0.4885711355654462,0.183491125283555,0.6614446495575304,0.6877916950943723,1.5665147715246373,0.3
0.21065022271498582,0.43803572720121864,0.8000355573720378,0.6137323745618446,2.562666887788008,0.3
0.9202289160948374,0.08557003718240902,0.8447511873004674,0.884745329100283,0.557916699777645,0.3
0.10530450599306165,0.39634804691074715,0.5327201712154207,0.5524444951603837,3.771519986406894,0.3
0.46885392140710863,0.18651932998595241,0.7469517552558028,0.6329389839189847,2.2585120508807295,0.3
0.30227855757886185,0.27460142785341995,0.5769064152636598,0.6963649489610679,1.4604231409130672,0.3
0.26144591023823754,0.2989724858410826,0.07909759388745943,0.5821096033843631,2.686799059367179,0.3
0.18639370735174457,0.3839077853790847,0.009289510337027785,0.5276198586600681,3.8779766618568954,0.3
0.11102859390387937,0.38292192720639007,0.5012072277636604,0.5644075382788158,3.433545215336888,0.3
0.2916210932379562,0.28338556729880676,0.3090284460398914,0.6455269909944588,1.9013094183595238,0.3
0.5704704018034569,0.18602466392450745,0.03563254227577086,0.6631754452160957,1.5391324650952742,0.3
0.14065922160589112,0.38453039155383784,0.2628406361019874,0.5493487516365007,3.6271705444003324,0.3
0.16010702431259075,0.45153392667993725,0.20755333336364334,0.6011321817857664,2.4428255277662045,0.3
0.7696835629325947,0.1045905907178111,0.7077191603259777,0.8165068605707858,0.7676032378679452,0.3
0.1148553214885009,0.37145531159988254,0.48501948785565085,0.5538931830108672,3.6929841000697823,0.3
0.16462991020493176,0.3904909686723765,0.1298269743316911,0.5462719328399583,3.5494845049255415,0.3
0.19852572161018328,0.4131827584377121,0.02962144264581254,0.6030831020492325,2.2549949534588603,0.3
0.3116569522920635,0.3194807821679048,0.11275881965779547,0.6869245364808321,1.3698885064200246,0.3
0.33741771894681766,0.33150546779478424,0.025788330829918875,0.6563857995313152,1.5645036151257483,0.3
0.6631183611491722,0.12616120848998533,0.37878817079197735,0.6587029901969356,1.7715526004313462,0.3
0.2649266897072698,0.3150005295973755,0.7932966203027064,0.6401620830286538,2.1593957301783013,0.3
0.2703538786727408,0.3171198647938619,0.6830222258442533,0.716538519763578,1.3106677044379582,0.3
0.18249379404945598,0.29780665016859403,0.6486085850069497,0.5747538862078909,3.3011517063267686,0.3
0.30855630537919804,0.4109251649437103,0.02730190780888915,0.8148368133939227,0.6514724244481864,0.3
0.22603505355268688,0.41377743080723406,0.3384423109493272,0.7703282437617773,0.8991339479912462,0.3
0.10910942011339723,0.39879206151983027,0.5169308881807994,0.5758423590697958,3.1656364215899586,0.3
0.23278231978490938,0.3782904315916248,0.2544848334053824,0.714375541910892,1.2133786042373969,0.3
0.5380344466513902,0.24863123481225533,0.8783434363904081,0.6203045091849169,2.510202459126538,0.3
0.17670068673055564,0.4394119211651609,0.27364426019323496,0.6978041406831562,1.347502823202278,0.3
0.5049795599547617,0.24344809268983078,0.05813591522663383,0.751047002806941,0.9269797761879857,0.3
0.11975961588114765,0.39366556272993386,0.41696636821996147,0.5703397664774051,3.2233335757590416,0.3
0.582204451553321,0.19451013897900393,0.17832604666750748,0.7464122793634461,0.994253526040506,0.3
0.3282233516671468,0.2814487232370055,0.05016899842056287,0.6255050092911817,1.9808105527080717,0.3
0.23002511096133113,0.43140207295369104,0.7976561592438468,0.8649147851727289,0.6059251376020924,0.3
0.14909224931719772,0.3630855799757289,0.2455607619095641,0.5482609936142062,3.6397631961084955,0.3
0.11280637905727006,0.38924719053361223,0.649503308861968,0.553625315056743,3.8290741485212405,0.3
0.11410781063920349,0.3689783976192643,0.5117155866245027,0.5622803108122167,3.4993295572361585,0.3
0.11092045665483857,0.4033681996702367,0.5135313899086992,0.5830446905024739,3.0075379213054934,0.3
0.21980757323153963,0.4825365207813359,0.3223333503255468,0.86844168970992,0.543600109980777,0.3
0.9432566148290142,0.08911012762752243,0.16371489867500016,0.8887370134708705,0.4756686427065224,0.3
0.15686839892793059,0.37592634870849573,0.26997871550405284,0.5881983377166653,2.7376773787079474,0.3
0.30962086176558473,0.3864693082164776,0.08700788215989456,0.7962390483088008,0.7349399008386779,0.3
0.11853765128486159,0.37767915218963505,0.578118166953649,0.5854991127670205,2.987506707966674,0.3
0.1737381451714015,0.418292565829446,0.2031415610918368,0.6400013050235833,1.8891600895029288,0.3
0.11415187082133782,0.46197548588319726,0.519537664052371,0.6518801772679539,1.8798892756022447,0.3
0.11643917482010502,0.37514896294915195,0.4915468936225553,0.5713411403871861,3.2600977229989905,0.3
0.15777325184119423,0.3168815610768477,0.3611040779455072,0.5400424882696463,3.998865372404311,0.3
0.10731469012094057,0.4003003216680643,0.5638432409576591,0.5799284061319877,3.1019044532588045,0.3
0.13187609285075813,0.4311528092522773,0.6231772486683924,0.7115825327778101,1.3323018149784749,0.3
0.24214814032324944,0.33448318702016394,0.027082569369734764,0.5973640399650767,2.362755060663208,0.3
0.2016020473354148,0.4445546146289883,0.1129081380167748,0.6897565243667053,1.3440080041889064,0.3
0.19947570956352295,0.327268730036896,0.5889239570661811,0.6622264228425744,1.8046631487852496,0.3
0.5814020066432232,0.17026525313797267,0.819194310335501,0.6339111963729821,2.2736781403980943,0.3
0.1405221956093622,0.3184086283442137,0.5722067262764117,0.5521622087386043,3.8378956495677508,0.3
0.2823689366742715,0.238058435682421,0.36603565368058544,0.5572445878649117,3.537974054603681,0.3
0.19161168657064806,0.3776269354777575,0.02504240249497501,0.5550204693860058,3.189008171904426,0.3
0.22605097545195965,0.4625598557145992,0.02566866884475655,0.7113419591538608,1.1310308210769358,0.3
0.210470391712725,0.41546940225332385,0.2320009286652347,0.7119570171111222,1.21641710743566,0.3
0.1693410164481428,0.4038458411523064,0.1545101939671041,0.5880735420020595,2.63812018985038,0.3
0.1051892104931014,0.40066860671877474,0.5354728774165594,0.5508121412421148,3.8190014815309254,0.3
0.590709310186337,0.22350286901089966,0.06507017984479017,0.8002199614193379,0.7107393577356684,0.3
0.10510266856725463,0.40463117432829443,0.566898762518146,0.562384354402071,3.5243962823644828,0.3
0.32022640022325155,0.39294565807741094,0.863174212051,0.6178254801323344,2.5222433125320127,0.3
0.11443301882494143,0.45470984263012837,0.5165986698562561,0.6375774209092807,2.0582222708326907,0.3
0.12909819826578714,0.36598165965990437,0.6684126419500084,0.5838276719615538,3.08809977348503,0.3
0.13459178434619268,0.3551142396910264,0.452625692906235,0.5794409169071111,3.055227843393526,0.3
0.21311578940586173,0.38375840258322436,0.04795438725821476,0.6103872207975166,2.1598157266272855,0.3
0.10547425665155703,0.39195133912051694,0.5517815398963462,0.5572492870376708,3.65411975691815,0.3
0.1561587480649685,0.3387275012405585,0.42020423109605576,0.5874799646367829,2.8654706020952063,0.3
0.10460139298891433,0.39544609707933887,0.5576128686099899,0.5493322236180186,3.880769824914533,0.3
0.15279068239346222,0.32663972306560807,0.6225705164934431,0.5847307202073885,3.051033227511855,0.3
0.11760511711953718,0.4081835359600851,0.4203556052409444,0.5695341476537245,3.2420483646860645,0.3
0.10542834896482152,0.4083445634523431,0.5778878668872736,0.5677628122197513,3.395673271416762,0.3
0.10482480860965589,0.39526374001728914,0.5399355792165619,0.5485308634282201,3.8906801071414336,0.3
0.11816494462607818,0.41063303115999766,0.4138040558615303,0.5669535887036382,3.297240741698957,0.3
0.13714777434101003,0.35751930251995295,0.4212017874280288,0.5792129330487928,3.0370059093664197,0.3
0.11336675352029384,0.3721343050431418,0.5682854812357572,0.5711813602602152,3.315937365750253,0.3
0.11752016874223509,0.3902731361809092,0.3981484883063048,0.5440785841577764,3.907640797708114,0.3
0.12488635725151237,0.3751158571729284,0.4215318412809661,0.5716344588828159,3.2014283670375914,0.3
0.10519669755298618,0.3932519594817096,0.5449083811400893,0.5543715412875628,3.7285392489307516,0.3
0.1053799087706066,0.4119664994710258,0.5685224102714834,0.5681609754487517,3.3766218787617888,0.3
0.16690265369382631,0.3412248303163652,0.4398731881624472,0.6072064373741489,2.500838000867075,0.3
0.12549277814381726,0.4022583718016054,0.3855491581037716,0.5802225441951764,2.9819037360396963,0.3
0.11373840288337646,0.3916485825687224,0.4813865062849732,0.575849623290814,3.1419669033742763,0.3
0.16185097675151774,0.3248041752703482,0.4350064696318498,0.5797620077928626,3.0442353444596497,0.3
0.12358992310066787,0.36653461077496396,0.43718962559370456,0.5647747816834933,3.382737846534144,0.3
0.10487100211419173,0.4003718928327763,0.564066206773031,0.55618676392318,3.6902427093964763,0.3
0.10782173858581866,0.3846215089329875,0.6020822581771673,0.5588286640735292,3.649787656207672,0.3
0.11659371656291448,0.38000138995926663,0.4179637787862275,0.5484947745123856,3.7951583968924556,0.3
0.11534631650317195,0.36661075224210987,0.5302194307418875,0.5660706397546652,3.4194279062326176,0.3
0.12519320914326684,0.34369442532294964,0.5991396675346253,0.5573772815196253,3.6969561780868205,0.3
0.15676167713852687,0.33829684302795343,0.46502444328969833,0.5953257412778381,2.734030167563323,0.3
0.10487529200177573,0.39699115063864165,0.5421748680069319,0.5497488969033372,3.857572253814716,0.3
0.10970654874397459,0.3837126167540881,0.49126520365153625,0.5558376837022069,3.648698455209268,0.3
0.11025105155956387,0.40602851692044306,0.4822704573255808,0.5685720771119424,3.308439418641933,0.3
0.10762228993151132,0.3950692054207016,0.5626669652285173,0.5759437617121753,3.192646622146059,0.3
0.12430205972258626,0.38854741904281354,0.36838845888320687,0.5565655001177809,3.527292313717114,0.3
0.11488590858282449,0.3724601062799001,0.6368832985697775,0.5602466115249044,3.64161149025402,0.3
0.12151521385625504,0.3901974929895199,0.4019227646473986,0.5665781841053771,3.304419558732982,0.3
0.10473416803598963,0.3979990280657552,0.5579953484349462,0.5526247751992531,3.7857847578970576,0.3
0.1167531810884293,0.3842863098988986,0.4753097955128841,0.5760006960501413,3.1346140432292096,0.3
0.15793833147394656,0.33761882146711836,0.49007450476146913,0.600544884545379,2.6502458873323147,0.3
0.10912982887478512,0.38146227951797346,0.4855483853594508,0.5490690056640514,3.8352418760132183,0.3
0.10595581914269765,0.42323569202832817,0.5780433900494782,0.5832612820559507,3.0303556488912755,0.3
0.16408241041928848,0.32881718485455863,0.46435003586169876,0.5936491391253632,2.769611456326381,0.3
0.11027071255507652,0.37585182813190976,0.5580183477469842,0.5621672515508027,3.538751372864403,0.3
0.15280383124934505,0.3444113424458176,0.44767857446443027,0.5963343683733175,2.7119490103141857,0.3
0.12680502818318146,0.34327669442347053,0.59105558807968,0.5628632478934379,3.552995237325926,0.3
0.14190102401717358,0.3416965747175498,0.4105240974135757,0.5653373054535812,3.354442782936354,0.3
0.11169152723169036,0.4043435122909094,0.49450834804491306,0.5838638046785204,2.9730703300612458,0.3
0.1514799474366174,0.32546600962778677,0.5271747867116757,0.579566769788647,3.1049039896592947,0.3
0.1430220507222088,0.3390864129616184,0.510226888716408,0.5842983228802043,2.9895413491067675,0.3
0.10952838954354711,0.39099845788326143,0.550850950470578,0.5789458061357283,3.1179182333332527,0.3
0.10552597350060537,0.3965045553083598,0.5915663855574318,0.5538710325559703,3.7768286795202908,0.3
0.10454391876807297,0.3940188359929727,0.5523579086143129,0.5474081687625505,3.9345629646296416,0.3
0.10737232238545064,0.3883075710051831,0.5095149171056015,0.5547396902108193,3.692064459988126,0.3
0.10745843459817767,0.4157721675001223,0.5296348532063782,0.5814797721596804,3.04162715849553,0.3
0.11174255362614104,0.3752711492235685,0.6243417542002114,0.5562454123319848,3.739526434316414,0.3
0.1215511574828048,0.41042685971609527,0.39745649431862484,0.574354709699961,3.112086052713604,0.3
0.11180782048217221,0.3768814865389394,0.6170320324562364,0.5640585379114319,3.524278775959135,0.3
0.1417195716756805,0.3442559151685877,0.5668206695041433,0.5961037964552668,2.780963709811498,0.3
0.16876611277146725,0.3177522121862576,0.4264035041553544,0.5776507036192527,3.084886771699965,0.3
0.11321951796773864,0.38289528646984355,0.5185578961655617,0.5769868165075372,3.143970235733456,0.3
0.1062732692166535,0.41084336544988387,0.5356759046119729,0.5697028587497711,3.3171073349575386,0.3
0.10490845573647378,0.4001511883234102,0.565514866810581,0.5572162758133238,3.6626991247234515,0.3
0.1491614601005028,0.34775724295836774,0.3504433167514137,0.5693573446845849,3.209556940967499,0.3
0.17160428743821746,0.30772208656596794,0.6218785576672963,0.5820479343329793,3.1147956655437428,0.3
0.11497602045108071,0.3749968042942207,0.6456802090760243,0.5563871137206615,3.7518501417922816,0.3
0.14439786527340348,0.3219596428417382,0.6038468839329805,0.560940051419265,3.609786958277678,0.3
0.13305605113005597,0.3507371731181944,0.4713907089958398,0.574896453698211,3.172242535968643,0.3
0.10486818403999096,0.3911392092597301,0.5554101819880206,0.5513061682932925,3.8238360010575176,0.3
0.1324376930097183,0.3878433839173328,0.35419319208962025,0.5763413417243934,3.0457634514837744,0.3
0.12414534953628607,0.36147506218712894,0.5355862772769281,0.5826091041804665,3.036246342532173,0.3
0.11555608914789478,0.3722386165305299,0.6085990400629288,0.5734789719668854,3.2902939096612327,0.3
0.1049183945920684,0.3991343745878882,0.5548860022639379,0.5554314961148077,3.703053258138587,0.3
0.12357524334805206,0.3798961153232351,0.379363217107344,0.5542396587611366,3.601710697261508,0.3
0.16388875724363658,0.32049037791801765,0.5143374403051518,0.5890878916576503,2.8935209215226503,0.3
0.10750990782605434,0.378811691119927,0.5580811162505237,0.5565955251048789,3.681468402973889,0.3
0.10497382337276859,0.40199791754697034,0.5648075559512763,0.5590201285783837,3.612656969670086,0.3
0.10495610751935514,0.40135440927236715,0.5567406675871992,0.5574988515974565,3.6481659396237585,0.3
0.11714963162146619,0.3661144827623339,0.6253676251489368,0.5654196422476204,3.501251594055295,0.3
0.10781222714163892,0.4003105627673615,0.5087383801006444,0.5529831198307451,3.729114151890391,0.3
0.10470834421211803,0.3979509344591136,0.551804224485304,0.5503855668393406,3.844702569713809,0.3
0.15508624618889452,0.33007214693867554,0.4514974754117321,0.5779554946046805,3.0851617898127044,0.3
0.12252667874749604,0.37008088653677285,0.6524313236463505,0.5789600076962645,3.186028925397634,0.3
0.10586103265578281,0.4097253679193855,0.5366716438231257,0.5606398217063429,3.547187652712065,0.3
0.10875423876020054,0.3849470148395272,0.4941516357997558,0.5536191226420941,3.7138990021113223,0.3
0.15849882863749265,0.3400136375509413,0.40731567033326044,0.5863979891607665,2.8719767190394982,0.3
0.12234225503609396,0.3913706757339474,0.3731952540276905,0.5522223872752865,3.6461695997531915,0.3
0.10537788432920588,0.4032594725851912,0.585884054385385,0.5589841194284312,3.627185960123799,0.3
0.11852417154185411,0.3690933057540934,0.5073299840139188,0.5738404328137581,3.2131178506530667,0.3
0.10745569825490434,0.4072738671657799,0.6156348161554988,0.5586253916813643,3.6568725776370075,0.3
0.1586284230046901,0.3153259221199563,0.5351947660915741,0.5756300459957255,3.205145559699344,0.3
0.10471232379567777,0.39715769289725367,0.5605316172416945,0.5523010979787764,3.796975222468625,0.3
0.1067474902479029,0.41062780414882927,0.5340438029915657,0.5750182008663424,3.191107449505219,0.3
0.11016029081837042,0.4151988918400561,0.48148420405718073,0.5609243411279821,3.497026016221997,0.3
0.10542278398154954,0.40327187512244395,0.5512860290286024,0.5572099449499457,3.6474709173343847,0.3
0.10893864579928336,0.39280069357097697,0.48047153185810554,0.552470891206124,3.729954493962066,0.3
0.13973021084164602,0.34422367355586836,0.4598070601369081,0.5759704423182033,3.1363321142753806,0.3
0.13489032722195124,0.33879058355915465,0.535491615088003,0.5723544024361824,3.276295824457932,0.3
0.13386130086611792,0.342559000958803,0.5826933367826914,0.5784203779447749,3.1638456075417607,0.3
0.10700352884136198,0.3855108035711646,0.5319783372414417,0.5505560255771174,3.822238854257859,0.3
0.1388855546198964,0.3419387362792531,0.3972966325634913,0.5566637118773294,3.5644766150356673,0.3
0.10563652007974607,0.4145093255323426,0.5708377493089228,0.5764319363074725,3.180988773376636,0.3
0.14546685817197413,0.35920566554603073,0.2898283700509938,0.5548326374518505,3.513726981116811,0.3
0.12815798687401184,0.3827256601634283,0.3513482475281745,0.557326773240408,3.4985885853718335,0.3
0.10534560950807309,0.40509835457648813,0.5408502447440641,0.55339534478271,3.748911874978767,0.3
0.14574692024250896,0.34695981332833636,0.3421307469709609,0.5566834141169675,3.528328355967248,0.3
0.15047654523029974,0.32943696203014705,0.4597883621341977,0.5737032613408274,3.1930380527979327,0.3
0.11464840995009927,0.37583698362450674,0.5288749523435172,0.575493492904611,3.1870594472956966,0.3
0.11783616134561606,0.3858801178382696,0.42801115128033534,0.5629136033386876,3.4155282050888993,0.3
0.1046537108502847,0.39545293314402724,0.5557401091541961,0.5504192715514685,3.8480613645306723,0.3
0.13371347154122923,0.32519207908539954,0.5606161737951735,0.5505113942472953,3.876822996492677,0.3
0.11169012818187858,0.3828792759315699,0.6080743038348522,0.5761090520738744,3.220977026032439,0.3
0.1274051749713472,0.34923856109902607,0.5575288785200248,0.5743139144610688,3.242829286599814,0.3
0.1339915700298629,0.3425367939008879,0.5111065895941214,0.5723496682889617,3.262080097158519,0.3
