0.4155562824067283,0.7492775419840444,0.2637841997286245,0.4167066648060062,2.4920917019309807,0.8915173548878714,0.0031119534252025275,0.0
0.4730730933408199,1.597610236907206,0.21127432209216382,0.3812175867424342,1.6314079934579413,0.8570536158285433,0.0047663390011737795,0.0
3.0347221432916665,1.475424797981537,0.4043851062569262,0.29834185639253724,2.5068341953362863,0.8893898891005902,0.009730173031856368,0.0
1.2051466782280051,0.6721199369491492,0.0517558519683383,0.7120742362186289,0.7748057240101629,0.87665026368806,0.007661037429710481,0.0
1.7025115174780536,1.3194190556589482,0.44012737831203685,0.3150828083896816,2.434772140138829,0.976467881046873,0.004932012021568713,0.0
0.8617670725938333,1.0663636585985454,0.39228715658327773,0.5829364277589351,0.9700904941287546,0.9653839294409537,0.0006605269017279579,0.0
0.23598665613902844,2.8366999969365603,0.34824568135585976,0.41563280072958586,1.1431103511725578,0.931781845563104,0.0019920591777859652,0.0
1.0164700426176052,0.5015987624545462,0.09671648344702556,0.8304388296590131,0.5693704176706882,0.8664919811497601,0.007616865931422191,0.0
0.7373890015018014,1.713266788212028,0.38713420303955126,0.33266242799387874,1.9240419411686116,0.8523004782148378,0.0010350266265891387,0.0
0.5172610727381842,0.3225582084700774,0.20804998589876234,0.5837575212003685,2.6160839466755887,0.8673486952088967,0.008306479769204324,0.0
8.178681269122718,2.0163773400514895,0.017776307768238023,0.26801377385388275,2.3732668079084953,0.9617507519543647,0.0076949734050148905,0.0
9.024025292026119,2.1475509867856224,0.43318583203817274,0.3149460998893112,1.8086816102258578,0.9541143548124897,0.008352379083335238,0.0
0.2323782445327377,2.9482031757817984,0.4262634134814412,0.4287749649279248,1.08454391785137,0.9031743964431844,0.0025842966994796455,0.0
1.0174335756379673,0.2114865734651783,0.1262252565837749,0.7052812070102139,1.916752244340995,0.8505791124768632,0.004694613131177546,0.0
1.0031074381348783,1.5534456922895703,0.41028167156799644,0.396252644308575,1.52597609484042,0.9749794714982426,0.004162830675518424,0.0
0.5864475496605468,0.602975757895207,0.2633961415463009,0.8203743965798823,0.5581061686041017,0.9615484449277765,0.004062885492938079,0.0
0.7350928634173087,1.2070044686227055,0.08359107267398679,0.3092341376680111,2.8318713511588998,0.900934481457868,0.002936988003345778,0.0
8.687505840417282,2.3352004527724706,0.25265391902603695,0.4969671414155064,0.9258065304995098,0.9609946388292193,0.007012912356379789,0.0
1.8115177548027184,2.9805828207564273,0.4831298044144926,0.2556508405158606,2.089303112462453,0.8972337646131637,0.004754919404201454,0.0
0.5875710073614621,2.3332966851585666,0.20895524220434986,0.31481357016750733,1.786874404744974,0.9008720079923149,0.003957780038743664,0.0
0.4095890769086236,1.0376650633466356,0.39669408048637,0.4445973987978732,1.635051645033313,0.9150019110452545,0.0020791091364271096,0.0
1.6585467679441497,0.33605941384833854,0.08503131868385816,0.5570680033998757,2.970348776547456,0.8911049879106493,0.0006642166411972814,0.0
1.8354333093764796,1.9789461795141712,0.30866504217035123,0.37362728000193224,1.5102296405593312,0.8834236785010813,0.007037757762921091,0.0
0.7721685345437043,0.8536129191228402,0.15654640503040335,0.3420098225049976,3.3118485860318128,0.9124235042030815,0.0017079757356451431,0.0
0.5557850488356002,0.48909690745242657,0.26904413950530154,0.5828088151610251,1.609280275724981,0.9431955453371235,0.0066756477245879554,0.0
1.4585106344147385,0.31617032191218813,0.02355585104959562,0.6073536666074191,2.303412404017156,0.8819239596503653,0.0030496613190223,0.0
4.639848434487424,2.703577576442073,0.4479237720300328,0.15898186658721783,3.9808949596053584,0.8887685572804477,0.006465078110647127,0.0
0.27904652845303723,2.826427399400463,0.2222116653814469,0.260640502764124,2.1107647958222064,0.932714860126261,0.0013969351160866704,0.0
5.030665945267229,2.7553226524157135,0.41349866140558905,0.19443955996383522,3.0846127731182826,0.9295120965752686,0.0062066840480752335,0.0
0.3590208186567902,1.202687076115189,0.2915251104117691,0.2901767675567638,3.149285751937363,0.872429031384898,0.002481134837318184,0.0
2.1324288910484737,0.957866568815865,0.4425493617781016,0.32389568976069827,3.178686955313223,0.9230124429518022,0.009275059099688619,0.0
1.00345440783794,0.97396988810669,0.3444418876673542,0.46578775205500234,1.5676569159147675,0.879853814581334,0.0005984863756794748,0.0
4.140971771055488,2.1315424382212877,0.3990428844614634,0.1967012358334039,3.5347717869008934,0.8761411848876457,0.008535434551327702,0.0
0.33473597779471936,1.5576207324182552,0.30842808812324934,0.2514324076091277,3.177851784914077,0.9114375241517497,0.0018936090604809877,0.0
0.7158679490972473,0.8177712435402736,0.10761778580761926,0.32662834678960273,3.834556849004218,0.8654406791888665,0.003453853492388593,0.0
0.9383043542573991,2.7770320485934517,0.09409003798266298,0.16370166939881264,3.875454905849428,0.9847518023157804,0.0026507645659355748,0.0
0.7571174290528905,1.7549960088998724,0.07666087791942305,0.2546860060160703,2.871913756214484,0.9273645656754459,0.0037662089878293887,0.0
0.7181642901782725,0.5432477899716557,0.12640503679537282,0.5401967003453233,1.8272733780155277,0.8898089127593938,0.00536052765784406,0.0
1.0458004972315085,2.4348933239857633,0.05817531471350538,0.41973859659681295,1.1804779107311096,0.9775904748645251,0.0022683291326839458,0.0
1.8278721837113479,1.0395414750872223,0.12668836731833666,0.3540509712545387,2.5076408482371835,0.9314169954782996,0.00780981920505283,0.0
0.9776605497778023,0.8342643226031912,0.1990820303232151,0.6567469378836229,0.84960681892508,0.8601037800204698,0.00844770818587332,0.0
0.8409931444545629,1.1750852412169583,0.31593249819863445,0.4818140728373586,1.3066827399042158,0.8678274653221931,0.0012324202888323,0.0
0.6065864080381995,0.22278127577073842,0.2776392593764957,0.8479274199883873,0.6748356408645149,0.8982097068977815,0.004993338599808159,0.0
2.54548098990765,2.914294026939482,0.3206195315889173,0.2994099049789853,1.7262331449490327,0.9023551293862412,0.005540222061107338,0.0
0.6195820878986643,0.6494153828294429,0.1876156957372994,0.6273190776953066,1.07400006890775,0.9218685353175227,0.004294521311263213,0.0
0.4750973666939357,0.11437227178835498,0.3017787805727788,0.8882274656285313,0.5984666590909793,0.9254622219085495,0.006548273364437294,0.0
2.7108917511951507,1.8192751853357068,0.30339254465815213,0.5356298510091773,0.9112525612369514,0.8762212026702253,0.008419428705649462,0.0
1.345198809995774,0.9206612612450729,0.15827430796309772,0.4891610174616945,1.483265412292685,0.8603286996638494,0.009581999994132376,0.0
0.8313443298723372,0.6803873963605689,0.37053051468216297,0.49622204863028113,1.806150291452837,0.9205391722613104,0.008388718126541184,0.0
7.56973666612215,2.4123344514014784,0.37575699435254456,0.22353072271342966,2.734468785498866,0.9571264380096226,0.007068676061239673,0.0
1.0163321940334136,0.33085374259158246,0.19861134075051184,0.7814527480021186,0.8140821981275941,0.8710001721033602,0.0030087907134103303,0.0
3.07638341962802,2.5452349456215457,0.42761409326800226,0.24662034822697543,2.3811691291124433,0.9136633606026041,0.005960557137745558,0.0
1.8915332014736546,2.721253225094023,0.1256708170164967,0.4089957077515218,1.1874057421723716,0.8707271465430308,0.005395473636954873,0.0
1.0e8,1.3201679081905868,0.40657653935463883,0.3918639438059269,2.188299632890138,0.8980864230189304,0.006449032423554947,0.0
1.0e8,0.830171459690938,0.4655471107524366,0.6427000525347351,1.5347087240370152,0.9363561980768803,0.005950357785284464,0.0
1.0245039686139428,0.7859070331692012,0.11268901571208087,0.4180829676707764,2.3620328968033073,0.9252154049260036,0.0016570614157469183,0.0
1.0e8,0.9255392531886033,0.3855584225414186,0.5876268977210181,1.5424266547405134,0.9614553639291195,0.005066468768559338,0.0
1.0378880723883948,2.3027484153995124,0.49433186205526214,0.628480202448878,0.6813575256834271,0.95069838503181,0.003865691111955842,0.0
0.6633084491211063,0.5214365052056208,0.47526089162618723,0.707405074317731,0.8805021108433486,0.8854246955387308,0.0022074821767026865,0.0
1.0e8,2.0637324456237383,0.3741384023157498,0.29573050540076506,2.3769371027196065,0.9318267466382468,0.0071744675151078395,0.0
1.0875559291785228,2.533683556841532,0.3390246968415424,0.6425864661466625,0.6542391132316723,0.9036589248042258,0.004313391386191219,0.0
1.0e8,2.0946940847145,0.11388341340959332,0.30695021818678886,2.186452612423272,0.9329614768701255,0.0059073868150465595,0.0
1.0e8,2.208052273334947,0.38100921925636444,0.2507196831446358,3.0783282115787527,0.8762044697548478,0.005306266728173332,0.0
0.986454950571584,0.22325075875479738,0.0672195536810923,0.6253433410292174,3.358834337566001,0.8508862946724242,0.008516802812107668,0.0
1.0e8,0.9246787857701486,0.3383923274332435,0.6147693614392749,1.4473780633500795,0.95543054714941,0.007230010425253362,0.0
1.0e8,1.6014790512241048,0.4435043355475349,0.4692544222186906,1.22574159674985,0.93251777022264,0.0035654253061706566,0.0
1.0e8,1.3243597426191678,0.3259248928596371,0.381568452977853,2.578049570656959,0.9355207323187376,0.003005627447681753,0.0
1.0e8,1.9813133831795287,0.11692312841883634,0.27689313199847243,2.9890106756175987,0.8879276585005798,0.007403640199664876,0.0
1.0e8,2.652444502788776,0.3146377371371027,0.2601828499842027,2.55084055890475,0.9524922135912244,0.004057228128510276,0.0
0.432105366938933,1.9503190397944623,0.12317838749719856,0.21611957660013037,3.37971496250125,0.8592244286602436,0.004158464498535683,0.0
1.0e8,1.272408515947403,0.26162065824991004,0.7629362496267957,0.6148190715607078,0.9206432966630355,0.0025084565363419215,0.0
1.0e8,1.504356833685486,0.18249030141588263,0.5007139156429143,1.1541131376716298,0.9576455797534478,0.0017347980644618409,0.0
1.0e8,1.0634550561554286,0.371388924845821,0.5155142831590566,2.0756583674822378,0.8743203562163346,0.006469753613195611,0.0
1.0e8,0.9358706716715393,0.2590437630704232,0.575524693651021,2.6539287734898407,0.9103205085330907,0.003659492709259516,0.0
1.0e8,1.3848680866545173,0.3847820295252894,0.35491432610726686,2.9743300314394996,0.8907278740236239,0.006992518784403704,0.0
1.0e8,2.4814855270249283,0.26640253302975125,0.3055506347177037,1.9437130538778982,0.8714809029022842,0.0029697206871954667,0.0
1.0e8,0.9058788182117434,0.3985257689752124,0.746020268765147,0.7226272071562568,0.9089903066137471,0.0032803203363631476,0.0
1.0e8,1.2350372294057868,0.4676107823275089,0.4246320791436261,2.4282855706517648,0.9288326347977026,0.004825590068138835,0.0
0.5751413478254671,2.381895384493824,0.28928292028307967,0.5368213327961241,0.8477365701736226,0.899122709424555,0.0034501022793465975,0.0
1.0e8,1.8736078888163528,0.2162420335916893,0.425931032450761,1.324070037823691,0.9244704314164198,0.007667745099044638,0.0
1.2875249940930118,0.9956832488628854,0.43158989270700204,0.28642127614512686,3.8395617517783096,0.9559315123154836,0.006148977971288693,0.0
1.0e8,1.744115794693149,0.18947925321947892,0.3020047413087683,2.9921699349414235,0.9338291471969791,0.007665601986169538,0.0
1.0e8,2.3324912871140975,0.2076960086423344,0.3180740091282587,1.9072260176017912,0.8797710201596629,0.0014779567542249662,0.0
1.0e8,1.4752159048915292,0.42026381546847663,0.368084142618132,2.4311785068270426,0.894888747299059,0.0016958198468802225,0.0
0.5488312284549941,0.4322945137067736,0.2431406018541519,0.6523801772002146,1.2778932664413116,0.9084573237595548,0.007335337640361074,0.0
1.058888491213612,0.1793965840517344,0.04729272369602408,0.6555099677340579,3.818523638031539,0.8820066693577113,0.007311842300413954,0.0
1.0e8,1.011122133885041,0.19218557921239493,0.5751640962135303,2.2506592183996235,0.9012155895380056,0.004543187978842442,0.0
2.679007404461681,2.5200276725399573,0.47297124476285646,0.3680722157258287,1.3898627549461053,0.9147835733875663,0.00600358810318037,0.0
0.6852355331285722,2.496283034145996,0.24430133035453733,0.4037780975332895,1.2359757081524105,0.9398958647619113,0.0032297406190308006,0.0
1.0e8,1.489337497564895,0.3811298632217429,0.3534215709129605,2.800697858242594,0.8776622236861693,0.0013956174657169017,0.0
1.6798821075266872,2.3279732969243287,0.31058612556965454,0.38816824898961944,1.3362396400233556,0.9308694324578047,0.005027374027192385,0.0
1.0e8,2.7001073150392267,0.33655152770654173,0.3379125798104087,1.6102331704725983,0.928956292321627,0.003911681221757956,0.0
1.0e8,1.5507479009045522,0.21075127018380826,0.3924275696188174,1.958692073163081,0.8763497179732579,0.005599981869935238,0.0
1.0e8,1.1836185899794818,0.13563823634956132,0.5418603437398228,1.6627600277434569,0.9200289911923504,0.002469412473169729,0.0
1.0e8,2.383756596879577,0.45369345729534133,0.29662908729435733,2.1970255470332525,0.8701207279104367,0.007210472700336574,0.0
1.0e8,1.2454056063689616,0.23447444108138144,0.6279080421665136,0.9662655136511245,0.8982964401735876,0.001732675228062891,0.0
1.0e8,1.8157138972058742,0.3056957788533159,0.3060511035849395,2.808038003536221,0.910594607191352,0.005628317009793005,0.0
1.0e8,1.6496292518814157,0.13277881439939973,0.35205279433902636,2.4615980657505503,0.8926092260843026,0.0052419278622731795,0.0
1.0e8,2.400084662770476,0.43807485004749513,0.322909621962147,1.8415429920759223,0.9549048281030355,0.0023675548022872475,0.0
1.0e8,1.0623709157045937,0.3286436206724025,0.5711689330134154,2.6393796862295864,0.8717623634741072,0.0063132805830635515,0.0
1.2861993851904983,2.492751668972985,0.4347498873500256,0.3681030401179164,1.3960092547793508,0.8865736120359881,0.0053889807910605155,0.0
1.0e8,1.1731775394881896,0.27136022610340466,0.49224690191675,2.6226811884104775,0.875867638382992,0.003769400680650622,0.0
1.0e8,1.3967347134810026,0.14677322280842137,0.4788815100066838,1.5190375892975247,0.8711442047579602,0.007169075239006985,0.0
1.0e8,1.1290309614837437,0.39927448242107716,0.5162044891840802,2.8558293853229926,0.8702940680934954,0.0063430824998562535,0.0
0.9599922028996171,0.802238650336877,0.09677244464718707,0.6042792089210988,1.0365495120119808,0.8686060093180535,0.006680017822261667,0.0
1.0e8,1.489945810493917,0.1797769574912511,0.3883312477760744,2.3202848361015738,0.8772367465902928,0.004447634978800896,0.0
1.0e8,1.7877182383594805,0.32190994557051306,0.36966296707843305,1.9062521606313085,0.9144233746045423,0.005525162145899352,0.0
1.0e8,1.055407408644769,0.289985365767104,0.6214258941987205,1.7908180479237752,0.9404056720035262,0.003970162409780911,0.0
1.0e8,1.536916624324365,0.2947222147521362,0.3836391734838194,2.2466622220832697,0.9044376106220128,0.004931540355473579,0.0
1.0e8,1.5441722429608125,0.309407796770231,0.4241669470157361,1.7567754783295795,0.8938725956839955,0.0015996583323171318,0.0
1.0e8,1.6150891416097635,0.44491240502949847,0.3772956536317834,2.0796665535774372,0.934153782809866,0.006647751364668682,0.0
1.0e8,1.8941036431439549,0.3361770300730758,0.44922356700410726,1.2228966969066852,0.8925452003479941,0.00479342297905813,0.0
1.0e8,1.349548657062464,0.35549283498425277,0.6688273279595245,0.8001672977846821,0.8945427823262507,0.0026702711072270346,0.0
1.0e8,2.2595977630242494,0.41817604347475335,0.2736932043576267,2.8893411234441317,0.9301043645587979,0.006066144858339966,0.0
6.282218208818035,1.4676951546913306,0.41623584831980387,0.46364280460769475,1.204827850966864,0.9560454620513602,0.00866401935549432,0.0
0.46292073518815435,2.98829846097498,0.43249716850014386,0.5483465297516362,0.7846013770748185,0.8534377818555053,0.0034699562659358,0.0
1.0e8,1.853718027680261,0.35449389445907414,0.4056914503095737,1.5449592469652322,0.8744326974449987,0.0017623407695632194,0.0
1.0e8,2.3400461702274153,0.4190052099985151,0.3108497640590201,2.111655322749727,0.9109093516359694,0.0012967738417744266,0.0
0.8884217606141912,0.9198195488473943,0.07495791736441428,0.4608931142325772,1.6761936790896015,0.8807574625522794,0.004276263032164718,0.0
1.0e8,1.7126374000118316,0.3783327442940158,0.33267026844396075,2.771488626650211,0.8701570864137671,0.006141933758526136,0.0
1.0e8,1.224747493955062,0.4384318562067543,0.5474790097290024,1.7794601273320938,0.9292812470430136,0.006185912515082921,0.0
0.5122401524482189,2.3040206800560856,0.28041879208816706,0.510406033435344,0.9164725517166926,0.87116673333066,0.003504597444710835,0.0
1.0e8,1.1457810963577628,0.2668550627823732,0.5986780681117079,2.016836523852664,0.9188981855152214,0.00414094361586518,0.0
1.0e8,1.714174580250163,0.41234669421711745,0.3827699007967693,1.901480694968917,0.8698971164275568,0.0012430114797344141,0.0
1.0e8,2.237493862951385,0.3652731482526669,0.3615146704804595,1.6397269203535487,0.8878143747782297,0.004040178398958989,0.0
1.0e8,1.1121010164257725,0.39100866049689686,0.6281139808387294,2.037697413876788,0.9382084203400434,0.0026720516150064784,0.0
1.0e8,1.571889745405013,0.34014662570276005,0.40878660907556374,1.979023870633115,0.9261255272397373,0.005002844387804759,0.0
1.0e8,1.33633124760768,0.404467519836266,0.552040941168853,1.2662467802907051,0.9189334361671598,0.0037055348622332326,0.0
1.0e8,1.1399936194127074,0.33177420438246086,0.6829254348181459,1.104178364402657,0.9275166396754015,0.005815859534052329,0.0
1.0e8,1.3675563032481222,0.3240334934406509,0.6650883912092461,0.784054947705886,0.9290333377242712,0.005594986116220668,0.0
1.0e8,1.1238559612991699,0.43589129891273704,0.6751558240271744,1.5062709883322785,0.9183864251005108,0.0037382700643984793,0.0
1.0e8,1.4424318476824651,0.1785484152596343,0.4829652629318517,1.6972574050846267,0.8995715940494613,0.00169587394634267,0.0
1.0e8,1.6094794664227967,0.3586223887503099,0.6062293285044325,0.847403607641269,0.9427034354011494,0.0029615196756600883,0.0
1.1774660057260424,2.4652179990827787,0.22088831044018614,0.39227379433970977,1.2941418902067083,0.9204092682165738,0.004325682218235509,0.0
1.0e8,2.9499932285556945,0.26298606447614303,0.33401736359503187,1.61561250372366,0.8934394826294085,0.004085749589345325,0.0
1.0e8,1.4719920312288404,0.35399945344026357,0.43822620320932515,2.0682232536322243,0.8831964979461537,0.006323141315592488,0.0
1.0e8,1.622726097686329,0.1658479148154524,0.5233547607359275,1.0796631320217696,0.9302086185313145,0.002423519492531127,0.0
1.0e8,1.3017113154893054,0.34015924032419725,0.5249399373630155,1.824651805936627,0.9228588022334134,0.005457763575057335,0.0
1.0e8,2.831770851218712,0.37262244290448376,0.31891523502765445,1.770023153108311,0.9111691635172152,0.002627157737257472,0.0
1.0e8,1.6990863805205665,0.17748771418674136,0.4201236828112904,1.6980858130214749,0.8984699176943444,0.0013217800402948261,0.0
1.0e8,2.1208341133711572,0.23512218490915307,0.3175920506865101,2.3160091710523343,0.9110492062119714,0.005009287312022184,0.0
1.0e8,2.9689327579703626,0.44809831147280615,0.5321700109701428,0.8459515749245731,0.9203823629735629,0.0036587320791588297,0.0
1.0e8,1.9241960280926103,0.33208609259442684,0.393314292104165,1.5866096511741277,0.8866159968591352,0.001325562338991008,0.0
1.0e8,2.060724010631329,0.3528225111402873,0.2962056524414522,2.889430771238871,0.9211648945708559,0.0024447690827328846,0.0
1.0e8,2.7678972323264803,0.4028907588251288,0.26255526143197916,2.8538917228559813,0.9302630121882363,0.0022473798700454986,0.0
1.4454095417292765,2.350459411840562,0.33143302922548096,0.4593187977879369,1.056960911133333,0.8731186842755537,0.005886044350586579,0.0
1.0e8,1.6748936931969194,0.3300689833695278,0.4307265719413894,1.5896167976836109,0.914663326980022,0.0029001102783336986,0.0
1.0e8,2.1673462382843054,0.4677650659542012,0.29858510478422773,2.5760646006193277,0.910019912934307,0.001971497231938877,0.0
1.0e8,2.3351602599557513,0.20532072331923562,0.32187631109422177,2.087755471941324,0.8843204944715791,0.0016783731789176207,0.0
1.0e8,2.0841421776435545,0.3084759714579889,0.3433376597628136,1.9925237943781704,0.9176248350576321,0.006893281975757139,0.0
0.7552199940748805,2.381054731156146,0.3204783760469644,0.20300096982767496,3.184136785896503,0.9207659462508969,0.004034820277669732,0.0
1.0e8,1.4475221626336596,0.2382988901988847,0.523905218215037,1.3328689952611286,0.8908501679085529,0.004651800500324625,0.0
1.0e8,1.5477263406209572,0.43016541445064077,0.4214318154611528,2.030897154037069,0.8732345434014828,0.0027462603750750348,0.0
0.2295025447280689,0.9955991881961203,0.3010837113740916,0.3378289550071882,2.865729678292578,0.9224368928681195,0.0028593913886368937,0.0
1.0e8,1.5686227512769437,0.4342592803127112,0.6725614273857621,0.7356438735908155,0.8888988683413784,0.0028661144905615123,0.0
1.0e8,1.6652214701974837,0.21492042688398494,0.40761963776428595,1.8641362668496761,0.942230828395692,0.003988690190524169,0.0
1.0e8,1.8664609739237994,0.14115646233307536,0.2844253156947752,2.5585251420745596,0.9226916619821791,0.005799316836522155,0.0
1.0e8,0.5534213365077741,0.15791200143961642,0.4793285441379117,3.270783071319965,0.9299707667154344,0.001560549960708998,0.0
1.0e8,2.0763054815249866,0.22952946631888477,0.42811817812463365,1.6920725676502921,0.8987899834837034,0.0015903327822487253,0.0
1.0e8,0.6308235634073396,0.25870978356673774,0.4506405628614395,2.7294262705440526,0.9256949114447136,0.004119144146328036,0.0
1.0e8,1.3996865136573542,0.2611807898474882,0.4166063439657659,1.8235339977818752,0.9325266339783025,0.005806166528599289,0.0
0.4722616643747457,2.929854620741544,0.28230885751852763,0.4494755150843501,1.0244035895287504,0.8890267787316052,0.001707452690453059,0.0
1.0e8,0.7736536419064394,0.34301015441704175,0.4635055412690945,2.053224877433481,0.9232335466894964,0.007100929078000291,0.0
1.0633132184594953,0.4364644585641218,0.0381981640538103,0.45957087149814624,3.9095064424598087,0.9194368370047922,0.004010765979420627,0.0
0.25041322910509817,2.8909717753089845,0.42937474572834483,0.48078865779780827,0.9377454606695628,0.894414822615357,0.0023499625394273593,0.0
1.0e8,1.4131407500770479,0.1796544675713793,0.4184028821421266,1.8465684522074053,0.8880669310146465,0.00449291531803525,0.0
0.2902621050469977,1.4362817769708158,0.18982069947504154,0.25566965603744163,3.330788990938425,0.9105497930915787,0.002411420860774306,0.0
1.0e8,0.790224612834282,0.22610315853424023,0.6219430130086152,1.511031314671227,0.9016037442275328,0.004239657182967373,0.0
0.4311518081339066,1.0570372549344313,0.15949904164786782,0.3040771426441082,3.305487493106203,0.9473434579846216,0.004380022712377948,0.0
1.0e8,1.7102410454485621,0.20206637879276396,0.3094691883805838,2.375355390949797,0.9044425500968356,0.004854637874993302,0.0
1.0e8,0.551078448314527,0.31589783163321733,0.559470997444434,1.9860333053044656,0.9072869036510827,0.005406391694130463,0.0
1.0e8,0.5357224775643298,0.23273258822827336,0.5369931825172011,2.432937224143603,0.9068954334615642,0.0033413141793339706,0.0
0.22399559291269247,1.0409529640379542,0.2500821629143467,0.3436806105275986,2.6606545362062923,0.8882948417620877,0.004375454243526937,0.0
1.0e8,0.5459408865530228,0.18810496754906475,0.5586424701293122,2.3275995531685716,0.9437943859351778,0.0018917634046320205,0.0
1.0e8,0.5264966494027321,0.38413224773477367,0.5887295455170953,2.3840163751493275,0.8709858858993882,0.002777810717929108,0.0
1.0e8,1.2205713672686693,0.31432095260950516,0.4233040531725668,1.7989658152648254,0.909937730280082,0.003837919373382048,0.0
1.0e8,0.5022514915417023,0.15827908163669313,0.6239332281855556,1.696339178605165,0.9331652125526294,0.007469088387352735,0.0
1.0e8,1.0730402300626314,0.23887386511576525,0.558568358882761,1.4948668413304538,0.9093786261904364,0.0023605411923255217,0.0
0.15480017382682096,0.9298458110920975,0.31248714811240136,0.3237926154074797,3.3327911266442762,0.936453683210274,0.003954695673369003,0.0
1.0e8,1.0443075689211012,0.2423703227750253,0.44653145203068,2.0371358151379937,0.9000911245717926,0.002868748721274612,0.0
0.6107773026886116,0.6950294654855476,0.44932449980113154,0.45633353611246835,2.15812800696847,0.8845202802573341,0.002107059486015935,0.0
1.1319359143326508,1.1755411951016137,0.04759083978256031,0.2565770622117907,3.9898914213092813,0.9749275609599091,0.004198900185969798,0.0
1.0e8,1.51419305081592,0.160726476148955,0.2566488457576317,3.46345971580062,0.8880536098273033,0.0025410614174084575,0.0
0.17652536195869997,1.0218541135039823,0.2927166418247937,0.3545583887531035,2.547991678655402,0.9256781187321177,0.003498994820607857,0.0
0.1896518584720834,0.998228073377169,0.253034679622015,0.31935576274502553,3.187906640588611,0.9107892510873813,0.0036516265010911203,0.0
1.0e8,0.5363766144850411,0.1815744221811981,0.647050325838665,1.714153298238527,0.9118554353172994,0.007323165047591595,0.0
1.0e8,1.8767471569195702,0.4128528660947251,0.5133365849107178,1.7790172669575535,0.8910120239366681,0.007268751553533898,0.0
1.0e8,1.591269774479884,0.2857272063028343,0.372134185611781,2.1567380936019687,0.9319503479146347,0.005118637851559001,0.0
1.0e8,1.3787175078490599,0.2738328457897503,0.37252178115060036,2.2558420224257443,0.8906146066853733,0.002797678792776314,0.0
1.0e8,1.3856729994573747,0.37774066638519826,0.3813298702263213,2.2047559257218925,0.946001775610289,0.0021342034937364193,0.0
1.0e8,0.5477113209816191,0.31392594713525745,0.5005247177290313,2.6572106858034514,0.9500083637111018,0.002776350990983158,0.0
1.0e8,0.47945293980435083,0.3030526104409773,0.5987289840998703,2.0495246843612467,0.9472788876768174,0.006302469972905339,0.0
1.0e8,1.477506075996021,0.3447439175185135,0.26949888694474455,3.262054431871385,0.9211521141087733,0.004393543693872771,0.0
1.0e8,0.5047649985238885,0.2590829714577103,0.5376261279136354,3.104066605210371,0.9264844675738579,0.003939115301541386,0.0
1.0e8,0.635165849438134,0.24131595430923458,0.5326158517005013,2.1018196459966045,0.9012737457184485,0.006712116819141403,0.0
0.30471238247297294,1.0509505753839379,0.27452863460607946,0.345655619949296,2.613529719625066,0.8785973658135977,0.005960517231924578,0.0
1.0e8,0.6096197380869515,0.16961282959900958,0.47507770231419566,2.662257117177716,0.9234433851662571,0.005925719333308954,0.0
0.4379196371303725,1.1813855200362606,0.1927855463876428,0.3403789225091882,2.43048651312555,0.9018036881153366,0.002648590025801472,0.0
1.0e8,1.7545397785946228,0.33135646006152264,0.2780418140645857,2.8316207725668647,0.9209990589759269,0.0034050256674702964,0.0
1.0e8,1.330365491960238,0.18627140300418918,0.39200220348728254,2.197799507997173,0.925921076798585,0.0030270931568244855,0.0
1.0e8,1.7036119779223484,0.23372480968074238,0.29350619049348414,2.6924558328550283,0.9064012268895593,0.005461456007862214,0.0
1.0e8,1.8322055531052004,0.18655388648474164,0.2981918060235015,2.6373334385967864,0.9559481797325311,0.002144109026651101,0.0
1.0e8,0.48412726885307206,0.30989203733386295,0.556524018624976,2.8009085683487216,0.9464277827227625,0.003439272528933626,0.0
0.7209519884125061,0.5335423311584131,0.18155972807862578,0.740032662264261,0.7738581097733697,0.9552548395362275,0.003408534166453443,0.0
0.2978136618452283,1.0305064793370056,0.18237907495830671,0.30167501846700623,3.449403166479695,0.8877742325042673,0.00491035979601357,0.0
0.15426676719286006,0.9029718684830975,0.31842223593015045,0.32522839516036456,3.4135477210892256,0.957185764483758,0.003245187361496722,0.0
1.0e8,0.487860500255224,0.376845572210483,0.5709246873114875,2.9557124437555906,0.9372167335647739,0.004725638081316969,0.0
1.0e8,1.104905108782207,0.17902574183401568,0.4069236622562894,2.2325358870514926,0.9746651842875107,0.0024035159424915338,0.0
1.0e8,1.0004987428509255,0.3840139382333036,0.6107876707516371,1.8079482711778871,0.9558570118571723,0.002864848155105653,0.0
1.0e8,1.9334729468045007,0.2063806210929932,0.30148766419317297,2.6105032351435593,0.9367267735707988,0.0020699086759370148,0.0
1.0e8,0.499230481737535,0.21536232770720493,0.5263175848742512,2.9564116259158837,0.9227691930540475,0.003271961346225017,0.0
1.0e8,1.5639706641748168,0.1924560729295862,0.5104258630682077,1.9083844790518771,0.933167729268736,0.0038927966016877947,0.0
1.0e8,1.5170620945612492,0.39858984112856205,0.36812401005865225,2.2882121121501195,0.9180695415292797,0.005797192844617212,0.0
1.0e8,0.6450558455632855,0.389244538330068,0.6232639922547313,1.8290320395549136,0.9313898581587897,0.0017805387393776656,0.0
0.2684942533903775,0.7823965164815427,0.30186708138630913,0.40371504611109177,2.5428283604670043,0.9113852391864524,0.005844874143987566,0.0
1.0e8,0.9047979166577134,0.39143897600413524,0.421907420134663,2.305483153496856,0.9543136123181236,0.0023675549207207215,0.0
1.0e8,0.5369942359810198,0.35394940009850295,0.4888222820298011,3.1122546992792315,0.9166841728174371,0.0022415302185993867,0.0
0.5779621484226196,0.5669787248982706,0.37748728820963107,0.6636181920397844,0.9974001625374633,0.9415307246232261,0.006841122727647298,0.0
1.0e8,0.8287498186671013,0.3952335988075789,0.42481041716075985,2.3786858711679257,0.943493353620189,0.0058531202187854185,0.0
1.0e8,0.7472846797628381,0.3162284853645757,0.5208436270684198,2.039730779355197,0.9339017578945545,0.0055228401564107596,0.0
0.36450736967297553,0.7627117612799483,0.19208861715588096,0.36353567810981846,3.2991852439028353,0.9481280558060359,0.004744948821703157,0.0
0.6366333433284974,1.0042546552003857,0.17384684676490933,0.31133900908234113,3.3429266073140442,0.9480740590714264,0.005293394468829782,0.0
0.39974969391895976,0.7298522179207154,0.334383612484355,0.3791355260009733,3.1559246915783046,0.9196793852157316,0.002394354355180613,0.0
1.0e8,0.5147706794726217,0.3214279087250009,0.5578047361984723,2.240074592147434,0.937994819123113,0.002788091616277607,0.0
0.2805992400396058,1.91157065562291,0.33359125324497474,0.2147107292149,3.418296190724911,0.9406495740373116,0.0022377386721562946,0.0
0.4188855729979902,0.999270343315091,0.22637665274425786,0.3105662067460523,3.35471034306158,0.9391017398482425,0.0053240771322961645,0.0
0.17337036045541163,0.909273620295528,0.2611727801472482,0.3381749700341661,3.147126658178252,0.944180992610957,0.0034059645092436573,0.0
1.0e8,0.5625001395733018,0.1621285794988561,0.4987496565136403,2.6954807722298266,0.9489028655095118,0.006530190353574683,0.0
1.0e8,0.4855587861563152,0.1714055461798183,0.5538778009727537,3.6445613947147306,0.965876565003598,0.002359802843693776,0.0
1.0e8,0.5214018939736037,0.37636598687459943,0.5430551826479938,2.8577677128723815,0.9169766689496668,0.0019953916752850536,0.0
1.0e8,1.0326681994641314,0.21641677253404223,0.4564009155581876,2.1500117029126207,0.9405565319503495,0.002173069583325215,0.0
1.0e8,0.5516092989142397,0.19047957277870256,0.5721883927531936,2.199393755207388,0.9206375885913154,0.0036599695531173934,0.0
1.0e8,0.5154606886875477,0.15376261748950204,0.5302577480714638,2.832230493539906,0.9349182788941732,0.004510419176821189,0.0
1.0e8,0.5107376546986847,0.1706249938341986,0.6020199839777837,2.1010921451116946,0.9024266721014206,0.005453046300322329,0.0
0.3759365992263242,1.103346108376944,0.38858436181352596,0.28961914968251895,3.4122118124984557,0.9024520412915491,0.003053212963909667,0.0
1.0e8,1.2329828107866803,0.17772086283361152,0.283907120857548,3.4479964567159427,0.9055753695138775,0.0026831798083336096,0.0
1.0e8,0.5857843386139616,0.28204788302937334,0.516164154079769,2.482482503088903,0.9052294856548262,0.0024270781731560278,0.0
1.0e8,0.5867219268854981,0.27290099175208027,0.4909993734234914,2.6381228835672617,0.9387062086741658,0.0033936098198228603,0.0
3.5992343579191233,2.936679048393535,0.44251634983703764,0.1819344006757867,3.2315224374285956,0.8589996272913751,0.006456782043545085,0.0
0.3197479142330746,0.8426544147206543,0.37321501955083874,0.34427576322696596,3.2759069279973545,0.9025001054612655,0.006111399487062727,0.0
1.0e8,0.5300114360782174,0.3045176756008675,0.5690025213156181,2.3051437405409216,0.9758739053511707,0.001966015241836118,0.0
1.0e8,0.5110631337707467,0.24171964639638938,0.5423900424924906,2.7588843807730044,0.9091642777418223,0.004840849466226127,0.0
1.0e8,0.6467693279805324,0.2695913421344794,0.4048089033573714,3.5218771797522326,0.9320817330687525,0.0028783669302694798,0.0
1.0e8,1.8038069136120474,0.23337941724201677,0.2554483861846919,3.407071601575981,0.9144794207793214,0.002895155392748508,0.0
1.0e8,0.6761305377932634,0.23424044514817427,0.5581360283459895,2.0244139588301366,0.9460398760890305,0.004073858035576848,0.0
1.0e8,0.5951204409295716,0.22220997590944955,0.4471843806027418,3.3780375819069253,0.9572289411131534,0.004641871413693132,0.0
1.0e8,0.5016968439834523,0.2193874923269196,0.5943979460674327,2.0610357232884366,0.9217171706700643,0.00508066934857862,0.0
1.0e8,1.6683923377157435,0.35996010552048596,0.257780326555831,3.388547217433322,0.9613731654909256,0.0019134782665130216,0.0
1.0e8,0.5246675035840297,0.33956526649203367,0.5431610103948081,2.69522403846336,0.9566236889555109,0.001897073416980138,0.0
1.0e8,1.9216387579527108,0.1780739128191312,0.47864911107986574,2.032607418183156,0.939029819787589,0.0022963685607704175,0.0
2.94067151025548,2.9838351338102624,0.48590177784339034,0.3405381487101735,1.4514081162161527,0.9049726584930292,0.00568279557156024,0.0
1.0e8,0.6244801664192832,0.29448512766966506,0.5766549538057683,2.0441739154762533,0.928125726785336,0.0033866126931995327,0.0
0.30035063227232023,0.9962258812051962,0.20241938004220902,0.3450216187064411,2.76207347335413,0.9212377982511978,0.0034838232345389642,0.0
1.0e8,1.0092546819865507,0.37841892962936435,0.5028313904580523,2.0648733299146795,0.9050783341903506,0.002074646239492217,0.0
0.22389225228605739,0.8059292381692227,0.23779225856627428,0.35687301326423615,3.2317069977399373,0.9609409235375809,0.0032055678341142593,0.0
1.0e8,0.5594257437301914,0.23178949693112078,0.5550106237229219,2.2740761080806684,0.9301447233240857,0.004698195391562064,0.0
1.0e8,0.5144731935045102,0.3985321317337473,0.5338771758302998,3.6767868798315457,0.9263876846164708,0.005800344697448964,0.0
1.0e8,0.6794073086148656,0.20548030471088974,0.4776215712327322,2.444797033738979,0.9124141061890955,0.005085225255456096,0.0
1.0e8,0.8095228384345522,0.28632558189619334,0.47720745992358105,2.19297301830704,0.9420830563358888,0.0031939810997208395,0.0
1.0e8,1.5802116586637347,0.3367891839440629,0.3448129666157953,2.447579235922551,0.950460508422774,0.0034478272522574242,0.0
1.0e8,0.6802658775814598,0.17762916708217258,0.4254364648957464,2.8936345162264234,0.9084688229326039,0.003165317232153121,0.0
0.34155406162635665,0.8396690914994773,0.3485213059063567,0.3471553403942258,3.2471886225079647,0.9131110179568767,0.002692923316668118,0.0
1.0e8,1.6822050283893448,0.21723515592304346,0.2968249830455644,2.803583043635313,0.9051016917615076,0.005943801360552673,0.0
1.0e8,1.2553305404945279,0.24391358399090193,0.4337435705140561,2.1987579118359615,0.905891290446599,0.00230277763905513,0.0
1.0e8,1.7621506151437214,0.19431729137935677,0.32407338043868716,2.5490759091972146,0.919817708362221,0.002785264376826648,0.0
1.0e8,0.5813122076603646,0.17290877403905489,0.5592935904070666,2.154326254034213,0.9235384745217216,0.004286791736418001,0.0
0.3004020596203527,0.39377047645766444,0.4899381748517924,0.5395037885080332,2.600929555803064,0.929132143040544,0.0042860622514803385,0.0
1.0e8,0.5872802560540552,0.2843013373412514,0.45999603906741826,3.258021308559531,0.9070934611338533,0.006063379407684308,0.0
1.0e8,1.0777177540449832,0.2679913389210864,0.37494985005709563,2.5075275583437167,0.921248583059239,0.005447460429249144,0.0
1.0e8,1.6306885574673542,0.3172928113021128,0.322466973829056,2.6077596752398526,0.9653974373866212,0.0020171420268106388,0.0
1.0e8,0.8646734775997866,0.33634965675829825,0.5733501929120595,2.009810269726515,0.9335336564197887,0.005712605089183491,0.0
1.0e8,0.6102499678370827,0.31980739869901675,0.44680213836462823,3.453341681260478,0.9152465008509816,0.003592270420238512,0.0
1.0e8,0.6051193554025788,0.19550973692565257,0.5068654217678945,2.4633684821657766,0.9156633159939143,0.004463675588714191,0.0
0.21945173487691177,1.0867798747240445,0.2676885292196197,0.29913728292665825,3.2926652310180167,0.9136987416083984,0.004939317772333978,0.0
1.0e8,0.7211269854165765,0.3148862635291417,0.4559773660453242,2.4590759302937677,0.915179735726202,0.0022247850087466956,0.0
1.0173782708253198,2.37166176883991,0.3880239248741571,0.1925880916756641,3.3941827220250187,0.9401798635388963,0.003405397292938714,0.0
